427.093
649.587
861.226
1048.53
1224.65
1399.7
1575.57
1719.44
1891.58
2116.34
2304.48
2489.87
2675.27
2867.93
3080.57
3285.28
3483.4
3641.51
3815.54
4022.7
4317.25
4560.9
4709.78
4796.08
4908.89
5011.32
5125.79
5307.77
5476.75
5629.96
5759.56
5840.96
5855.94
5760.35
5718.68
5737.08
5751.81
5718.39
5658.29
5481.72
5170.34
4818.18
4419.24
4012.01
3634.23
3334.28
3028.14
2676.32
2381.33
2141.33
1918.26
1696.03
1554.08
1421.87
1181.31
940.575
805.022
500.516
8.27122
-437.732
-842.332
-1303.88
-1732.17
-2037.75
-2284.57
-2546.03
-2752.62
-2897.72
-2958.03
-2959.19
-2949.07
-2966.53
-3020.19
-3129.46
-3153.18
-3164.62
-3192.43
-3231.31
-3229.95
-3284.99
-3390.14
-3502.59
-3583.25
-3616.16
-3634.88
-3632.56
-3600
-3554.07
-3534.44
-3512.52
-3472.41
-3466.37
-3473.21
-3416.92
-3424.56
-3479.14
-3500.11
-3560.97
-3616.81
-3589.22
-3586.78
-3631.18
-3632.26
-3573.16
-3574.48
-3601.21
-3558.14
-3591.1
-3755.03
-3817
-3801.5
-3809.27
-3788.4
-3706.55
-3666.2
-3581.71
-3352.67
-3073.44
-2844.07
-2655.52
-2457.02
-2231.59
-2006.57
-1759.53
-1446.51
-1107.68
-791.145
-423.107
-79.7618
236.82
679.369
1054.82
1387.18
1694.18
1971.93
2244.08
2541.66
2790.86
2984.58
3187.54
3343.12
3434.6
3533.04
3619.43
3771.68
3962.79
4200.26
4365.9
4516.45
4808.5
5083.16
5270.78
5446.06
5583.65
5703.93
5792.95
5762.28
5800.51
5819.54
5483.43
4896.06
4363.86
4002.95
3804.55
3689.28
3626.69
3496.66
3388.25
3253.83
3002.78
2774.95
2644.34
2558.71
2499.24
2495.51
2519.18
2533.63
2490.47
2303.5
2010.6
1666.11
1283.36
860.45
363.61
-152.006
-506.085
-829.483
-1132.14
-1367.77
-1666.98
-2037.08
-2340.76
-2601.68
-2773.11
-2866.38
-3039.29
-3261.1
-3446.68
-3558.91
-3571.43
-3531.04
-3493.35
-3493.07
-3549
-3632.61
-3700.5
-3751.54
-3812.48
-3830.7
-3852.2
-3894.62
-3919.73
-3939.57
-4015.39
-4054.77
-4120.73
-4243.51
-4253.3
-4304.81
-4428.05
-4431.37
-4436.77
-4481.9
-4391.95
-4322.22
-4335.24
-4246.67
-4105.34
-4061.47
-3997.95
-3826.74
-3673.23
-3497.24
-3292.23
-3087.79
-2865.16
-2658.12
-2533.44
-2384.44
-2160.02
-1922.47
-1678.04
-1456.83
-1271.74
-1054.21
-789.512
-480.455
-161.541
148.061
473.082
731.027
1033.14
1320.35
1568.02
1807.31
2107.79
2404.66
2690.38
3020.94
3342.78
3687.63
4057.77
4413.81
4768.37
5138.09
5466.56
5792.14
6023.5
6188.21
6351.88
6323.75
6176.95
6015.72
5963.5
5981.29
5858.68
5552.36
5384.88
5226.46
4981.02
4874.42
4836.46
4645.35
4421.48
4163.58
3720.44
3318.52
3119.79
3041.63
2970.74
2885.51
2825.73
2671.95
2339.39
1971.95
1653.83
1219.13
759.738
305.468
-192.294
-658.054
-1121.33
-1541.54
-1917.55
-2318.08
-2609.62
-2859.84
-3137.47
-3368.88
-3594.25
-3736.33
-3785.57
-3802.25
-3789.56
-3804.79
-3896.4
-3964.34
-4001.42
-4100.91
-4175.54
-4233.12
-4272.64
-4273.84
-4273.47
-4296.43
-4296.46
-4348.15
-4393.32
-4346.17
-4361.27
-4359.63
-4347.27
-4430.91
-4458.37
-4465.59
-4540.43
-4535.9
-4562.59
-4598.47
-4447.98
-4282.2
-4276.61
-4256.94
-4220.08
-4226.6
-4141.29
-3973.17
-3764.36
-3447.6
-3084.59
-2847.69
-2688
-2465.38
-2081.72
-1649.72
-1261.94
-871.444
-474.545
-104.066
231.485
591.902
936.651
1281.99
1626.15
1950.77
2221.14
2526.22
2751.21
2937.72
3179.94
3440.51
3762.04
4151.35
4578.85
4951.04
5291.13
5599.91
5970.61
6364.8
6678.65
6906
7025.69
7125.95
7222.24
7106.26
6937.25
6696.02
6318.64
6016.57
5641.38
5254.33
5007.78
4732.21
4354.11
4093.13
3789.33
3572.41
3509.34
3394.62
3130.84
2756.51
2567.64
2427.02
2045.1
1659.73
1347.83
1021.79
601.323
21.3787
-628.225
-1251.17
-1714.14
-2035.62
-2358.68
-2709.2
-2911.45
-3084.63
-3200.93
-3217.61
-3385.52
-3581.87
-3728.17
-3887.54
-3948.1
-4013.14
-4105.92
-4216.37
-4358.19
-4443.76
-4423.01
-4426.52
-4378.74
-4373.91
-4379.43
-4341.95
-4349.72
-4339.85
-4319.91
-4408.18
-4390.66
-4425.13
-4460.59
-4421.64
-4465.39
-4481.92
-4380.64
-4372.68
-4312.84
-4201.5
-4265.94
-4298.24
-4227.13
-4227.96
-4120.52
-3880.78
-3661.45
-3422.15
-3182
-2997.75
-2898.24
-2710.43
-2404.87
-2014.47
-1621.74
-1213.14
-810.828
-403.31
-32.7692
392.033
831.545
1264.46
1639.33
1935.66
2250.56
2553.4
2835.92
3200.86
3561.22
3920.27
4328.47
4675.47
4956.12
5267.68
5626.41
5989.94
6338.59
6676.56
6913.82
7073.45
7112.42
7087.72
7030.32
6910.6
6737.04
6396.95
6025.43
5657.58
-4543.18
-4497.03
-4437.76
-4396.48
-4398.78
-4428.7
-4470.16
-4496.98
-4582.33
-4633.56
-4692.15
-4760.15
-4742.34
-4723.31
-4707.06
-4606.38
-4624.07
-4593.41
-4390.6
-4272.12
-4299.85
-4373.55
-4342.19
-4085.03
-3766.55
-3537.77
-3321.96
-3154.67
-2971.5
-2691.23
-2370.87
-2027.11
-1701.01
-1347.45
-993.94
-623.473
-242.51
154.795
582.922
964.064
1327.75
1654.7
1959.19
2279.55
2580.58
2905.18
3266.69
3582.7
3864.37
4183.07
4493.89
4794.95
5100.88
5486.68
5919.99
6305.28
6577.67
6861.82
7148.35
7371.64
7570.9
7595.45
7315.22
6824.9
6380.84
6132.7
5820.09
5541.72
5356.89
5029.47
4631.08
4345.33
3859.68
3317.98
3099.11
2989.41
2929.55
2613
2258.2
1967.73
1714.45
1480.51
1231.74
901.6
505.426
8.38821
-420.32
-804.273
-1255.99
-1614.65
-1936.23
-2283.01
-2481.45
-2696.6
-2959.5
-3192.3
-3464.06
-3677.05
-3811.19
-3939.32
-4098.83
-4239.55
-4379.53
-4496.77
-4573.61
-4627.75
-4659.33
-4642.19
-4613.35
-4543.72
-4451.35
-4379.75
-4360.12
-4343.29
-4374.07
-4356.39
-4300
-4328.95
-4319.32
-4320.34
-4403.4
-4342.6
-4296.59
-4310.68
-4211.58
-4221.85
-4386.81
-4446.71
-4371.01
-4199.19
-3976.53
-3797.32
-3611.55
-3383.05
-3213.9
-2994.49
-2681.31
-2336.56
-1973.61
-1662.52
-1293.18
-849.058
-392.397
43.7182
476.718
910.593
1316.76
1694.33
1986.09
2253.19
2529.69
2823.74
3157.09
3464.35
3769.91
4128.8
4451.97
4766.85
5162.9
5577.21
6039.41
6411.57
6724.59
7051.39
7343.84
7543.93
7633.97
7614.54
7550.73
7407.73
7069.02
6797.59
6451.54
6008.17
5629.31
5149.63
4497.37
4014.7
3642.14
3285.95
3052.98
2738.32
2392.6
2104.35
1923.17
1788.46
1602.44
1339.08
1105.69
812.131
451.956
104.827
-308.403
-729.268
-1106.97
-1474.36
-1807.99
-2153.3
-2536.69
-2796.3
-2985.52
-3161.71
-3379.07
-3642.16
-3861.35
-4007.13
-4115.73
-4222.93
-4304.04
-4390.32
-4471.2
-4496.82
-4474.43
-4414.53
-4295.13
-4191.33
-4088.5
-3979.59
-3982.81
-4017.3
-3976.75
-4029.77
-4163.71
-4195.14
-4308.03
-4347.02
-4277.62
-4358.55
-4379.06
-4321.19
-4418.82
-4377.05
-4210.94
-4176.35
-4127.81
-4118.7
-4207.66
-4115.49
-3900.24
-3721.69
-3528.83
-3277.14
-2958.93
-2611.92
-2375.53
-2108.31
-1785.61
-1454.55
-1118.46
-733.436
-371.949
-22.8454
377.091
760.459
1105.61
1466.31
1834.37
2129.01
2419.11
2721.64
3065.87
3457.03
3837.57
4206.38
4567.69
4950.31
5306.36
5665.58
6000.35
6279.99
6435.34
6634.86
6860.66
6923.08
6929.1
6833.51
6751.3
6569.52
6139.4
5807.15
5496.7
5147.28
4903.41
4651.3
4364.17
4108.35
3884.79
3529.26
3282.72
3139.98
2955.91
2813.93
2707.4
2575.03
2440.07
2176.77
1758.77
1244.87
769.824
312.17
-316.167
-949.328
-1478.56
-1950.92
-2319.44
-2606.73
-2873.31
-3109.78
-3320.26
-3462.62
-3544.11
-3694.8
-3776.89
-3830.22
-3855.36
-3858.43
-3879.46
-3908.01
-3971.94
-4035.99
-4043.58
-4010.59
-3966.99
-3945.09
-3978.86
-3959.48
-3989.63
-4087.33
-4146.94
-4251.36
-4394.44
-4457.11
-4555.66
-4681.89
-4706.41
-4788.76
-4895.03
-4890.3
-4908.47
-4911.22
-4821.29
-4843.45
-4859.73
-4720.93
-4516.2
-4312.58
-4015.35
-3685.94
-3410.04
-3115.12
-2875.92
-2642.26
-2359.21
-2066.61
-1789.6
-1508.84
-1207.21
-871.399
-540.535
-183.913
156.155
489.825
781.421
1069.66
1419.97
1748.96
2088.86
2430.24
2785.76
3150.13
3472.96
3802.56
4137.84
4475.28
4784.8
5109.42
5408.98
5679.09
5919.63
6154.11
6419.42
6613.98
6794.27
6923.62
6881.9
6618.43
6460.24
6275.82
6026.66
5863.87
5680.38
5366.28
4948.92
4476.17
4038.44
3896.86
3767.81
3559.85
3465.82
3399.8
3258.06
3094.4
2918.32
2762.04
2448.28
2101.54
1879.61
1570.17
1168.45
704.968
145.983
-364.819
-798.585
-1237.27
-1629.74
-1985.36
-2347.45
-2644.02
-2859.22
-3025.68
-3145.08
-3308.77
-3518.24
-3708.5
-3825
-3916.21
-4022.88
-4110.23
-4167.25
-4201.6
-4199.73
-4221.11
-4262.34
-4216.06
-4177.05
-4167.37
-4141.23
-4152.51
-4186.34
-4154.63
-4181.68
-4242.97
-4230.61
-4249.88
-4300.75
-4265.89
-4283.62
-4369.53
-4407.87
-4455.32
-4516.61
-4541.44
-4543.13
-4581.83
-4585.52
-4546.87
-4478.85
-4326.02
-4087.39
-3854.11
-3605.22
-3332.09
-3013.19
-2645.32
-2335.2
-2066.9
-1810.05
-1519.04
-1209.63
-857.074
-499.646
-167.297
165.126
551.91
949.485
1327.06
1684.52
1973.65
2257.92
2557.82
2839.48
3144.66
3447.82
3731.36
3951.6
4152.22
4399.6
4731.03
5020.96
5178.41
5501.6
6051.85
6516.9
6875.63
7256.42
7653.33
7937.21
8073.18
8140.05
8032.65
7400.2
6479.43
6938.74
7223.41
6085.45
4599.01
3921.82
3872.96
3748.35
3569.91
3259.03
2906.73
2762.43
2774
2675.66
2284.07
1911.96
1720.43
1406.74
997.379
776.844
452.721
-24.2387
-485.583
-900.96
-1299.21
-1674.35
-1935.1
-2147.33
-2415.75
-2677.06
-2902.3
-3157.05
-3323.71
-3399.23
-3539.75
-3553.62
-3397.17
-3061.28
-2658.83
-2728.98
-3361.92
-3873.3
-3837.64
-3478.79
-3144.74
-3027.62
-3121.57
-3293.18
-3486.42
-3656.42
-3699.33
-3581.23
-3464.13
-3483.9
-3586.58
-3692.92
-3866.96
-4034.18
-4125.84
-4252.24
-4349.81
-4341.68
-4352.48
-4397.43
-4327.98
-4226.48
-4210.04
-4094.58
-3883.86
-3747.47
-3603.87
-3354.66
-3244.67
-3254.81
-3226.65
-3206.22
-3207.24
-2980.69
-2639.63
-2408.16
-2302.92
-2380.73
-2468.84
-2328.19
-2061.85
-1667.9
-1275.07
-1054.39
-826.58
-612.045
-359.315
-47.4673
271.538
554.91
844.584
1125.61
1448.41
1813.42
2145.99
2418.81
2732.25
3046.32
3251.74
3465.75
3732.73
3929.62
4030.1
4230.13
4399.66
4551.84
4867.55
5112.14
5308.72
5596.6
5775.89
5781.83
5844.38
6022.11
6105.63
6201.08
6248.03
6292.69
6420.05
6399.36
6251.77
6235.46
6108.78
5646.4
5258.93
4833.06
4145.75
3697.88
3453.86
3139.13
2785.87
2572.63
2402.26
2237.8
2091.46
2025.63
1775.59
1303.78
1113.69
875.355
400.808
66.7223
-241.699
-756.376
-1208.56
-1517.41
-1949.18
-2436.72
-2741.01
-3001.73
-3210.55
-3295.43
-3471.13
-3750.23
-4004.6
-4183.9
-4270.78
-4309.8
-4309.78
-4312.43
-4298.88
-4266.11
-4279.97
-4264.87
-4194.01
-4076.33
-3913.15
-3806.71
-3721.19
-3669.38
-3734.92
-3709.08
-3683.39
-3781.63
-3791.61
-3872.68
-4012.68
-3977.14
-4018.07
-4176.66
-4158.95
-4217.02
-4355.34
-4303.11
-4274.08
-4377.09
-4353.93
-4310.94
-4476.42
-4495.87
-4349.31
-4284.49
-4115.9
-3741.63
-3401.87
-3106.33
-2791.31
-2507.52
-2164.55
-1788.85
-1401.53
-1066.11
-719.466
-423.436
-145.925
148.501
443.86
776.586
1091.74
1388.97
1703.99
2022.43
2311.5
2650.93
2970.83
3205.98
3475.28
3821.83
4144.01
4395.91
4663.61
4913.33
5194.1
5537.93
5761.2
5923.65
6184.91
6257.16
6240.91
6218.06
5921.88
5623.25
5456.94
5216.44
5062.87
4881.62
4526.88
4238.06
4075.37
3841.09
3592.38
3432.43
3261.41
3101.07
3096.15
3160.02
3094.79
2981.84
2926.73
2908.13
2816.26
2595.52
2226.56
1808.54
1384.65
896.444
444.954
6.34728
-370.344
-653.721
-914.135
-1179.53
-1364.96
-1658.2
-1964.65
-2208.57
-2560.26
-2819.61
-2893.76
-3057.34
-3193.61
-3419.03
-3676.48
-3775.83
-3771.33
-3732.04
-3693.45
-3701.39
-3707.34
-3692.11
-3691.53
-3651.64
-3596.67
-3581.39
-3580.52
-3564.12
-3621.34
-3694.76
-3690.25
-3758.66
-3883.56
-3849.52
-3842.07
-3905.8
-3798.38
-3762.91
-3874.16
-3725.61
-3558.91
-3605.1
-3509.41
-3402.55
-3386.49
-3189.65
-3111.54
-3315.21
-3405.73
-3279.68
-3084.22
-2804.48
-2460.42
-2352.53
-2433.55
-2497.58
-2411.68
-2167.77
-1948.4
-1720.98
-1530.47
-1458.22
-1220.37
-983.632
-771.329
-436.887
-138.166
150.917
508.928
836.819
1132.73
1444.87
1781.32
2051.65
2382.55
2693.91
2948.63
3301.77
3672.53
3929.13
4181.19
4483.92
4734.11
4961.21
5204.23
5330.3
5458.76
5721.31
5756.95
5609.98
5610.98
5484.57
5448.99
5478.2
5398.76
5194.87
5048.37
4827.07
4495.98
4342.76
4253.3
4019.32
3770.4
3565.15
3281.49
3050.91
2969.01
2814.24
2605.85
2352.27
2085.79
1894.95
1689.66
1446.05
1123.39
743.445
354.56
39.9724
-260.421
-598.672
-912.264
-1099.84
-1307.11
-1525.82
-1647.35
-1858.61
-2117.93
-2172.57
-2206.49
-2254.03
-2313.32
-2508.86
-2774.34
-2898.2
-2953.05
-3002.66
-3001.09
-3077.43
-3179.16
-3201.94
-3279.01
-3304.22
-3259.05
-3270.14
-3280.66
-3204.31
-3178.52
-3132.56
-3066.12
-3063.28
-3086.2
-3064.32
-2983.04
-2978.71
-2984.5
-2903.64
-2889.81
-2856.9
-2698.52
-2649.98
-2672.24
-2639.04
-2708.57
-2917.83
-3062.45
-3169.92
-3367.44
-3571.4
-3678.84
-3747.24
-3757.73
-3710.17
-3614.16
-3438.86
-3179.09
-2901.04
-2636.81
-2402.91
-2135.33
-1905.2
-1723.69
-1573.15
-1480.44
-1427.96
-1385.67
-1299.64
-1170.69
-976.414
-736.475
-570.312
-285.272
76.6041
389.911
757.552
1237.31
1688.99
1975.28
2216.58
2492.59
2768.12
2891.05
3089.93
3378.51
3611.37
3779.26
4003.95
4151.93
4294.63
4401.14
4441.6
4446.44
4540.88
4730.48
4874.17
5047.05
5293.93
5390.26
5370.67
5455.03
5423.39
5336.01
5314.03
5205.35
4879.99
4592.48
4405.73
4144.62
3813.45
3585.8
3406.1
3177.33
3098.91
3149.84
3132.15
2959.14
2709.31
2616.27
2558.03
2328.41
2131.92
1995.04
1700.51
1304.16
1004.93
604.184
141.875
-153.905
-355.356
-582.795
-835.307
-1024.47
-1156.47
-1368.86
-1567.44
-1703.6
-1935.16
-2234.78
-2564.1
-2956.56
-3352.9
-3659.92
-3922.22
-4147.44
-4303.22
-4344.53
-4316.47
-4193.86
-4056.12
-3895.25
-3655.35
-3477.8
-3380.35
-3218.59
-3098.67
-3087.54
-3002.17
-2903.64
-2925
-2929.91
-2898.12
-2979.01
-3051.75
-3047.69
-3083.45
-3199.89
-3251.65
-3346.89
-3543.27
-3664.86
-3679.72
-3744.47
-3839.88
-3788.04
-3731.97
-3750.84
-3649.53
-3577.19
-3679.71
-3784.82
-3791.88
-3760.98
-3642.3
-3379.14
-3140.62
-3013.94
-2852.18
-2726.38
-2620.37
-2464.44
-2238.4
-1920.13
-1666.19
-1473.33
-1286.67
-1104.13
-898.074
-576.677
-238.768
59.1599
361.887
691.353
1005.14
1335.47
1676.95
1967.08
2233.83
2529.57
2806.97
3058.08
3282.75
3499.86
3635.08
3762.48
3956.24
4160.13
4295.87
4497.09
4699.82
4780.12
4911.87
5147.69
5365.22
5472.8
5581.79
5632.85
5462.37
5182.5
4792.75
4341.27
4171.34
4006.7
3711.59
3523.05
3485.46
3331.05
3148.4
3020.76
2862.43
2662.39
2587.23
2630.15
2748.88
2743.75
2597.34
2427.46
2366.78
2268.17
2015.27
1750.34
1538.31
1264.87
992.717
712.592
436.658
206.402
14.5581
-245.903
-536.208
-760.043
-1021.51
-1300.8
-1485.52
-1718.42
-2043.67
-2294.59
-2427.29
-2570.4
-2774.39
-2990.17
-3193.83
-3291.05
-3332.15
-3331.7
-3373.15
-3382.7
-3417.89
-3536.64
-3613.26
-3635.49
-3720.66
-3698.6
-3638.53
-3686.91
-3710.86
-3702.41
-3799.57
-3823.17
-3770.39
-3838.69
-3927.29
-3954.65
-4030.39
-4066.31
-3950.3
-3949.03
-4026.8
-3941.35
-3900.41
-3953.88
-3784.89
-3607.77
-3593.33
-3460.94
-3418.76
-3687.62
-3783.06
-3672.15
-3671.07
-3590.35
-3330.28
-3054.19
-2900.97
-2730.17
-2489.28
-2259.97
-2062.39
-1801.28
-1378.94
-1052.53
-816.827
-606.355
-445.977
-236.511
-19.1286
286.669
571.833
795.631
1019.03
1303.8
1560.84
1842.05
2162.35
2467.6
2736.35
2977.57
3284.51
3565.56
3859.57
4138.52
4467
4745.77
4868.13
5049.74
5193.08
5331.44
5538.75
5569.87
5603.05
5912.14
6073.94
5961.79
5857
5741
5519.98
5422.77
5300.04
5015.32
4806.57
4635.85
4264.21
3960.87
3860.14
3499.86
3139.39
3095.06
3176.75
3322.85
3378.9
3256.29
3050.65
2772.04
2366.81
1941.43
1497.27
1018.99
602.557
245.977
-157.757
-539.279
-826.364
-1144.9
-1514.44
-1748.04
-1776.53
-1963.94
-2105.96
-2143.16
-2350.94
-2497.04
-2432.57
-2426.12
-2524.73
-2750.79
-3071.05
-3254.78
-3322.32
-3384.68
-3501.76
-3601.35
-3658.17
-3663.73
-3678.07
-3670.48
-3674.56
-3682.6
-3670.39
-3689.9
-3680.86
-3617.48
-3663.79
-3683.64
-3642.86
-3710.72
-3691.81
-3612.3
-3694.62
-3754.7
-3716.91
-3797.98
-3894.88
-3828.89
-3821.05
-3945.84
-3916.9
-3870.74
-3949.81
-3869.28
-3766.94
-3872.55
-3943.16
-3923.86
-3911.77
-3874.95
-3622.06
-3282.85
-2935.85
-2621.06
-2406.85
-2189.15
-1887.42
-1634.77
-1309.61
-1023.52
-707.154
-458.995
-276.012
22.1167
305.786
586.506
876.472
1084.78
1325.71
1638.81
1894.09
2100.8
2356.6
2629.84
2911.89
3241.22
3494.51
3639.89
3837.14
4159.35
4415.72
4630.02
4908.99
5112.8
5224.94
5375.26
5534.04
5711.5
5970.88
6182.93
6095.47
5813.31
5529.32
5102.39
4778.58
4571.82
4145.81
3689.18
3365.33
3068.44
2851.76
2819.93
2834.15
2670.03
2507.55
2455.89
2494.63
2582.48
2595.34
2636.33
2671.51
2493.73
2232.67
1962.57
1642.97
1258.79
899.016
521.036
150.456
-111.417
-271.811
-450.484
-591.204
-668.704
-811.944
-945.986
-1040.58
-1251.68
-1567.28
-1837.22
-2105.99
-2377.04
-2710.73
-3168.97
-3582.76
-3856.66
-4091.61
-4250.79
-4371.66
-4481.52
-4405.65
-4234.59
-4138.57
-3999.53
-3783.53
-3660.85
-3544.78
-3438.13
-3417.85
-3435.64
-3374
-3373.92
-3450.4
-3486.28
-3613.05
-3754.78
-3752.22
-3831.62
-3964.82
-3971.47
-4009.71
-4126.92
-4108.46
-4056.19
-4213.38
-4254.16
-4277.84
-4579.44
-4713.76
-4479.49
-4075.02
-3677.5
-3380.34
-3294.58
-3055.33
-2607.79
-2151.05
-1756.06
-1558.89
-1501.88
-1348.87
-1157.77
-977.984
-795.685
-558.2
-238.077
135.174
503.494
858.552
1209.17
1548.24
1870.14
2185.16
2443.98
2757.25
3059.15
3252.38
3419.21
3710.23
3937.65
4093.34
4294.18
4527.17
4850.61
5150.77
5247.8
5237.01
5326.76
5452.46
5709.99
5907.95
5994.85
6105.46
6249.54
6301.34
6254.89
6259.16
5973.44
5606.55
5376.48
5049.53
4594.92
4306.33
4078.3
3727.75
3459.35
3338.66
3221.89
3214.43
3452.53
3588.97
3519.17
3453.43
3058.55
2446.46
1778.79
1072.94
520.826
-6.73319
-501.596
-857.477
-1190.51
-1616.48
-1991.28
-2188.98
-2466.53
-2667.52
-2648.14
-2619.5
-2616.07
-2574.58
-2611.28
-2748.94
-2830.63
-2841.58
-2873.45
-2929.72
-3050.98
-3241.13
-3410.47
-3632.47
-3755.49
-3724.73
-3716.34
-3596.27
-3481.04
-3529.35
-3494.77
-3448.7
-3540.07
-3552.87
-3560.3
-3686.91
-3747.58
-3746.49
-3884.21
-3996.19
-3980.18
-4070.08
-4177.25
-4094.26
-4043.3
-4125.45
-4098.77
-3998.02
-3995.45
-3862.41
-3573.94
-3611.57
-3873.65
-4023.24
-3923.75
-3692
-3414.77
-3152.73
-2916.38
-2743.18
-2571.96
-2303.16
-2001.83
-1643.67
-1277.54
-989.301
-807.015
-664.244
-521.387
-393.103
-224.151
-151.221
-47.4547
198.404
422.271
740.57
1175.43
1614.58
1981.01
2278.05
2560.94
2829.22
3095.06
3425.25
3752.83
3975.21
4275.96
4515.65
4686.66
4885.51
5044.78
5106.63
5258.15
5449.73
5329.09
5196.52
5183.42
4963.13
4763.89
4656.25
4266.36
4156.48
4304.22
4233.8
4162.94
4191.93
4025.46
3787.74
3687.98
3482.2
3068.62
2866.02
2783.22
2692.05
2786.64
2961.23
3009.28
2747.73
2381.22
2133.74
1944.9
1670.03
1239.78
843.225
411.933
13.3348
-212.434
-401.92
-693.395
-995.013
-1241.29
-1628.88
-1915.51
-2093.19
-2363.65
-2485.87
-2643.51
-2934.62
-3164.34
-3362.97
-3497.31
-3577.14
-3670.93
-3704.8
-3709.26
-3714.1
-3685.73
-3677.65
-3708.19
-3761.7
-3712.05
-3628.58
-3608.46
-3541.43
-3528.78
-3635.97
-3590.67
-3613.56
-3749.85
-3800.21
-3855.1
-3994.88
-3999.88
-4029.33
-4215.88
-4255.65
-4252.24
-4404.24
-4335.01
-4178.66
-4190.91
-3974.39
-3706.17
-3846.01
-3898.82
-3744.49
-3739.45
-3715.16
-3468.78
-3122.89
-2766.12
-2417.81
-2077.53
-1712.93
-1490.93
-1310.78
-1099.4
-919.536
-632.23
-479.495
-270.853
-54.7147
181.479
574.683
950.099
1277.56
1639.36
1969.87
2284.15
2626.88
2985.87
3292.01
3707.72
4119.42
4381.73
4544.74
4761.66
4953.55
5100.38
5274.85
5452.37
5607.39
5707.96
5710.71
5768.83
5898.62
5888.94
6031.04
6274.62
6255.49
6168.77
5975.87
5615.48
5410.47
5232.7
4822.15
4464.9
4157.24
3769.29
3519.62
3308.93
2969.48
2623.93
2347.02
1950.75
1516.42
1430.34
1221.93
759.757
778.945
619.091
20.6244
-261.893
-471.055
-977.652
-1421.72
-1813.92
-2233.83
-2545.16
-2693.61
-2732.13
-2683.1
-2583.28
-2586.4
-2734.04
-2880.41
-3015.15
-3148.89
-3227.47
-3355.89
-3480.13
-3585.35
-3723.56
-3784.76
-3850.34
-3913.98
-3901.01
-3979.25
-3990.56
-3955.81
-4024.07
-4091.7
-4096.65
-4146.86
-4192.94
-4152.26
-4178.2
-4191.81
-4127.28
-4194.85
-4117.67
-3971.73
-4022.61
-4002.48
-3898.2
-3954.79
-3892.72
-3682.86
-3701.95
-3800.95
-3743.36
-3684.87
-3602.1
-3385.01
-3264.63
-3220.99
-3113.07
-2941.53
-2642.68
-2331.19
-1910.4
-1417.98
-1010.17
-518.931
-109.027
299.023
726.624
1061.25
1491.11
1834.82
2198.78
2468.51
2600.06
2794.87
3060.44
3334.6
3473.17
3672.23
3904.15
4252.53
4604.34
4825.16
5037.8
5282.8
5536.59
5856.98
6067.33
6189.72
6302.62
6364.37
6412.38
6539.88
6452.2
6131.9
5731.21
5413.89
4975.86
4701.85
4454.08
4086.33
3796.8
3544.8
3132.43
3029.94
3097.72
3111.5
3143.35
3176.1
3210.31
2985.28
2619.94
2446.7
1907.69
1109.91
581.495
117.061
-270.908
-548.947
-1017.78
-1524.25
-1652.96
-1901.95
-2239.85
-2349.67
-2494.56
-2636.71
-2755.66
-2997.22
-3186.83
-3348.64
-3546.55
-3735.7
-3824.98
-3865.87
-3846.98
-3747.47
-3627.05
-3536.87
-3440.67
-3423.49
-3338.81
-3201.64
-3151.2
-3128.31
-3213.54
-3431
-3557.44
-3736.3
-3990.87
-4154.09
-4360.82
-4467.8
-4434.75
-4513.96
-4571.47
-4512.67
-4563.07
-4589.45
-4474.79
-4372.56
-4220.04
-4026.15
-3934.63
-3730.16
-3452.94
-3348.1
-3250.21
-3025.15
-2924.72
-2832.54
-2616.59
-2384.27
-2166.02
-2029.66
-1863.33
-1689.28
-1475.33
-1217.39
-938.485
-529.933
-172.889
103.887
504.582
898.69
1215.99
1663.82
2163.78
2668.56
3089.94
3388.93
3725.7
4115.22
4552.84
4938.19
5215.48
5415
5671.54
5864.45
5867.36
5884.64
5903.49
5814.99
5815.2
5575.01
5289.61
5121.43
4708.73
4380.3
4218.27
3913.75
3771.14
3730.56
3399.68
3133.05
3105.65
3009.01
3019.78
3254.31
3529.12
3507.89
3477.94
3640.22
3631.48
3336.63
2979.8
2656.18
2274.59
1654.01
1030.75
512.383
-45.6749
-483.322
-892.921
-1299.84
-1704.95
-2134.54
-2671.17
-3183.4
-3587.07
-3932.97
-4010.76
-3990.89
-4038.77
-4029.03
-3995.44
-3871.62
-3728.51
-3603.53
-3528.04
-3455.71
-3384.46
-3326.14
-3273.47
-3251.81
-3211.78
-3169.34
-3228.91
-3256.29
-3298.19
-3451.07
-3464.61
-3524.04
-3746.81
-3771.68
-3860.11
-4089.79
-4072.56
-4117.46
-4292.42
-4138.5
-4050.87
-4175.68
-3929.04
-3676.22
-3671.89
-3517.64
-3504.88
-3610.39
-3281.41
-2840.02
-2657.74
-2344.54
-2327.65
-2418.69
-2035.6
-1693.17
-1480.08
-1274.03
-1029.37
-952.7
-910.937
-777.74
-755.041
-649.326
-422.936
-227.489
27.6443
333.356
677.957
1079.71
1444.74
1824.51
2185.8
2481.47
2671.43
2886.8
3206.31
3604.99
3922.63
4212.24
4539.3
4792.59
4947.39
5233.53
5458.47
5623.12
5879.35
5979.45
6149.32
6224.08
6280.28
6531.95
6537.2
6223.55
5995.29
5711.75
5193.86
4643.07
3938.91
3088.54
2506.98
2209.61
1975.78
1884.69
1869.05
1786.25
1684.29
1724.38
1890.82
1958.67
1818.58
1703.7
1647.36
1414.36
1097.48
871.289
516.569
86.5305
-354.358
-812.207
-1159.32
-1406.24
-1704.98
-2005.45
-2241.02
-2635.2
-2920.82
-3054.75
-3443.38
-3780.84
-3929.36
-4041.01
-4022.41
-4001.2
-4038.66
-3969.28
-3899.43
-3808.01
-3645.2
-3532.34
-3464.41
-3387.45
-3357.54
-3359.42
-3387.67
-3448.56
-3497.69
-3461.95
-3458.67
-3549.65
-3600.47
-3750.37
-3863.21
-3849.83
-3911.33
-3947.31
-3875.95
-3846.08
-3767.73
-3605.76
-3594.31
-3572.47
-3396.36
-3276.31
-3054.95
-2771.14
-2731.5
-2828.19
-2704.43
-2477.55
-2094.56
-1702.97
-1429.19
-1230.3
-1165.23
-1099.35
-986.103
-796.749
-453.498
-131.538
199.825
447.635
643.713
978.701
1289.21
1632.9
2054.17
2348.69
2569.44
2864.76
3157.91
3556.14
4037.45
4317.76
4617.4
4874.5
5010.95
5110.41
5317.28
5423.27
5475.56
5526.15
5704.46
5923.93
5910.44
5764.26
5696.29
5769.38
5561.58
5299.96
5128.86
4758.89
4500.27
4273.38
3850.41
3590.22
3545.27
3342
3260.2
3291.94
3251.22
3304.64
3305.12
3025.8
2737.12
2478.46
2178.06
1722.35
1269.33
1016.18
758.813
409.155
-7.38527
-484.177
-1023.13
-1269.56
-1517.2
-1829.4
-2132.3
-2640.54
-3128.96
-3488.67
-3774.08
-3881.92
-3938.64
-4010.17
-4104.58
-4196.38
-4315.86
-4381.66
-4411.91
-4334.62
-4194.3
-4138.82
-3996.42
-3846.11
-3864.61
-3754.5
-3728.91
-3774.75
-3621.12
-3661.41
-3785.6
-3771.46
-3914.87
-4057.52
-4094.77
-4347.41
-4494.35
-4464.07
-4644.37
-4827.93
-4800.19
-4775.44
-4589.14
-4382.56
-4497.06
-4451.21
-4111.98
-3738.34
-3423.19
-3119.49
-2879.29
-2598.93
-2304.37
-2067.07
-1903.68
-1781.16
-1558.77
-1347.8
-1054.6
-716.119
-405.156
-64.7636
218.773
686.976
1165.85
1575.8
2028.12
2389.11
2735.65
3162.35
3524.37
3829.37
4199.17
4503.39
4810.8
5181.42
5267.54
5287.91
5469.24
5601.31
5857.89
6017.83
6055.74
6180.81
6239.55
6068.3
6058.74
5866.08
5443.79
5261.08
4914.35
4635.08
4541.81
4140.29
3709.57
3523.15
3138.83
2806.32
2668.74
2500.43
2434.34
2492.55
2535.34
2411.19
2079.58
1673.05
1326.15
974.452
671.537
486.352
104.271
-236.64
-557.897
-995.464
-1295.63
-1542.54
-1871.24
-2064.79
-2363.29
-2595.9
-2709.25
-3062.67
-3337.32
-3529.55
-3638.65
-3768.37
-3959.06
-4087.02
-4227.77
-4351.11
-4444.72
-4458.18
-4398.1
-4236.94
-4022.31
-3825.92
-3652.51
-3592.92
-3557.15
-3368.98
-3307.51
-3282.82
-3207.55
-3348.9
-3403.9
-3379.97
-3631.13
-3712.68
-3739.09
-4021.19
-4062.67
-4032.18
-4158.59
-4140.97
-4275.05
-4577.19
-4487.6
-4162.09
-4036.82
-3920.75
-3631.19
-3242.75
-2790.7
-2384.19
-2036.55
-1803.3
-1475.88
-1072.12
-690.27
-283.728
18.1136
213.019
417.637
665.194
1004.94
1271.53
1458.47
1706.26
1950.07
2288.54
2673.6
2980.2
3287.71
3668.42
4015.42
4319.83
4745.14
5119.79
5422.8
5749.43
5898.45
5992.86
6147.29
6143.97
6216.69
6236.43
5983.64
5883.35
5530.25
5107.8
4939.41
4499.1
4092.6
3907.19
3508.7
3208.43
3157.23
2842.91
2584.17
2709.57
2700.5
2551
2470.61
2521.47
2638.9
2523.46
2260.75
2012.21
1687.79
1328.69
947.839
477.939
-29.2543
-464.806
-933.379
-1313.84
-1604.02
-1984.72
-2198.25
-2466.08
-2816.63
-2887.46
-3056.08
-3347.52
-3744.48
-4188.94
-4336.26
-4398.05
-4419.95
-4414.16
-4399.94
-4275.74
-4156.22
-4025.41
-3864.29
-3854.74
-3801.77
-3761.95
-3882.92
-3895.98
-3871.57
-3983.81
-4007.16
-3990.94
-4084.9
-3999.42
-3921.78
-4070.77
-3898.83
-3747.7
-3910.98
-3767.46
-3689.16
-3959.12
-3940.02
-3872.73
-3882.62
-3655.7
-3381.6
-3390.46
-3297.11
-2975.66
-2705.22
-2502.84
-2245.85
-1983.98
-1760.4
-1388.97
-900.006
-546.762
-224.967
39.9791
334.463
676.446
951.289
1341.51
1592.81
1905.45
2287.54
2599.03
2847.77
3186.59
3531.43
3872.1
4185.96
4354.92
4605.21
4800.57
5032.32
5444.95
5699.58
5870.27
6092.03
6279.62
6382.88
6611.64
6787.06
6686.04
6629.17
6296.61
5966.95
5690.48
5159.61
4755.05
4452.98
4034.5
3822.01
3742.7
3161.95
2825.6
2965.36
2905.97
2790.41
2646.14
2451.29
2194.97
2009.29
1890.83
1468.58
1046
698.161
203.794
-280.115
-670.844
-984.395
-1325.73
-1689.94
-2053.1
-2373.99
-2539.93
-2648.96
-2658.05
-2805.07
-3106.85
-3393.43
-3650.25
-3877.14
-4014.64
-4213.11
-4320.88
-4269.3
-4236.31
-4126.65
-4033.15
-4034.66
-3903.53
-3791.38
-3761.45
-3700.51
-3742.94
-3841.82
-3829
-3920.25
-4077.6
-4201.16
-4434.84
-4556.73
-4575.92
-4686.88
-4699.05
-4615.04
-4640.34
-4557.18
-4467.62
-4575.92
-4439.36
-4208.58
-4181.01
-3995.94
-3779.7
-3644.65
-3291.75
-2916.13
-2724.71
-2590.48
-2414.69
-2122.49
-1861.01
-1574.5
-1217.96
-969.99
-705.224
-399.575
-55.5708
390.047
816.046
1207.57
1474.87
1767.53
2134.47
2459.55
2728.89
3104.58
3474.36
3822.57
4229.62
4578.49
4887.74
5138.22
5245.7
5418.43
5588.62
5854.74
6176.73
6215.01
6208.78
6297.92
6228.59
6075.87
6067.49
5907.1
5623.98
5294.49
4759.65
4207.7
3840.46
3228.03
2557.51
2348.99
2208.86
2051.65
2158.94
2261.55
2106.1
1940.77
1923.72
2073.57
2078.87
1904.46
1788.66
1563
1259.13
926.966
563.601
276.949
37.9187
-310.049
-621.159
-857.773
-1274.51
-1582.07
-1842.65
-2120.69
-2265.87
-2448.07
-2770.88
-3006.76
-3194.46
-3312.35
-3378.99
-3402.74
-3456.63
-3521.03
-3621.87
-3713.73
-3770.03
-3843.51
-3868.49
-3894.03
-3930.36
-3875.07
-3904.42
-3951.94
-3865.26
-3972.33
-3992.41
-3850.4
-3999.74
-4035.61
-3956.59
-4160.54
-4143.14
-4013.99
-4208.03
-4283.35
-4192.02
-4255.09
-4185.33
-4213.74
-4577.43
-4717.31
-4420.03
-4208.81
-3999.86
-3625.53
-3361.86
-3138.45
-2881.56
-2544.36
-2121.98
-1688.7
-1259.08
-793.136
-346.906
77.1018
426.789
692.048
887.505
1029.21
1341.95
1681.37
2091.18
2448.35
2624.4
2853.07
3187.02
3485.28
3828.55
4092.58
4296.8
4601.97
5022.31
5229.35
5513.22
5800.01
5936.88
6170.73
6358.8
6399.94
6386.35
6112.52
6009.64
5863.43
5356.7
5068.79
4898.6
4404.82
4082.81
3912.83
3557.98
3321.65
3298.36
3138.03
3108.39
3232.35
3257.11
3210.87
3160.68
3081.04
3001.3
2751.58
2562.2
2137.95
1472.5
874.914
232.5
-459.584
-944.362
-1313.48
-1693.67
-1948.7
-2169.19
-2528.92
-2753.31
-3001.66
-3237.85
-3306.22
-3490.65
-3713.52
-3857.14
-3938.23
-3930.59
-3979.79
-3994.24
-3938.32
-3874.74
-3739.53
-3654.98
-3616.26
-3529.84
-3426.87
-3390.81
-3408.29
-3406.13
-3553.52
-3653.63
-3607.29
-3797.16
-3857.1
-3863.23
-4079.76
-3980.89
-3922.61
-4157.62
-4095.78
-4090.79
-4297.86
-4050.73
-3941.57
-4159.51
-3963.65
-3759.46
-3921.87
-3878.14
-3546.32
-3353.27
-3093.11
-2811.35
-2747.69
-2674.2
-2394.81
-2067.2
-1655.46
-1277.84
-971.976
-711.486
-464.057
-218.58
57.9434
331.044
593.986
999.966
1379.1
1697.74
2083.24
2327.32
2651.82
3032.5
3171.83
3279.68
3634.18
4020.19
4494.29
4813.92
5116.76
5442.8
5768.38
6002.99
6096.71
6026.98
5530.65
4902.05
4995.37
5584.98
5520.95
5084.2
4983.86
4998.3
5042.84
5027.27
4821.38
4348.35
4009.68
3759.63
3346.68
3196.31
3175.72
2890.57
2449.37
2332.28
2376.92
2423.1
2497.22
2581.65
2627.75
2583.91
2484.99
2171.45
1936.41
1606.61
1067.48
738.926
389.04
-57.3316
-332.035
-571.381
-957.407
-1248.93
-1468.56
-1735.82
-2045.54
-2231.38
-2379.31
-2665.7
-3054.97
-3256.02
-3199.73
-3202.92
-3159.35
-3212.91
-3399.21
-3419.62
-3281.89
-3196.26
-3153.04
-3098.08
-3077.98
-3083.64
-2961.88
-2838.94
-2802.24
-2701.97
-2574.88
-2719.12
-2926.91
-2943.42
-3104.65
-3296.36
-3297.77
-3416.82
-3548.63
-3491
-3444.91
-3594.86
-3694.44
-3658.53
-3830.15
-3929.95
-3772.92
-3700.55
-3784.05
-3705.71
-3532.24
-3507.66
-3472.87
-3184.28
-3046.5
-3186.27
-3194.21
-3105.07
-3205.56
-3145.64
-2887
-2697.09
-2534.11
-2354.64
-2314.76
-2232.77
-1924.71
-1690.87
-1408.84
-1024.5
-733.837
-468.17
-194.007
40.9058
317.445
578.096
785.027
1034.82
1294.9
1517.66
1670.14
1801.32
1910.39
1851.63
1822.7
1837.62
1905.14
2073
2164.86
2078.19
2088.64
2162.04
2162.82
2242.3
2361.57
2309.13
2215.23
2503.65
2858.34
3010.43
3271.97
3474.39
3506.78
3630.07
3803.77
3672.51
3580.07
3787.08
3741.25
3580.08
3618.21
3590.1
3465.82
3420.1
3453.44
3406.71
3486
3737.07
3896.41
3843.89
3858.99
3818.65
3688.41
3694.16
3568.83
3306.27
3157.96
3047.83
2851.45
2579.86
2387.13
2273.64
2093.44
1864.81
1798.3
1817.8
1772.81
1748.08
1711.01
1525.02
1370.71
1241.76
1048.56
637.582
96.3264
-259.8
-551.492
-893.212
-1170.88
-1396.9
-1567.9
-1659.6
-1703.46
-1722.08
-1771.66
-1829.52
-1871.83
-1866.91
-1916.78
-1886.65
-1828.55
-1852.69
-1880.88
-1779.3
-1657.13
-1649.98
-1671.76
-1717.39
-1801.77
-1873.55
-1822.21
-1794.42
-1834.88
-1819.82
-1884.85
-2030.8
-2100.22
-2231.27
-2339.11
-2395.16
-2491.09
-2590.25
-2630.4
-2750.77
-2881.35
-2971.55
-3029.73
-3083.06
-3070.11
-3062.36
-3001.73
-2900.75
-2910.74
-2948.63
-2913.97
-2962.32
-2925.24
-2882.85
-2927.44
-2889.49
-2897.12
-2934.13
-2837.9
-2848.49
-2919.26
-2856.16
-2919.4
-2970.13
-2922.51
-3036.03
-3086.77
-3064.99
-3134.68
-3020.53
-2901.89
-2891.02
-2654.73
-2504.54
-2486.03
-2437.86
-2596.74
-2661.52
-2483.62
-2264.86
-1971.42
-1792.09
-1618.94
-1446.63
-1194.22
-970.25
-591.687
-237.946
-253.558
-288.905
-237.34
-164.949
-13.3242
-0.575971
198.356
408.27
601.549
801.037
975.692
1188.49
1425.23
1665.9
1819.07
2064.32
2231.87
2397.03
2581
2625.87
2827.35
3025.25
3051.19
3238.7
3354.04
3410.98
3583.68
3712.47
3791.56
4017.1
4127.4
4232.39
4414.72
4555.21
4790.43
4808.87
4919.38
5062.42
4847.95
4904.88
4977.4
4864.02
4775.82
4593.87
4421.57
4385.29
4172.53
4108.97
3890.12
3553.32
3394.19
2968.7
2685.95
2497.22
2055.86
1945.05
1997.8
1758.47
1723.37
1699.09
1607.24
1456.78
1083.94
666.604
334.259
-18.5253
-342.121
-548.687
-564.008
-689.37
-909.024
-1134.62
-1440.2
-1640
-1922.38
-2199.15
-2489.05
-2874.38
-3013.54
-3137.32
-3229.88
-3401.68
-3665.36
-3611.31
-3453.34
-3306.46
-3166.63
-3091.19
-2900.58
-2722.91
-2605.29
-2496.24
-2458.17
-2413.56
-2438.54
-2420.91
-2482.05
-2689.25
-2849.71
-3107.73
-3272.69
-3447
-3576.52
-3627.2
-3740.3
-3825.86
-3973.97
-4058.47
-4057.39
-4097.3
-4027.94
-3973.1
-3800.66
-3627.9
-3433.97
-3168.66
-3045.26
-2784.77
-2689.32
-2646.87
-2526.61
-2547.62
-2381.22
-2540.22
-2512.92
-2358.58
-2437.32
-2332.24
-2481.11
-2749
-2858.71
-2714.23
-2330.44
-2016.07
-1818.71
-1487.41
-1240.75
-836.21
-513.417
-201.397
54.908
389.28
737.985
1024.19
1273.56
1476.35
1732.34
1951.07
2095.53
2139.27
2180.37
2298.75
2484.28
2608.2
2841.31
3079.06
3441.16
3787.98
4090
4457
4620.86
4789.87
4757.45
4884.02
4963.55
4927.03
5146.68
5241.5
5325.49
5174.66
5154.8
5236.46
4926.42
4887.93
4843.27
4686.51
4475.73
4187.98
4120.75
3851.88
3602.99
3515.42
3073.03
3191.64
2823.43
2601.99
2678.39
2568.52
2665.76
2327.78
1839.59
1399.19
927.415
517.372
28.1144
-463.872
-920.372
-1146.42
-1327.38
-1482.86
-1630.31
-1772.09
-1843.01
-1998.98
-2048.88
-2194.84
-2231.24
-2477.71
-2669.17
-2814.89
-2855.15
-2774.44
-2770.27
-2758.01
-2799.27
-2862.97
-2977.74
-3102.54
-3184.55
-3231.1
-3218.85
-3238.55
-3164.19
-3128.73
-3152.94
-3268.79
-3430.34
-3537.64
-3670.45
-3749.17
-3916.32
-3958.38
-4029.02
-4100.88
-4208.18
-4284.86
-4246.27
-4322.29
-4311.24
-4416.21
-4298.57
-4173.48
-4128.81
-3953.01
-3950.53
-3694.86
-3351.11
-3258.92
-3244.66
-3607.8
-3722.7
-3260.32
-2425.43
-2129.88
-2241.26
-1983.08
-1382.62
-846.536
-562.178
-416.129
-314.253
30.3598
345.169
612.883
964.616
1394.76
1766.24
2154.54
2361
2430.03
2531.36
2574.31
2499.18
2413.55
2352.23
2456.81
2563.52
2823.53
3220.39
3706.78
4037.29
4552.37
4771.19
5171.29
5782.41
6157.79
7049.46
7648.55
7914.81
7784
7192.57
6480.67
5818.77
5289.76
5232.9
4952.4
4797.5
4589.84
4434.35
4050.63
3578.06
3320.51
2940.64
2848.8
2572.41
2440.81
2125.73
1784.68
1208.76
1241.78
1281.76
1254.88
1290.18
1318.6
951.342
690.627
364.415
141.351
-236.305
-823.041
-1386.84
-1879.98
-2300.18
-2593.66
-2885.16
-3105
-3258.43
-3192.69
-2904.09
-2402.23
-1863.51
-1668.54
-1746.26
-2009.75
-2281.53
-2361.53
-2153.37
-1882.19
-1669.05
-1591.65
-1549.3
-1671.3
-2109.37
-2639.47
-2610.73
-2284.58
-2047.46
-2096.58
-2500.42
-2984.14
-3227.45
-3359.45
-3558.94
-3375.88
-3337.8
-3118.52
-3172.03
-3257.17
-3303.2
-3182.96
-2995.9
-2740.87
-2380.51
-2295.23
-2198.86
-1874.03
-1703.84
-1417.73
-1139.61
-837.773
-550.258
-187.828
96.1817
516.587
843.868
1199.11
1640.06
1873.92
2271
2559.51
2868.62
3113.27
3551.8
4027.65
4388.78
4529.03
5000.82
5143.94
5360.42
5198.56
5268.3
5142.13
4993.7
4766.73
4504.67
4634.43
4587.01
4272.82
4050.6
4205.33
4013.29
3902.84
4100.62
4067.59
3780.52
3636.72
3665.91
3328.72
3044.18
3186.62
2943.75
2570.99
2284.17
1934.42
1561.49
1150.08
851.943
550.866
260.8
20.7512
-191.013
-634.304
-1313.16
-1920.39
-2296.08
-2554.74
-2758.95
-2999.25
-3220.2
-3426.73
-3575.68
-3662.99
-3723.44
-3798.65
-3884.06
-3954.22
-3905.71
-3796.18
-3679.15
-3619.68
-3607.38
-3590.56
-3517.13
-3537.45
-3497.76
-3533.79
-3404.13
-3221.2
-3362.81
-3575.55
-3809.97
-4098.8
-4135.82
-3801.31
-3519.46
-2962.16
-2831.66
-3189.98
-3427.83
-3701.84
-3849.94
-3622.93
-2929.89
-2171.07
-2082.22
-2251.17
-2281.07
-2106.52
-1823.52
-1516.6
-1242.83
-976.786
-623.832
-230.23
239.025
751.747
1393.56
1907.38
2353.18
2800.29
3136.23
3570.75
3524.05
3916.88
3975.96
4274.06
4309.84
4563.48
4573.43
4869.21
4925.7
5063.48
5162.72
5128.85
4885.07
4436.26
4632.69
4735.16
4677.87
4551.07
4419.44
4443.21
4059.78
4167.1
4241.48
4283
4099.43
3709.94
3345.72
3307.63
2893.23
2252.13
1520.28
788.044
261.921
-84.582
-516.014
-833.127
-932.118
-1173.2
-1614.38
-2175.58
-2703.76
-3189.03
-3421.61
-3515.69
-3583.2
-3633.77
-3599.3
-3476.79
-3271.25
-3038.09
-2899.52
-2796.29
-2615.36
-2349.9
-2121.96
-2024.18
-2083.46
-2190.42
-2352.35
-2674.34
-2993.48
-3226.67
-3450.51
-3692.2
-3838.34
-4068.17
-4374.39
-4914.16
-5417.2
-5503.1
-5409.5
-5254.27
-4865.34
-4236.96
-3448.36
-3170.79
-3633.15
-3431.27
-3623.89
-4172.79
-3743.91
-3084.23
-2381.73
-1712.75
-1428.41
-1337.38
-1291.47
-1104.37
-706.221
-281.042
126.635
385.465
741.729
986.414
1376.87
1767.19
2066.27
2434.52
2692.99
3141.33
3346.3
3785.9
3949.65
4449.49
4965.53
5218.39
5477.71
5365.34
5512.91
5369.13
5463.91
5429.4
5421.19
5337.68
4944.02
4349.97
4130.54
4442.67
4125.79
3729.43
3507.05
3484.54
3463.61
3480.21
3438.43
3224.24
2914.17
2489.62
1872.34
1168.69
463.801
-31.368
-445.832
-888.617
-1312.24
-1690.99
-2028.7
-2460.41
-2974.1
-3319.89
-3316.45
-2997.67
-2792.99
-2796.83
-3090.66
-3326.38
-3309.64
-3188.43
-3286.97
-3785.06
-4248.46
-4079.54
-3517.68
-3246.38
-3288.54
-3210.54
-3166.61
-3125.16
-3119.47
-3276.06
-3459.07
-3547.69
-3789.47
-4015.66
-4470.29
-4896.51
-4876.5
-4554.32
-3882.87
-3666.05
-3725.27
-3881.45
-3839.58
-4118.48
-3520.22
-2940
-2344.59
-2029.35
-2136.3
-1955.61
-1739.33
-1546.75
-1386.4
-1113.69
-833.597
-619.886
-164.36
311.337
820.262
1258.18
1686.52
2223.78
2634.57
3275.64
3609.86
4136.3
4135.81
4334.25
4425.9
4781.26
4670.87
4691.79
5119.04
5093.35
4535.32
4230.75
4515.11
4605.91
4835.5
4907.66
4514.52
4352.42
4421.57
4819.56
4793.99
4603.09
4623.05
4256.77
3740.87
3411.47
2961.3
2487.73
1979.2
1509.54
1190.99
1045.84
947.064
658.299
128.059
-366.809
-876.738
-1510.29
-2248.98
-2906.26
-3392.68
-3710.32
-3855.42
-3907.81
-3817.49
-3615.33
-3548.74
-3623.93
-3719.57
-3827.27
-3901.91
-3616.86
-3350.09
-3392.2
-3540.23
-3679.61
-3807.43
-3859.55
-3747.26
-3610.18
-3395.7
-3157
-2781.8
-2794.47
-3182.78
-3697.35
-4031.08
-4216.2
-3605.32
-3146.03
-3827.51
-4473.54
-4363.21
-4033.05
-3905.53
-4030.48
-3277.65
-2555.19
-2355.91
-2158.45
-1897.41
-1593.42
-1315.46
-909.477
-539.114
-292.713
37.441
345.335
706.354
1193.95
1548.84
1903.72
2263.95
2661.61
3174.24
3403.22
3800.07
3935.21
4421.85
4352.08
4454.83
4705.63
4838.99
4673.55
4681.73
4754.72
4496.82
4841.9
5091.55
5433.44
5795.27
5423.95
5299.02
5850
5687.26
5283.33
5176.44
5057.55
4526.58
3992.79
3844.75
3723.52
3357.86
2691.6
1799.34
1076.69
617.663
289.366
-70.8729
-231.67
-316.366
-307.505
-322
-628.598
-1006.62
-1346.9
-1618.28
-1945.07
-2378.7
-2762.61
-2861.67
-2929.64
-3292.16
-3735.89
-3561.88
-3344.19
-3376.38
-4167.21
-4670.44
-4367.9
-3874.71
-4052.22
-4638.14
-5140.11
-5402.91
-5481.36
-5538.98
-5585.9
-5493.67
-5502.21
-5478.99
-5412.75
-5262.28
-5178.95
-5112
-4668.09
-3880.31
-2559.44
-2115.16
-2180.94
-3208.02
-3327.76
-2672.3
-2380.71
-1778.18
-1187.97
-912.056
-1104.45
-947.844
-732.349
-466.674
-147.002
61.5144
308.624
493.733
819.064
1204.44
1609.85
2184.12
2378.34
3174.13
3745.76
4366.05
4947.55
5121.32
5454.19
5237.62
5440.38
5154.46
4862.04
4695.17
4630.5
4233.89
3997.27
3993.13
3729.4
3400.59
3480.9
3936.31
3931.37
4234.37
4165.82
3779.65
3820.62
3399.97
3104.12
2879.54
2429.17
2038.3
1629.63
1378.87
1173.42
989.634
872.306
546.831
-40.3302
-806.745
-1545.87
-2174.85
-2695.19
-3166.4
-3490.36
-3661.06
-3660.75
-3568.76
-3404.41
-3196.13
-2927.01
-2773.85
-2747.59
-2813.67
-2981.31
-3127.08
-3269.41
-3457.53
-3604.14
-3608.25
-3749.73
-3862.42
-3898.97
-4066.49
-4156.45
-4305.53
-4791.66
-5212.23
-4816.88
-4624.37
-3432.24
-2983.62
-3467.6
-3863.09
-4316.83
-4051.86
-3943.94
-3226.48
-2436.87
-2251.9
-2322
-2390.12
-2339.01
-2142.5
-1844.77
-1523.93
-1222.46
-731.775
-213.68
270.423
887.529
1324.87
1769.91
2278.66
2506.54
3041.46
3447.75
4175.18
4499.96
4549.5
4849.55
4954.49
5193.51
5452.76
6021.03
6128.02
6217.25
6182.25
5906.51
5850.1
5532.04
5126.28
4937.46
4917.55
4572.07
4037
3408.92
3098.5
2844.92
2494.24
2259.14
1976.55
1854.01
1616.21
1237.52
842.555
344.685
-57.4858
-590.879
-1270.99
-2059.48
-2861.18
-3533.11
-3826.69
-3721.75
-3535.35
-3218.76
-3084.75
-3015.01
-2954.91
-2928.02
-2968.88
-2916.49
-2886.71
-2810.43
-2658.4
-2563.07
-2582.4
-2669.36
-2712.79
-2732.37
-2687.76
-2636.65
-2851.78
-3148.8
-3559.62
-4129.64
-4598.21
-4532.13
-3934.32
-3239.74
-3750.64
-3744.69
-3333.94
-3466.41
-4008.94
-4069.08
-3686.83
-2955.87
-2482.51
-2170.15
-2153.2
-1890.58
-1691.56
-1477.13
-1257.93
-947.037
-658.435
-353.309
-15.8598
396.4
906.517
1246.35
1687.43
2142.88
2492.77
3121.89
3452.15
4130.51
4537.68
4993.81
5490.56
5336.58
5620.47
5472.95
5471.26
5615.87
5414.82
5158.43
4696.26
4170.13
4024.33
4359.85
4250.57
4446.99
4439.31
4393.43
4489.37
4329.33
4004.71
3549.93
2992
2411.4
1849.8
1172.73
471.263
-83.2359
-523.385
-870.19
-1138.66
-1561.61
-1928.06
-2055.1
-2106.34
-2074.19
-2078.59
-2184.22
-2273.7
-2317.98
-2652.51
-3283.65
-3598.44
-3615.56
-3629.4
-3816.47
-4349.47
-4658.55
-4078.74
-3483.64
-3486.51
-3518.28
-3481.54
-3483.2
-3636.02
-3838.04
-4107.4
-4282.1
-4285.59
-4488.02
-5156.19
-6027.61
-5899.21
-5261.81
-3581.79
-3035.57
-2873.16
-3375.36
-3339.87
-3139.02
-3264.99
-2315.97
-1715.04
-1411.28
-1254.74
-1019.53
-855.556
-590.735
-149.189
157.605
420.947
824.689
1173.94
1408.97
1781.28
2079.25
2520.63
2925.68
3373.42
3794.66
3984.42
4489.88
4579.1
4649.36
4926.79
5277.69
5757.13
5517.56
5650.08
5425.37
5288.45
5223.35
5435.01
5360.97
5410.97
5561.94
5481.29
5162.3
5019.4
4695.75
4067.78
3472.5
3137.03
2545.6
1723.71
799.405
159.863
-169.522
-296.308
-344.516
-399.95
-575.34
-814.111
-1289.03
-1852.22
-2450.39
-2959.6
-3360.88
-3664.4
-3919.04
-4022.69
-4067.08
-4201.33
-4245.42
-4146.41
-3881.86
-3466.83
-3055.56
-2901.65
-2837.79
-2712.63
-2647.75
-2787.95
-3074.07
-3243.33
-3409.93
-3502.13
-3593.75
-3633.61
-3859.49
-4643.01
-5332.03
-5374.25
-4638.1
-3892.16
-4437.48
-4975.64
-4541.42
-3926.04
-4036.76
-4138.09
-3865.1
-3667.43
-3002.92
-2388.15
-2218.98
-2109.07
-1887.03
-1524.05
-1252.7
-823.693
-188.815
390.55
861.131
