0		0
0		0
0		0
103.849		187.219
165.761		315.162
106.889		306.334
132.818		327.905
176.21		324.299
138.31		310.731
169.261		299.318
140.313		311.872
179.177		305.723
173.075		323.325
163.671		324.58
175.209		321.705
159.326		320.36
140.784		258.926
147.162		298.91
139.562		263.718
152.464		261.958
142.77		264.693
126.682		273.598
151.458		277.346
138.866		295.381
134.988		256.03
158.235		266.238
137.803		271.937
150.206		291.247
163.752		266.366
169.559		247.813
123.677		257.952
148.948		289.301
161.267		296.822
163.696		262.387
182.013		252.706
164.79		287.499
100.246		287.639
139.093		282.572
166.482		269.716
153.235		266.583
133.467		260.857
66.3874		320.887
138.293		274.662
103.33		286.279
160.92		301.209
176.093		313.922
132.299		286.45
136.137		297.107
144.661		307.218
174.666		324.279
137.773		310.667
157.817		317.737
165.94		319.913
174.735		322.678
160.351		294.553
153.858		298.186
157.147		277.063
125.454		281.961
145.514		291.11
133.863		272.665
137.815		301.86
147.615		281.681
135.849		277.021
141.555		292.04
140.324		270.091
160.057		290.959
122.963		277.475
148.506		276.652
123.676		287.92
152.024		280.561
164.494		244.193
132.412		250.957
117.634		247.214
142.384		229.41
133.91		284.24
147.474		318.363
131.867		262.259
134.08		250.29
0		267.352
336.328		166.499
39.9043		300.177
158.641		353.684
164.743		293.811
162.849		283.656
162.359		353.42
155.694		351.088
177.26		260.309
158.06		312.359
193.288		338.174
151.843		331.853
167.547		279.724
172.29		346.714
168.78		311.704
170.95		314.844
173.724		336.606
168.625		302.277
171.387		320.744
175.435		331.151
177.737		309.167
173.499		311.205
157.034		320.052
158.057		304.807
159.459		249.112
151.959		303.876
174.613		278.746
156.731		302.545
175.774		298.068
146.695		272.803
155.42		318.026
139.875		291.548
161.369		314.703
159.525		320.589
164.621		328.074
169.323		287.435
161.613		299.926
166.61		310.929
148.371		294.367
161.838		266.098
145.277		291.757
153.077		318.088
165.429		270.22
160.97		267.616
137.396		302.18
170.309		262.406
148.709		273.098
160.016		309.074
149.257		276.273
114.524		267.906
140.879		262.3
151.051		293.913
159.48		305.236
170.672		286.514
167.587		256.788
147.059		262.559
160.813		284.765
164.495		0
169.667		262.155
165.816		301.22
153.093		287.435
174.449		304.456
142.496		269.154
163.358		280.633
148.846		271.023
153.425		263.406
135.861		343.358
172.924		269.873
154.592		272.774
160.723		324.97
182.445		314.944
147.377		305.853
172.733		287.077
166.814		295.322
165.385		306.352
178.464		320.123
143.546		297.168
171.236		347.759
157.297		281.553
160.451		287.91
167.627		337.48
173.368		314.174
166.332		280.702
149.143		298.644
154.381		297.289
165.667		303.954
176.501		309.695
159.493		303.722
164.183		320.708
167.626		325.99
171.729		274.082
161.994		328.71
164.762		302.337
163.347		300.995
172.093		307.544
167.562		316.607
166.581		315.951
156.422		282.907
132.262		246.751
92.3576		267.483
41.803		202.332
357.226		186.17
9.09483		180.19
345.845		192.455
0		214.615
0		190.863
10.1994		189.039
0		193.887
3.95504		224.831
9.93004		197.827
60.8221		188.366
33.511		219.465
21.6235		201.184
22.1229		210.648
32.8437		202.241
4.10792		202.866
51.0677		224.959
21.2693		228.09
85.8998		241.16
27.0603		239.919
51.988		222.939
20.8429		210.708
34.7188		202.677
16.4594		198.294
67.9166		216.335
19.1418		215.604
72.9157		222.206
38.3142		208.686
31.3317		226.645
36.2698		199.295
16.2687		207.507
3.94411		205.122
0		183.539
56.6156		208.646
43.7563		251.222
106.709		215.112
46.3805		266.328
22.0409		236.466
91.302		290.346
162.378		230.864
74.1708		226.893
90.0627		245.444
75.0011		220.769
120.116		271.892
87.383		212.788
118.844		223
98.6001		225.735
105.632		223.974
112.861		234.857
156.678		245.771
93.6962		269.386
85.0957		325.721
160.902		318.355
154.981		287.584
143.251		269.184
148.787		287.767
140.289		245.545
156.703		257.334
99.9136		307.421
107.678		226.099
128.713		242.663
141.936		231.251
118.351		214.342
98.9317		242.907
101.225		295.976
113.258		276.661
79.5414		225.953
52.6521		270.867
97.5506		279.08
92.8538		291.755
114.994		264.924
91.4725		263.294
172.694		267.412
0		196.995
94.8391		247.588
86.2633		263.747
171.497		256.71
101.193		253.208
150.204		271.882
132.97		286.976
149.982		267.308
102.706		241.07
92.2695		262.837
97.7375		254.838
155.171		264.065
139.116		283.586
44.631		249.455
54.3839		281.133
137.757		312.408
29.2264		271.604
29.151		204.162
92.6642		267.973
130.258		310.136
26.791		277.231
173.991		288.814
67.9627		294.937
37.3319		44.9724
55.7612		56.9526
57.1113		62.1551
75.2709		82.0373
85.6457		222.983
0		0
0		0
72.9929		132.202
147.43		284.145
118.628		251.544
28.15		270.993
157.671		0
162.56		258.089
147.216		259.151
136.671		325.16
158.74		267.047
104.985		276.246
141.422		239.717
61.9283		39.9716
132.387		262.666
141.489		0
169.617		0
184.21		344.854
159.5		321.156
177.499		322.671
181.5		354.997
156.358		284.07
162.015		268.539
152.65		0
184.669		321.796
147.793		248.943
135.71		261.781
149.531		251.958
108.306		259.075
104.044		246.116
159.442		289.027
56.3409		250.488
110.507		272.31
170.389		273.708
22.7861		250.915
29.3079		267.234
128.98		277.863
130.185		214.749
74.472		234.651
48.7746		216.365
45.3797		263.759
164.797		217.489
75.0234		238.069
75.8027		253.147
117.184		223.713
120.657		241.227
26.9509		246.744
118.345		224.515
102.381		264.912
94.7913		222.269
136.025		281.501
96.7403		240.947
163.516		242.67
92.8465		251.281
86.3051		259.399
73.9674		240.185
124.172		255.765
146.918		233.874
52.7284		214.182
123.761		231.717
184.116		267.632
345.135		9.55041
67.4122		176.543
17.6807		44.7167
163.834		285.993
5.63797		182.561
218.646		68.4764
191.996		0
165.462		309.245
115.485		308.362
62.8516		324.562
101.659		349.208
108.254		250.925
0		0
33.4012		159.98
83.7945		275.251
0		0
68.7015		119.052
176.303		230.723
170.244		9.70437
186.978		44.4248
194.725		0
290.12		358.317
122.55		190.865
81.5259		241.199
0		290.525
80.2339		198.448
126.782		266.044
100.01		284.32
113.299		335.329
134.16		312.086
144.703		15.609
122.08		0
169.375		334.689
173.536		271.936
176.488		0
171.133		336.701
193.918		346.942
162.94		330.912
169.344		348.102
180.945		316.142
86.1279		0
168.465		358.893
202.554		330.146
104.483		349.056
164.381		353.581
173.51		352.413
185.71		0
186.115		357.57
174.904		346.335
181.063		349.377
177.471		353.291
168.578		358.128
185.01		284.126
111.573		243.993
0		230.664
41.5713		228.352
23.9995		193.615
0		191.436
0		218.324
356.077		195.106
352.962		227.824
60.3841		292.844
135.583		209.108
127.225		307.988
181.505		309.716
166.498		295.871
176.798		320.211
185.12		337.106
177.971		306.338
198.689		341.012
115.998		138.322
186.118		309.297
177.405		297.977
159.608		333.077
105.254		284.451
209.006		0
160.144		263.511
125.944		292.65
165.573		39.0543
191.994		353.476
111.763		283.979
184.371		329.67
176.723		290.495
191.904		105.019
169.017		298.17
160.364		0
127.412		235.239
153.35		325.023
36.6595		248.172
86.2445		355.797
162.073		346.483
166.675		320.558
178.068		347.275
137.121		325.623
126.054		243.907
9.45194		238.672
93.0532		172.944
312.545		220.888
142.907		272.786
89.7329		275.546
161.374		193.978
119.995		302.419
101.778		268.173
20.5244		316.587
201.609		313.688
62.6791		304.833
165.963		285.638
177.807		294.869
173.753		314.812
70.2932		142.079
158.987		288.55
18.7962		272.698
93.0495		329.764
69.1783		235.691
19.9928		236.558
35.5566		250.674
44.0293		289.594
10.7487		255.439
37.212		272.255
32.2215		259.26
35.2838		269.512
91.5386		288.132
231.227		285.056
0		266.915
15.5731		274.324
0		265.143
196.204		342.846
155.505		244.855
96.864		46.843
152.716		0
121.016		214.145
115.356		355.292
148.728		0
180.673		300.14
97.503		0
209.588		330.599
153.127		328.939
140.774		287.985
50.326		248.604
75.7641		312.372
126.436		243.978
152.969		204.271
55.1976		253.566
40.6822		307.848
80.9345		322.235
21.6119		313.812
26.1919		265.91
51.0688		285.475
68.502		323.391
46.277		304.311
39.6087		357.218
42.6897		307.646
35.0764		178.278
24.7794		262.966
17.1925		260.87
141.95		252.58
149.449		275.556
164.785		311.786
42.2299		243.142
66.6954		287.495
112.002		245.463
28.3034		241.361
25.7669		300.371
195.676		357.662
50.2834		221.982
183.176		16.4212
173.593		356.594
199.508		253.041
133.28		301.541
129.536		328.305
63.4853		302.463
173.278		14.5894
153.233		332.384
223.574		264.79
22.7082		107.466
161.807		321.731
91.4559		161.139
180.861		283.88
29.0059		262.061
9.30934		264.83
55.1782		296.229
7.65795		274.324
37.9087		269.731
60.1618		222.251
73.1724		314.137
84.9667		259.649
85.3891		292.545
126.968		277.858
153.381		274.435
59.3991		334.62
171.066		246.626
173.449		266.373
169.756		307.496
178.343		307.724
154.87		279.359
177.137		328.181
112.355		297.377
61.3712		349.465
175.452		248.714
17.6089		268.494
171.587		271.71
29.8984		255.993
6.52741		263.847
0		254.749
148.3		323.463
158.258		282.354
173.815		286.521
172.839		289.125
186.106		355.395
186.623		252.386
23.2066		206.915
7.74679		174.744
350.868		198.459
6.74073		185.688
356.86		172.914
0		216.353
350.745		223.027
21.0323		274.392
50.5191		185.286
0		264.202
28.6529		294.011
66.2683		270.83
0		280.862
180.362		266.493
14.0054		69.053
179.73		251.811
37.6973		215.632
10.2681		265.406
73.0316		24.3978
168.972		313.259
118.679		253.637
169.471		250.044
12.0684		188.944
128.712		336.379
194.813		344.529
359.526		253.902
165.134		353.026
176.647		329.583
105.371		221.3
33.1161		324.463
106.563		223.318
83.5528		260.809
29.8388		174.594
352.462		165.478
190.608		0
5.08965		270.423
81.6735		175.776
136.727		316.673
160.361		267.327
211.496		0
167.168		285.145
108.351		248.57
94.0557		287.505
165.314		267.631
137.444		326.444
100.722		0
179.779		220.957
55.7397		261.179
124.146		301.91
145.06		303.967
69.3033		247.952
163.175		257.576
21.1435		252.594
101.228		218.109
70.0661		280.316
104.435		240.245
23.0193		234.888
153.333		276.152
180.741		322.352
125.272		346.164
