0
8
21
22
45
27
22
-20
-65
-141
-215
-305
-396
-456
-514
-572
-599
-615
-580
-500
-414
-325
-253
-148
-28
108
206
302
353
388
418
417
365
355
338
288
237
199
110
68
51
40
40
72
107
132
174
212
233
275
330
402
475
533
573
641
694
774
840
896
944
1002
1057
1094
1103
1101
1075
1054
1024
1003
961
964
967
990
1018
1025
1053
1106
1140
1158
1137
1057
958
933
918
857
786
781
722
620
528
573
603
634
673
723
758
784
777
786
789
792
778
785
780
763
751
745
706
644
592
561
503
482
442
418
383
368
361
364
360
350
336
298
248
195
171
112
61
7
-33
-89
-144
-220
-287
-337
-362
-374
-380
-356
-334
-301
-262
-215
-167
-148
-165
-155
-160
-123
-89
-16
37
100
164
259
376
504
649
825
1015
1210
1398
1546
1695
1800
1899
1969
1990
1958
1864
1789
1740
1740
1817
1900
1996
2122
2261
2459
2726
3007
3310
3581
3830
4036
4199
4308
4386
4434
4471
4522
4543
4537
4505
4441
4274
3953
3500
2999
2467
1916
1341
741
146
-341
-752
-1102
-1424
-1654
-1803
-1876
-1840
-1593
-1189
-726
-284
124
456
731
924
1070
1128
1120
1012
853
686
507
323
90
-193
-414
-622
-805
-961
-1087
-1165
-1254
-1390
-1521
-1664
-1852
-2003
-2153
-2262
-2294
-2347
-2440
-2591
-2753
-2919
-3101
-3288
-3513
-3740
-3895
-4081
-4252
-4441
-4607
-4802
-4951
-5081
-5213
-5332
-5419
-5548
-5672
-5839
-6074
-6334
-6634
-6924
-7226
-7510
-7774
-8024
-8191
-8324
-8428
-8522
-8619
-8751
-8962
-9231
-9555
-9838
-10153
-10473
-10757
-11017
-11246
-11458
-11639
-11803
-11985
-12177
-12362
-12544
-12727
-12868
-12969
-13003
-13013
-13003
-13031
-13109
-13202
-13385
-13582
-13784
-14021
-14245
-14444
-14607
-14698
-14712
-14662
-14577
-14443
-14317
-14103
-13876
-13642
-13423
-13161
-12918
-12684
-12449
-12248
-12078
-11924
-11878
-11850
-11569
-11241
-10921
-10492
-10148
-9865
-9429
-8834
-8356
-7874
-7456
-7174
-7020
-6868
-6686
-6569
-6474
-6340
-6239
-6089
-5888
-5633
-5383
-5139
-4830
-4586
-4348
-4073
-3773
-3567
-3391
-3276
-3139
-2851
-2456
-1891
-1377
-954
-549
-121
420
954
1503
2054
2614
3213
3850
4488
5117
5745
6413
7122
7852
8605
9423
10284
11184
12098
12984
13812
14554
15203
15729
16101
16377
16511
16527
16434
16237
15930
15560
15145
14706
14279
13877
13487
13158
12829
12513
12160
11762
11321
10864
10351
9740
9083
8327
7505
6670
5789
4902
4056
3220
2386
1575
801
-7
-755
-1446
-2046
-2513
-2866
-3152
-3428
-3771
-4125
-4490
-4855
-5214
-5601
-6012
-6460
-6930
-7429
-7929
-8336
-8631
-8860
-8980
-8962
-8864
-8680
-8263
-7418
-6280
-5088
-3988
-3224
-2711
-2484
-2289
-2307
-2573
-2964
-3174
-3269
-3317
-3297
-3211
-3240
-3281
-3214
-2978
-2553
-1976
-1369
-828
-512
-421
-484
-634
-793
-816
-682
-416
-15
649
1528
2551
3766
5153
6541
7927
9331
10791
12147
13302
14285
15025
15530
15794
15857
15767
15517
15120
14756
14455
14159
13782
13397
12858
12198
11193
10000
8622
7085
5653
4475
3410
2224
809
-800
-2412
-3891
-5239
-6442
-7485
-8392
-9111
-9700
-10290
-10867
-11359
-11673
-11835
-11948
-12105
-12397
-12841
-13435
-14076
-14770
-15424
-16066
-16716
-17433
-18217
-19043
-19854
-20631
-21393
-22154
-22888
-23612
-24305
-24974
-25623
-26172
-26513
-26633
-26457
-25977
-25090
-23889
-22427
-20576
-18389
-15775
-12858
-9632
-6390
-3338
-555
2017
4370
6714
9131
11579
13883
15968
17984
19820
21344
22590
23563
24209
24758
25244
25828
26487
27128
27793
28762
29959
31237
32599
33859
34792
35338
35444
35206
34634
33983
33247
32226
30969
28957
26280
23203
20031
17007
14337
11675
8961
6080
3005
-211
-3408
-6357
-9032
-11416
-13615
-15453
-16962
-18171
-19199
-20121
-21016
-21885
-22712
-23531
-24334
-25131
-26010
-27065
-28312
-29745
-31163
-32463
-33612
-34572
-35338
-35809
-35972
-35929
-35762
-35404
-34836
-34163
-33360
-32437
-31359
-30100
-28497
-26510
-24131
-21367
-18216
-14822
-11368
-7893
-4429
-945
2536
6051
9640
13263
16884
20584
24198
27590
30591
33251
35592
37548
39001
39874
40061
40070
40385
41149
42082
42845
43165
43020
42655
42061
41472
40753
39763
38278
36024
32893
29255
25435
21669
18085
14583
11050
7386
3585
-230
-4113
-7959
-11486
-14370
-16643
-18342
-19748
-20960
-22049
-22991
-23665
-24128
-24620
-25378
-26765
-28718
-31001
-33315
-35579
-37822
-40105
-42277
-43900
-44707
-44712
-43986
-42583
-40905
-39149
-37426
-35705
-33973
-32175
-30203
-27949
-25469
-22894
-20122
-17031
-13631
-9990
-6066
-2049
1979
6011
10074
14181
18380
22557
26513
30209
33520
36400
38798
40871
42688
44115
45036
44990
44427
43774
43569
43755
43921
43867
43505
42927
42217
41348
39828
37323
33701
29264
24893
20818
16984
13363
9657
5491
1028
-3492
-7660
-11477
-14861
-17764
-20021
-21833
-23338
-24449
-25242
-25818
-26384
-26981
-27700
-28598
-29850
-31252
-32609
-33942
-35444
-37375
-39704
-41984
-43680
-44358
-44178
-43206
-41852
-40276
-38543
-36708
-34721
-32591
-30228
-27671
-24836
-21808
-18657
-15259
-11596
-7724
-3587
983
5734
10490
15172
19793
24227
28446
32480
36233
39510
42385
44706
46414
47609
48319
48617
48506
48128
47851
47854
48050
48086
47825
46993
45335
42320
38295
33917
29568
25484
21921
18503
14946
11059
6852
2389
-2202
-6532
-10443
-13865
-16920
-19579
-21800
-23619
-25077
-26320
-27400
-28438
-29653
-31096
-32760
-34436
-36051
-37574
-39039
-40400
-41516
-42234
-42503
-42327
-41738
-40955
-39980
-38801
-37311
-35467
-33400
-30966
-28413
-25675
-22901
-20115
-17352
-14592
-11630
-8264
-4118
561
5412
10267
15149
19960
24540
28771
32729
36344
39529
42169
44362
46117
47363
48007
47854
47229
46611
46326
46359
46378
46236
45868
45100
43473
40970
37643
33737
29799
26580
23828
20642
16662
11909
6798
1362
-4071
-9180
-13424
-16782
-19201
-21033
-22374
-23412
-24179
-24675
-25088
-25458
-25877
-26302
-26742
-27183
-27691
-28375
-29491
-30936
-32628
-34397
-36133
-37771
-39172
-40258
-41058
-41363
-41125
-40216
-38770
-36882
-34605
-32127
-29438
-26672
-23788
-20967
-18258
-15510
-12504
-9330
-5926
-2198
1824
6087
10352
14430
18291
22032
25678
29226
32657
35993
39150
41768
43779
45139
46055
46689
47207
47373
47204
46729
46052
45240
44418
43495
42216
40266
37349
33756
30071
26461
23058
19847
16690
13485
10154
6435
2192
-2231
-6502
-10423
-13834
-16692
-19000
-20620
-21740
-22526
-23179
-23842
-24600
-25515
-26452
-27324
-28192
-28936
-29606
-30374
-31312
-32295
-33202
-33932
-34438
-34767
-35041
-35397
-35855
-36260
-36427
-36269
-35621
-34460
-32626
-30242
-27564
-24641
-21527
-18535
-15686
-12877
-10052
-7172
-4102
-695
3096
7160
11396
15580
19424
23048
26536
29842
32823
35377
37607
39477
41002
42230
43074
43564
43653
43485
43157
42762
42324
41807
41236
40524
39597
38244
36350
33801
30981
28034
24904
21744
18609
15434
11987
8339
4550
409
-3859
-8007
-11749
-14966
-17719
-19854
-21486
-22715
-23564
-24237
-24794
-25280
-25844
-26437
-27120
-27898
-28709
-29543
-30324
-31113
-31933
-32762
-33573
-34318
-35043
-35643
-36100
-36525
-36876
-37035
-36896
-36286
-35102
-33202
-30824
-27955
-24673
-21242
-18064
-15107
-12299
-9435
-6434
-3247
246
4077
8150
12442
16638
20419
23882
26967
29710
32304
34544
36274
37443
38164
38586
38903
39178
39602
40128
40766
41234
41475
41443
41112
40526
39613
38257
36427
33948
31057
28139
25403
22688
19937
17033
14118
10597
5923
1110
-3393
-7388
-11011
-14222
-17100
-19463
-21307
-22459
-23121
-23461
-23754
-24223
-25053
-26217
-27545
-28923
-30211
-31365
-32317
-33045
-33615
-34135
-34696
-35286
-35880
-36483
-36981
-37353
-37498
-37441
-37008
-36241
-35166
-33696
-31851
-29571
-26869
-23770
-20340
-16836
-13356
-9829
-6242
-2638
988
4761
8932
13263
17385
21036
24492
27759
30762
33383
35498
37004
38079
38899
39681
40502
41349
42128
42673
42971
43171
43274
43208
42867
42233
41369
40127
38241
35267
31769
28373
25233
22337
19552
16836
14011
10972
7507
3608
-359
-4090
-7354
-10309
-12900
-14940
-16514
-17697
-18759
-19839
-21000
-22221
-23351
-24410
-25465
-26577
-27793
-29138
-30638
-32111
-33445
-34584
-35554
-36353
-36959
-37328
-37481
-37363
-36959
-36483
-35940
-35320
-34584
-33653
-32429
-30908
-29033
-26803
-24145
-21067
-17818
-14513
-11160
-7805
-4439
-980
2625
6416
10245
14038
17758
21493
25175
28349
30972
32977
34556
35760
36644
37392
38029
38400
38566
38852
39407
40164
40897
41263
41348
41203
40922
40369
39343
37494
34671
30949
27129
23684
20639
17969
15413
12782
9916
6714
3186
-550
-4135
-7386
-10263
-12822
-14969
-16837
-18370
-19632
-20568
-21395
-22246
-23165
-24222
-25462
-26783
-28139
-29481
-30748
-31916
-32956
-33866
-34710
-35571
-36392
-37068
-37503
-37651
-37517
-37149
-36604
-35910
-35038
-33994
-32660
-31050
-29152
-26872
-24270
-21220
-17845
-14163
-10440
-6763
-3098
477
4104
7902
11971
16001
19708
23167
26431
29358
31732
33373
34461
34959
35313
35666
36327
37146
37982
38814
39603
40301
40874
41240
41362
41192
40803
40120
39279
37935
36041
33104
29026
24651
20786
17286
14309
11766
9279
6333
2962
-855
-4832
-8622
-11972
-14609
-16672
-18198
-19150
-19743
-20162
-20569
-21116
-21836
-22750
-23858
-25059
-26383
-27764
-29154
-30531
-31822
-32951
-33954
-34828
-35544
-35904
-35857
-35431
-34822
-34190
-33646
-33184
-32663
-31941
-30975
-29833
-28512
-27002
-25210
-22948
-20278
-17038
-13641
-10307
-7065
-3732
-163
3776
8062
12525
16990
21342
25349
28695
31361
33139
34346
35109
35606
35952
36197
36629
37266
38011
38754
39510
40142
40527
40618
40407
40036
39387
38663
37550
35897
33525
30412
27075
23813
20538
17350
14450
12099
9052
4982
620
-3537
-7280
-10625
-13507
-16020
-18126
-19792
-21032
-21971
-22809
-23559
-24358
-25159
-26010
-26887
-27719
-28481
-29200
-29891
-30518
-31089
-31624
-32351
-33228
-34276
-35259
-36042
-36620
-36981
-37153
-37128
-36757
-36054
-34865
-33238
-31132
-28601
-25724
-22408
-18828
-15182
-11652
-8223
-4826
-1349
2479
6514
10645
14625
18261
21760
25206
28372
31179
33275
34632
35138
35232
35347
35737
36382
37188
38190
39372
40574
41590
42215
42434
42204
41637
40732
39624
38191
36164
33256
29604
25947
22440
19145
16017
12853
9430
5850
2239
-1431
-5013
-8237
-10954
-13046
-14679
-15982
-17029
-17971
-18861
-19716
-20532
-21327
-22164
-23084
-24120
-25291
-26561
-27917
-29390
-30813
-32150
-33381
-34500
-35447
-36077
-36361
-36260
-35855
-35221
-34437
-33599
-32762
-31936
-31010
-29971
-28660
-27075
-25206
-23084
-20675
-17856
-14706
-11335
-7999
-4658
-1239
2286
6280
10626
15062
19300
23191
26716
29868
32425
34274
35449
36096
36461
36743
37051
37528
37987
38437
38959
39668
40412
40844
41043
40964
40577
39928
38851
37183
34636
31303
27740
24344
21146
18328
15765
13211
10526
7340
3424
-782
-4811
-8371
-11527
-14246
-16454
-18267
-19703
-20779
-21595
-22163
-22565
-22828
-23064
-23358
-23852
-24580
-25571
-26692
-27906
-29097
-30172
-31153
-32132
-33028
-33747
-34199
-34413
-34507
-34543
-34555
-34461
-34166
-33582
-32707
-31494
-29994
-28157
-25997
-23583
-20691
-17446
-14256
-11120
-7895
-4639
-1347
2183
6061
10238
14228
17788
21205
24412
27269
29633
31445
32872
33857
34655
35393
36241
37059
37695
38362
39121
39874
40545
41014
41229
41162
40917
40310
39265
37321
34558
31230
27859
24557
21579
18897
16305
13625
10918
7770
3955
-275
-4362
-7869
-11050
-13772
-16124
-18039
-19479
-20516
-21192
-21633
-21964
-22322
-22836
-23439
-24162
-25047
-25993
-27044
-28129
-29233
-30223
-31063
-31767
-32533
-33378
-34205
-34844
-35137
-35127
-34888
-34596
-34189
-33577
-32701
-31528
-29970
-28105
-25997
-23513
-20593
-17233
-13696
-10178
-6689
-3251
98
3673
7699
11803
15828
19768
23605
26967
29682
31584
32824
33457
33912
34405
34993
35631
36418
37175
37912
38704
39413
39845
39877
39460
38770
37819
36602
34998
32969
30440
27488
24595
22011
19649
17263
14931
12587
10253
7792
5220
2612
11
-2591
-5163
-7711
-10203
-12556
-14765
-16718
-18406
-19754
-20837
-21777
-22728
-23840
-25112
-26530
-28137
-29804
-31383
-32763
-33843
-34580
-35166
-35577
-35683
-35366
-34738
-34051
-33511
-33220
-33200
-33276
-33233
-32849
-31982
-30648
-28848
-26522
-23655
-20267
-16806
-13276
-9919
-6756
-3665
-539
3024
7110
11485
15685
19688
23419
26657
29175
31061
32345
33060
33541
34093
34836
35717
36803
38230
39661
41047
42214
42910
43206
43083
42548
41796
40838
39604
37688
34999
31663
28094
24583
21265
18269
15464
12579
9279
5344
1207
-2963
-7031
-10849
-14218
-17028
-19405
-21336
-22718
-23658
-24234
-24609
-24870
-25095
-25369
-25827
-26559
-27594
-28779
-30046
-31254
-32338
-33285
-34084
-34811
-35484
-36011
-36323
-36429
-36375
-36195
-35889
-35411
-34761
-33876
-32688
-31245
-29621
-27730
-25523
-22913
-19849
-16348
-12630
-8803
-4994
-1292
2349
6187
10540
14910
18841
22601
26303
29720
32825
35014
36168
36276
36028
35928
36180
36738
37530
38404
39379
40419
41383
42123
42538
42584
42341
41764
40909
39397
37109
33855
30008
26144
22666
19583
16812
14125
11121
7660
3859
59
-3519
-6786
-9673
-12142
-14269
-16121
-17678
-19052
-20158
-21040
-21561
-21886
-22179
-22617
-23271
-24272
-25554
-27087
-28767
-30475
-32116
-33625
-34984
-36130
-36978
-37269
-36846
-35924
-34691
-33422
-32343
-31516
-30869
-30153
-29303
-28217
-26856
-25219
-23216
-20825
-18093
-15170
-12038
-8895
-5704
-2456
805
4184
7816
11777
15872
19891
23732
27190
29889
31702
32766
33380
33898
34316
34739
35150
35817
36779
37913
39068
40107
41021
41615
41994
42047
41747
40896
39486
37317
34523
31179
27517
23943
20695
17795
15075
12222
9074
5660
2173
-1191
-4398
-7398
-10254
-12835
-15016
-16816
-18164
-19230
-20049
-20614
-20936
-21230
-21615
-22368
-23563
-25315
-27453
-29882
-32351
-34635
-36490
-37885
-38721
-39117
-38924
-38229
-37159
-36004
-34989
-34241
-33783
-33527
-33264
-32718
-31861
-30720
-29181
-27244
-24760
-21753
-18338
-14871
-11409
-7804
-3989
-81
3985
8358
12894
17377
21562
25396
28740
31518
33287
34180
34289
34010
33806
33885
34284
35094
36178
37485
38843
40170
41215
41943
42223
42211
41919
41383
40374
38747
36237
32778
28885
25023
21387
18217
15546
13039
10277
7022
3427
-258
-3759
-7037
-9952
-12478
-14580
-16263
-17741
-19119
-20337
-21301
-22019
-22520
-22952
-23475
-24212
-25198
-26512
-28072
-29706
-31283
-32624
-33807
-34812
-35513
-35829
-35710
-35287
-34689
-34167
-33866
-33772
-33652
-33326
-32687
-31726
-30481
-29000
-27152
-24953
-22085
-18685
-15082
-11580
-8225
-4896
-1352
2499
6689
11196
15692
20077
24271
28031
30786
32472
33259
33528
33410
33069
32791
33062
33777
34925
36343
38084
39779
41361
42570
43312
43406
43006
42065
40736
38875
36236
32990
29369
25871
22603
19793
17384
15146
12502
8494
4231
425
-2967
-6194
-9379
-12376
-15126
-17514
-19352
-20642
-21382
-21789
-22132
-22587
-23241
-24257
-25548
-27030
-28568
-29993
-31168
-32019
-32608
-33070
-33492
-33910
-34294
-34623
-34907
-35023
-35087
-35151
-35203
-35136
-34857
-34202
-33198
-31795
-29935
-27749
-25025
-21945
-18729
-15351
-11855
-8263
-4523
-434
3944
8479
13014
17301
21118
24547
27666
30507
33022
35080
36596
37639
38323
38909
39457
39993
40576
41220
41920
42649
43192
43520
43501
43191
42507
41493
40021
37740
34705
31210
27776
24572
21635
19029
16519
13725
10273
6418
2426
-1684
-5749
-9633
-13197
-16337
-19097
-21303
-23000
-24222
-25118
-25834
-26384
-26848
-27314
-27993
-29072
-30409
-31828
-33179
-34353
-35303
-36153
-36981
-37655
-38061
-38141
-37954
-37524
-37165
-36923
-36653
-36203
-35485
-34314
-32757
-30852
-28303
-25120
-21481
-17702
-14293
-11064
-7815
-4485
-877
3200
7649
12300
16744
20759
24455
27789
30558
32749
34561
36027
37110
37934
38670
39642
40633
41602
42602
43525
44393
44998
45353
45349
44950
44242
43074
41351
38763
35479
31798
28250
24974
21873
18836
15474
11705
7525
3076
-1330
-5421
-9148
-12337
-15102
-17552
-19735
-21598
-22967
-23977
-24580
-24982
-25320
-25764
-26442
-27401
-28601
-29980
-31387
-32659
-33688
-34546
-35302
-35977
-36489
-36798
-36915
-36852
-36685
-36594
-36524
-36342
-35893
-35015
-33805
-32091
-29862
-27077
-23829
-20281
-16539
-12736
-9271
-5890
-2383
1469
5788
10498
15143
19559
23749
27568
30955
33891
36310
38091
39455
40524
41485
42447
43373
44293
45135
45947
46657
47173
47553
47725
47655
47258
46156
43992
40199
35321
30156
25448
21389
17694
13975
10138
6090
2029
-1882
-5430
-8470
-11172
-13445
-15314
-16861
-18221
-19381
-20277
-20981
-21616
-22255
-23012
-24004
-25345
-26892
-28593
-30447
-32331
-34009
-35441
-36701
-37927
-39266
-40540
-41318
-41303
-40622
-39566
-38442
-37438
-36447
-35399
-34103
-32604
-30810
-28736
-26225
-23282
-19642
-15470
-11285
-7280
-3545
-40
3493
7384
11728
16250
20578
24667
28495
32044
35152
37469
38913
39426
39563
39805
40232
40843
41529
42204
42812
43375
43816
43944
43726
43180
42362
41265
39936
38090
35639
32499
29075
25580
22161
18787
15306
11433
7181
2741
-2023
-6820
-11450
-15678
-19411
-22532
-25058
-26896
-28208
-28981
-29451
-29712
-29689
-29484
-29230
-29133
-29411
-29859
-30560
-31423
-32320
-33122
-33945
-34961
-36120
-37300
-38413
-39265
-39931
-40521
-40994
-41159
-40741
-39693
-37929
-35257
-31681
-27135
-22207
-17295
-12435
-7887
-3474
1009
5718
10621
15495
20158
24400
28119
31273
33775
36065
38104
40074
41690
43058
43989
44570
44992
45419
45892
46380
46801
46896
46486
45568
44087
42149
39647
36611
32982
29190
25661
22612
19707
16667
13475
10009
5684
322
-5305
-10406
-14593
-18068
-20791
-22962
-24368
-25079
-25374
-25669
-26119
-26711
-27467
-28395
-29521
-30675
-31763
-32925
-34336
-36032
-38119
-40422
-42691
-44801
-46620
-47932
-48644
-48735
-48356
-47479
-46008
-44025
-41354
-38094
-34115
-29489
-24875
-20793
-17260
-13731
-10080
-6307
-2450
1484
5334
9158
13132
17252
21285
25369
29290
32706
35564
38063
40148
41600
42306
42115
41370
40596
40167
39932
39583
38980
38066
36954
35811
34405
32519
30395
28230
26221
24408
22803
21192
19689
18085
16210
14242
12246
10368
8981
8150
7497
6826
5797
4256
2027
-633
-3421
-6120
-8441
-10590
-12612
-14660
-16646
-18387
-20001
-21260
-21949
-21959
-21466
-20601
-19757
-19113
-18928
-19380
-20756
-23253
-27147
-32295
-37740
-42649
-46505
-48637
-49089
-47902
-45069
-40979
-36072
-31038
-25780
-20676
-15929
-11363
-6977
-2892
893
4014
6514
8035
8631
8636
8215
8026
8820
10583
13518
17328
21819
26220
30330
33807
36526
38314
39223
39004
37804
35917
33653
31705
30048
28741
27477
26177
24416
22237
19668
17094
14742
12745
10991
9367
7859
6579
5564
4720
3566
1983
-40
-2252
-4558
-6687
-8494
-9996
-11400
-12638
-13652
-14272
-14582
-14855
-15270
-15908
-16853
-18057
-19382
-20594
-21600
-22333
-22949
-23428
-23871
-24299
-24830
-25431
-26122
-26809
-27365
-27774
-27967
-27976
-27753
-27377
-26786
-25923
-24809
-23491
-22057
-20379
-18163
-15354
-12380
-9279
-5899
-2760
65
2500
4746
7084
9664
12331
14971
17514
19852
21757
23286
24565
25527
26467
27425
28482
29685
30944
32229
33574
35009
36263
37270
37746
37673
37031
35881
34579
32934
31146
28923
26526
23574
20687
18203
16273
14602
12967
11374
9792
7961
5638
2988
-35
-3394
-6849
-10126
-13072
-15532
-17405
-18651
-19182
-19313
-19208
-19075
-19249
-19794
-20667
-21654
-22562
-23356
-24078
-24760
-25437
-26151
-26883
-27670
-28478
-29367
-30336
-31227
-31925
-32399
-32688
-32638
-32333
-31655
-30674
-29306
-27639
-25411
-22389
-18553
-14453
-10566
-7209
-4277
-1690
732
2900
5008
7295
9908
12599
14957
17154
19213
21064
22910
24800
26619
28151
29636
30950
32079
33205
34207
35139
36008
36865
37540
37962
38222
37995
37550
36651
35421
33761
31817
29891
27894
25950
24244
22556
20654
18591
16232
13457
10112
6113
1943
-2274
-6467
-10479
-14140
-17502
-20268
-22396
-23678
-24238
-24271
-24023
-23920
-23918
-23695
-23194
-22589
-21992
-21564
-21430
-21523
-21868
-22500
-23465
-24787
-26412
-28307
-30309
-32363
-34299
-35978
-37078
-37518
-37154
-36070
-34171
-31645
-28697
-25350
-21605
-16922
-12249
-8693
-6055
-3946
-1921
238
2562
4987
7660
10282
12739
15020
17081
19144
21291
23361
25383
27287
29031
30547
31855
33142
34317
35366
36369
37214
37980
38498
38944
39185
39085
38684
37934
36728
35060
32863
30232
27888
25476
23508
21400
18774
16057
12887
9534
5688
1606
-2734
-7266
-11746
-15737
-18915
-21143
-22664
-23667
-24342
-24736
-24925
-24939
-24702
-24161
-23379
-22620
-21874
-21214
-20650
-20415
-20501
-20954
-21827
-22989
-24391
-26097
-28061
-30063
-31858
-33355
-34471
-35138
-35297
-34967
-34089
-32639
-30733
-28124
-24850
-21423
-18428
-15909
-13382
-10781
-7918
-4717
-1291
2238
5826
9445
13056
16339
19190
21419
23239
24758
26195
27525
28879
30364
31873
33313
34631
35761
36584
37325
38005
38690
39285
39582
39588
39471
39204
38722
37725
35953
33425
30378
27086
24243
21685
19350
16820
14183
11282
7261
2672
-1984
-6437
-10705
-14754
-18368
-21131
-23022
-23914
-24048
-23631
-22927
-22303
-21804
-21331
-20863
-20370
-20020
-19853
-19899
-20234
-20906
-21960
-23276
-24854
-26618
-28448
-30305
-31998
-33505
-34868
-35999
-36728
-36929
-36374
-35159
-33336
-30902
-27886
-24450
-20786
-17125
-13756
-11073
-8598
-6071
-3228
-50
3185
6443
9670
12612
15165
17546
19692
21582
23255
24976
26728
28425
30032
31469
32744
33827
34791
35752
36797
37820
38684
39320
39656
39866
39854
39730
39230
38125
36560
34279
31361
28230
25094
22501
20160
18084
15804
13236
9885
5901
1622
-2810
-7234
-11601
-15673
-19150
-21903
-23804
-24840
-25407
-25618
-25765
-25799
-25590
-24997
-24131
-23242
-22473
-21938
-21904
-22260
-22878
-23644
-24655
-25983
-27567
-29415
-31346
-33177
-34813
-36064
-36988
-37519
-37470
-36681
-35135
-33080
-30527
-27483
-23893
-20260
-16764
-13712
-10639
-7645
-4467
-892
2915
6688
10255
13639
16570
19005
20943
22638
24222
25870
27432
28923
30294
31756
33226
34573
35883
37158
38206
39041
39612
39949
39880
39528
38853
37904
36696
35440
33746
31554
28936
25986
23575
21381
19882
18320
16327
13629
10297
6409
2362
-1975
-6483
-11045
-15580
-19781
-23418
-26228
-27862
-28568
-28500
-27925
-26770
-25225
-23546
-21995
-20709
-19855
-19416
-19510
-20062
-21032
-22413
-24139
-26181
-28375
-30578
-32692
-34604
-36220
-37375
-37875
-37748
-36893
-35556
-33732
-31481
-28808
-25712
-21996
-17771
-13723
-10322
-7209
-4166
-901
2485
6146
9881
13641
17206
20139
22384
24016
25370
26653
28044
29490
31084
32565
33996
35290
36549
37818
38870
39581
40119
40521
40825
40952
40994
40798
40244
39281
37540
35191
32244
29186
25893
23061
19984
17406
15063
12339
8469
3781
-1152
-5978
-10626
-14890
-18412
-21078
-22805
-23551
-23721
-23525
-23158
-22678
-22183
-21760
-21527
-21592
-21989
-22638
-23585
-24732
-26010
-27476
-29151
-31017
-32987
-34970
-36831
-38407
-39612
-40351
-40499
-40154
-39256
-37940
-36141
-33841
-31065
-28408
-24740
-20627
-16571
-12992
-9623
-6216
-2769
653
4048
7580
11249
14966
18367
21447
24316
26704
28614
30069
31193
32003
32620
33296
33910
34755
35852
37022
38161
39254
40185
40931
41512
41846
41802
41599
41083
40194
38516
36206
33089
30203
26899
24346
21620
19216
16542
13791
10502
6351
1665
-3276
-8191
-12819
-17148
-21036
-23994
-26017
-26975
-27229
-27089
-26929
-26680
-26218
-25579
-24815
-24064
-23601
-23512
-23761
-24418
-25458
-26853
-28574
-30589
-32706
-34791
-36660
-38160
-39264
-39915
-40064
-39806
-38991
-37670
-35762
-33362
-30521
-27353
-23821
-19759
-15997
-11600
-7463
-3711
-125
3497
7220
10969
14535
17779
20630
22989
24846
26237
27444
28429
29525
30764
32025
33310
34787
36464
38029
39410
40490
41284
41670
41691
41321
40812
40248
39594
38770
37710
36234
34043
31226
27942
24636
21646
18645
15689
12782
9224
5040
501
-3971
-8249
-12310
-15950
-19002
-21268
-22689
-23575
-24098
-24438
-24708
-24925
-25148
-25368
-25472
-25538
-25625
-25805
-26089
-26626
-27408
-28461
-29857
-31526
-33333
-35036
-36600
-37814
-38627
-39048
-39204
-38956
-38248
-36942
-35080
-32576
-29607
-26450
-23902
-20510
-16887
-13336
-9772
-5976
-2173
1689
5574
9548
13387
17143
20817
24118
26909
29388
31549
33417
34844
35988
36820
37475
38066
38534
39078
39735
40457
41166
41698
42086
42245
42137
41855
41277
40121
38255
35636
32381
28887
25244
22282
19773
17379
14857
11811
7992
3579
-1005
-5538
-9921
-14077
-17980
-21391
-23999
-25926
-27071
-27761
-28263
-28516
-28450
-27965
-27244
-26554
-26063
-25989
-26201
-26711
-27424
-28281
-29361
-30593
-31984
-33398
-34843
-36194
-37361
-38173
-38653
-38585
-38092
-37016
-35518
-33603
-31179
-28410
-26010
-22639
-18950
-15385
-12027
-8588
-5080
-1311
2665
7054
11627
16006
20093
23614
26668
29409
31635
33327
34705
35897
36997
38100
39164
40238
41379
42350
43266
43972
44506
44830
44829
44633
44125
43352
42260
40280
37612
34273
30585
27313
24409
21604
19082
16230
12800
8712
4157
-555
-5095
-9597
-13930
-17930
-21323
-23860
-25679
-26716
-27180
-27217
-27054
-26786
-26468
-26163
-25985
-26008
-26292
-26832
-27655
-28652
-29783
-31128
-32636
-34158
-35679
-37045
-38224
-39161
-39844
-40211
-40150
-39669
-38590
-37044
-35056
-32680
-30084
-27260
-24334
-21111
-17559
-13592
-9372
-5146
-869
3525
8034
12501
16890
20803
24275
27590
30567
32833
34250
35042
35418
35628
35853
36310
37118
38282
39658
41041
42288
43407
44206
44769
44995
44640
43863
42285
40003
36687
32592
28663
25167
22679
20552
18793
16470
13671
10065
5787
1093
-3703
-8337
-12835
-17312
-21619
-25445
-28453
-30296
-31161
-31168
-30739
-30070
-29384
-28591
-27716
-26953
-26547
-26537
-26846
-27467
-28347
-29297
-30368
-31618
-33028
-34587
-36107
-37372
-38237
-38641
-38505
-37962
-36934
-35462
-33398
-30902
-27999
-24760
-20999
-16811
-12954
-9597
-6371
-2943
619
4689
9230
13821
18200
22192
25688
28687
31283
33268
34635
35322
35671
36141
36975
38129
39497
40864
42168
43328
44251
44907
45181
45051
44619
43870
42914
41349
38953
35854
32230
28782
25302
21908
18957
16328
14005
11051
7414
3324
-1053
-5798
-10621
-15232
-19586
-23282
-26205
-28227
-29245
-29491
-29201
-28752
-28338
-27998
-27927
-28076
-28508
-29287
-30290
-31265
-32161
-32985
-33759
-34577
-35557
-36621
-37519
-38053
-38276
-38292
-38176
-37906
-37440
-36519
-35120
-33160
-30668
-27690
-24263
-20466
-16468
-12379
-8398
-4592
-856
2996
6865
11160
15752
20072
24050
27844
31236
33867
35571
36512
36595
36402
36337
36543
37141
38109
39379
40787
42247
43652
44778
45459
45676
45497
44873
43780
41985
39366
35808
31779
28002
24609
21861
19621
17415
14720
11466
7547
3313
-1131
-5787
-10427
-15123
-19775
-23878
-27194
-29343
-30547
-30995
-30828
-30394
-29816
-29221
-28667
-28244
-28073
-28196
-28515
-29030
-29754
-30720
-31858
-33160
-34524
-35880
-37237
-38488
-39552
-40240
-40419
-40137
-39458
-38254
-36538
-34196
-31266
-27405
-22987
-18471
-14249
-10496
-7109
-3739
47
4343
9152
14375
19549
24235
28612
32439
35851
38493
40474
41872
42698
43279
43810
44369
44766
45228
45820
46503
46990
47111
46927
46449
45581
44150
41920
38878
34603
29910
24851
20423
16613
13664
11107
8456
5517
1853
-2081
-5760
-9107
-12193
-15092
-17787
-20027
-21650
-22572
-23014
-23139
-23175
-23206
-23318
-23618
-24216
-25156
-26510
-28104
-29842
-31614
-33310
-34838
-36252
-37482
-38540
-39421
-40095
-40476
-40441
-39954
-39043
-37829
-36322
-34583
-32646
-30503
-28219
-25773
-22961
-19494
-15605
-11679
-7852
-4033
-356
3187
6807
10655
14814
19076
23036
26655
30114
33275
35746
37281
38327
38890
39306
39691
40235
40782
41270
41783
42446
43093
43652
43985
44052
43739
43016
41727
39698
36810
33196
29284
25504
22311
19697
17290
14860
12257
9195
5508
1546
-2446
-6340
-10117
-13824
-17329
-20327
-22734
-24461
-25635
-26279
-26613
-26829
-26952
-27078
-27317
-27740
-28475
-29348
-30393
-31534
-32670
-33757
-34843
-35939
-37014
-37954
-38628
-38884
-38699
-38170
-37327
-36203
-34800
-33165
-31261
-29050
-26482
-23468
-20020
-16179
-12580
-9731
-6913
-4137
-1099
2358
6452
10874
15395
19793
23883
27563
30860
33495
35405
36928
38023
38844
39393
39961
40661
41427
42349
43365
44300
44954
45250
45215
44920
44388
43443
41830
39330
36058
32490
28709
25410
22459
19965
17284
14389
10967
6708
1992
-2515
-6612
-10723
-14741
-18411
-21489
-23735
-25200
-25930
-26383
-26693
-26986
-27208
-27394
-27622
-28060
-28778
-29745
-30756
-31783
-32792
-33839
-35037
-36412
-37846
-39215
-40426
-41427
-42305
-42810
-42873
-42291
-41102
-39122
-36358
-32660
-28264
-23285
-18370
-14316
-11399
-9040
-6808
-4424
-1374
2652
7309
12069
16542
20461
23799
26563
28753
30654
32107
33187
33895
34619
35697
37011
38362
39775
41114
42424
43496
44216
44544
44552
44322
43734
42967
41999
40408
38089
34988
31498
27838
24655
21970
19639
17224
14382
11054
7363
3495
-362
-3996
-7508
-10997
-14334
-17417
-20097
-22382
-24316
-26049
-27656
-28996
-30037
-30757
-31357
-31836
-32366
-32909
-33413
-33765
-33969
-34123
-34265
-34529
-34853
-35170
-35466
-35712
-35939
-36210
-36437
-36522
-36279
-35490
-34209
-32351
-29963
-27109
-23849
-20381
-16844
-13264
-9794
-6358
-2917
758
4810
9447
14301
18871
23015
26599
29369
31258
32362
32804
33048
33283
33662
34286
35143
36460
38071
39848
41689
43442
44885
45883
46334
46325
45799
44655
42889
40220
36762
32590
28400
24570
21871
19637
17655
15206
12101
8637
4709
559
-3712
-7947
-12061
-16013
-19474
-22360
-24623
-26106
-26953
-27233
-27243
-27091
-26971
-27060
-27656
-28606
-29838
-31177
-32475
-33725
-34961
-36160
-37299
-38203
-38718
-38770
-38604
-38305
-37964
-37544
-36955
-36073
-34837
-33263
-31314
-28986
-26289
-23027
-19306
-15501
-11717
-8235
-4885
-1577
1934
5867
10322
14775
19071
23302
27212
30518
32849
34077
34382
34430
34478
34828
35547
36515
37684
38946
40475
42124
43564
44627
45136
45173
44848
44044
42729
40424
37030
32824
28366
24041
20227
17072
14841
12789
10370
7467
4087
552
-2940
-6271
-9296
-11932
-14214
-16203
-18045
-19828
-21496
-23005
-24263
-25267
-26096
-26973
-28063
-29440
-31007
-32662
-34150
-35303
-36199
-36954
-37705
-38446
-39014
-39231
-39004
-38508
-37851
-37244
-36737
-36331
-35872
-35180
-34130
-32509
-30427
-27729
-24541
-20838
-16886
-12824
-8915
-5026
-1116
2840
6875
11372
16450
21831
27171
32189
36129
38440
39239
39007
37997
36915
35987
35514
35695
36418
37675
39273
41085
42810
44232
45297
45873
45950
45281
43800
41261
37475
32923
28018
23232
19465
16581
14370
12391
10016
7244
3978
305
-3594
-7334
-10840
-14062
-16977
-19421
-21470
-23133
-24257
-24984
-25312
-25439
-25498
-25615
-26081
-26939
-28253
-29934
-31639
-33083
-34162
-34858
-35444
-36145
-36910
-37460
-37587
-37320
-36687
-35833
-34887
-33900
-32966
-32001
-30862
-29356
-27329
-24675
-21542
-17855
-14162
-10760
-7524
-4257
-816
2898
7038
11659
16509
20987
25056
28750
32065
34472
35900
36315
36167
35993
36158
36465
37070
37980
39254
40612
41923
42975
43729
44057
43988
43300
42082
40295
37922
34906
31441
27718
24542
22278
20998
19503
17572
15063
12333
9248
6034
2920
-109
-3020
-5706
-8043
-9906
-11408
-12502
-13210
-13550
-13586
-13492
-13307
-13138
-13168
-13423
-14023
-14844
-15787
-16773
-17686
-18395
-18953
-19357
-19548
-19487
-19102
-18459
-17659
-16797
-15923
-15017
-13926
-12556
-10844
-8780
-6538
-4184
-1829
592
3049
5617
8489
11616
14935
18316
21621
24743
27413
29356
30546
30875
30607
29843
28723
27208
25382
23279
21020
18757
16546
14451
12604
11145
10292
10333
11126
12699
14680
16810
18931
20876
22534
23755
24312
24267
23556
22356
20614
18275
15300
11456
7013
2514
-1358
-4062
-5780
-6760
-7063
-6984
-6649
-6254
-5854
-5475
-5171
-4899
-4708
-4580
-4521
-4474
-4486
-4566
-4716
-4838
-4985
-5072
-5061
-4858
-4482
-3960
-3360
-2661
-1949
-1243
-584
154
876
1502
2094
2582
2975
3293
3516
3636
3706
3741
3759
3721
3675
3626
3581
3535
3504
3477
3432
3355
3259
3118
2944
2753
2544
2348
2139
1937
1688
1380
1011
626
195
-247
-707
-1122
-1498
-1837
-2127
-2392
-2604
-2761
-2875
-2938
-2916
-2860
-2783
-2666
-2553
-2445
-2370
-2332
