0
0
110
110
267
267
437
437
597
597
730
730
870
870
1023
1023
1210
1210
1422
1422
1694
1694
2049
2049
2603
2603
3321
3321
4112
4112
4909
4909
5682
5682
6414
6414
6997
6997
7269
7269
7195
7195
6742
6742
5966
5966
4969
4969
3800
3800
2677
2677
1909
1909
1610
1610
1717
1717
2193
2193
2966
2966
4011
4011
5320
5320
6880
6880
8756
8756
10997
10997
13581
13581
16478
16478
19652
19652
23059
23059
26629
26629
30286
30286
34004
34004
37761
37761
41527
41527
45201
45201
48741
48741
52097
52097
55264
55264
58266
58266
61122
61122
63767
63767
66147
66147
68254
68254
70141
70141
71813
71813
73246
73246
74367
74367
75103
75103
75427
75427
75301
75301
74678
74678
73475
71744
69503
66760
63510
59729
55468
50770
45638
40117
34153
27782
21061
14041
6743
-826
-8663
-16762
-25066
-33564
-42244
-51133
-60173
-69322
-78553
-87871
-97233
-106577
-115898
-125215
-134455
-143648
-152734
-161689
-170493
-179129
-187549
-195753
-203723
-211374
-218604
-225344
-231591
-237430
-242845
-247771
-252137
-256012
-259411
-262324
-264768
-266727
-268270
-269426
-270208
-270528
-270411
-269972
-269229
-268167
-266758
-265068
-263091
-260833
-258281
-255474
-252447
-249223
-245836
-242321
-238722
-235150
-231675
-228301
-225070
-222015
-219120
-216384
-213780
-211372
-209147
-207111
-205244
-203519
-201964
-200672
-199713
-199077
-198709
-198618
-198779
-199152
-199677
-200293
-200923
-201484
-201949
-202434
-203009
-203668
-204404
-205236
-206140
-207099
-208035
-208843
-209534
-210120
-210623
-211063
-211508
-211977
-212492
-212992
-213347
-213409
-213125
-212534
-211691
-210534
-208980
-207057
-204954
-202818
-200675
-198506
-196259
-193900
-191369
-188661
-185784
-182751
-179515
-175981
-172049
-167707
-162989
-157891
-152427
-146597
-140469
-134102
-127535
-120804
-113921
-106836
-99527
-91969
-84179
-76166
-67938
-59498
-50844
-41942
-32732
-23195
-13349
-3226
7182
17844
28769
39936
51299
62799
74411
86084
97723
109310
120812
132146
143250
154047
164510
174594
184268
193528
202435
210992
219167
226934
234279
241191
247680
253764
259492
264853
269858
274444
278495
281966
284872
287216
289036
290586
292000
293402
294812
296132
297237
298067
298572
298725
298544
298013
296977
295303
292983
290102
286777
283007
278808
274130
268898
263058
256584
249501
241915
233994
225802
217351
208661
199696
190422
180741
170618
160061
149066
137643
125805
113606
101027
88118
74973
61738
48553
35459
22467
9595
-3176
-15871
-28475
-41076
-53672
-66313
-79061
-91908
-104790
-117671
-130420
-142949
-155181
-167105
-178651
-189821
-200652
-211128
-221235
-230985
-240363
-249262
-257574
-265099
-271726
-277456
-282314
-286393
-289729
-292352
-294348
-295759
-296662
-297152
-297259
-296952
-296204
-295048
-293574
-291756
-289638
-287288
-284762
-282036
-279175
-276314
-273521
-270787
-268136
-265609
-263225
-261059
-259171
-257609
-256368
-255471
-254952
-254776
-254867
-255140
-255519
-255959
-256446
-256977
-257604
-258373
-259287
-260317
-261402
-262499
-263588
-264606
-265545
-266377
-267024
-267439
-267590
-267458
-267098
-266531
-265801
-264955
-263988
-262854
-261535
-260047
-258341
-256428
-254310
-251960
-249388
-246653
-243774
-240722
-237496
-234111
-230549
-226770
-222657
-218174
-213317
-208044
-202263
-195950
-189102
-181735
-173840
-165442
-156537
-147118
-137124
-126568
-115411
-103561
-90987
-77728
-63845
-49420
-34542
-19344
-3897
11760
27568
43475
59466
75526
91549
107458
123258
138962
154522
169905
185133
200222
215112
229757
244161
258320
272174
285760
299118
312158
324828
337131
349015
360250
370440
379563
387513
394201
399796
404416
408087
410916
412969
414278
414783
414428
413187
411022
407946
403977
399127
393447
387019
379892
372111
363721
354812
345326
335193
324347
312712
300333
287298
273690
259543
244966
230066
214869
199390
183686
167807
151805
135670
119396
102953
86299
69434
52399
35264
18039
850
-16297
-33432
-50533
-67501
-84249
-100824
-117247
-133526
-149657
-165584
-181286
-196615
-211456
-225819
-239666
-252912
-265347
-276916
-287527
-297043
-305462
-312807
-319084
-324222
-328368
-331626
-334059
-335741
-336728
-337001
-336568
-335529
-334039
-332151
-329921
-327415
-324649
-321664
-318569
-315365
-312110
-308878
-305809
-302824
-299874
-296857
-293797
-290725
-287613
-284481
-281314
-278172
-275074
-272000
-268975
-266106
-263462
-261059
-258892
-256951
-255206
-253595
-252026
-250487
-248963
-247460
-245937
-244379
-242822
-241302
-239816
-238355
-236957
-235668
-234438
-233235
-232004
-230731
-229346
-227853
-226247
-224522
-222633
-220598
-218412
-216018
-213344
-210382
-207145
-203585
-199685
-195454
-190908
-185993
-180708
-175119
-169235
-163015
-156493
-149711
-142677
-135405
-127953
-120351
-112564
-104646
-96667
-88640
-80543
-72382
-64188
-55936
-47539
-38971
-30208
-21167
-11731
-1881
8403
19196
30519
42333
54677
67537
80783
94251
107829
121441
135011
148534
162105
175862
189810
203860
217913
231679
244940
257536
269422
280561
291004
300861
310172
318916
327081
334671
341677
348098
353941
359209
363850
367888
371289
374014
375953
377017
377149
376314
374466
371598
367732
362922
357221
350684
343310
335108
326113
316294
305707
294430
282515
270017
256950
243372
229270
214703
199727
184344
168519
152254
135573
118523
101145
83539
65721
47667
29444
11140
-7168
-25510
-43812
-61953
-79880
-97664
-115345
-132849
-150207
-167346
-184102
-200337
-215924
-230727
-244613
-257312
-268728
-278833
-287701
-295373
-301818
-307040
-311102
-314153
-316316
-317678
-318328
-318433
-318067
-317250
-316141
-314815
-313274
-311549
-309695
-307745
-305721
-303556
-301247
-298814
-296255
-293592
-290871
-288135
-285424
-282735
-280091
-277500
-275017
-272648
-270451
-268466
-266674
-265116
-263860
-262910
-262223
-261746
-261455
-261346
-261368
-261499
-261703
-261961
-262237
-262221
-261816
-261110
-260251
-259318
-258390
-257469
-256590
-255778
-255065
-254435
-253837
-253139
-252188
-250888
-249269
-247394
-245300
-242959
-240373
-237579
-234532
-231207
-227629
-223798
-219657
-215171
-210339
-205139
-199567
-193677
-187513
-181074
-174339
-167352
-160093
-152518
-144580
-136254
-127486
-118264
-108613
-98607
-88282
-77609
-66560
-55141
-43352
-31109
-18439
-5375
8058
21888
36024
50419
65075
79977
95036
110180
125391
140592
155668
170616
185394
199891
214049
227835
241269
254348
267085
279482
291484
302998
314052
324710
334911
344589
353680
362158
369913
376866
382968
388132
392298
395522
397854
399346
400076
400112
399558
398449
396675
394246
391090
387174
382433
376855
370438
363209
355169
346364
336761
326404
315222
303143
290211
276498
262066
246968
231271
215049
198343
181312
164036
146524
128764
110797
92667
74359
55887
37292
18583
-241
-19139
-38069
-57004
-75954
-94956
-114000
-133039
-152034
-170894
-189571
-208065
-226271
-244011
-261033
-277225
-292351
-306225
-318592
-329250
-337804
-344280
-349046
-352385
-354444
-355349
-355309
-354468
-352977
-350985
-348618
-345927
-343026
-340044
-337057
-334115
-331191
-328182
-325001
-321606
-318011
-314247
-310454
-306816
-303478
-300418
-297595
-294975
-292537
-290288
-288285
-286520
-285047
-283849
-282962
-282312
-281825
-281448
-281122
-280801
-280324
-279565
-278442
-276873
-274827
-272311
-269410
-266250
-263051
-259938
-256939
-254023
-251215
-248538
-245936
-243409
-240931
-238496
-236055
-233601
-231181
-228775
-226395
-224015
-221611
-219090
-216296
-213165
-209644
-205648
-201195
-196338
-191081
-185387
-179244
-172654
-165603
-158066
-150040
-141575
-132726
-123531
-114027
-104305
-94390
-84345
-74230
-64078
-53933
-43877
-33940
-24117
-14407
-4828
4648
14110
23584
33117
42772
52598
62623
72854
83355
94170
105256
116509
127881
139309
150672
161945
173081
184048
194848
205523
215986
226215
236196
245931
255393
264582
273478
282015
290009
297473
304429
310898
316804
322123
326683
330393
333116
334758
335534
335855
335885
335464
334551
333198
331437
329207
326424
323029
319015
314320
308932
302771
295877
288348
280202
271475
262245
252575
242443
231879
220863
209405
197525
185360
172911
160189
147229
134082
120793
107422
94056
80689
67287
53854
40446
26934
13253
-699
-14948
-29442
-44120
-58839
-73514
-88036
-102403
-116569
-130580
-144515
-158493
-172534
-186647
-200702
-214450
-227778
-240620
-252758
-264054
-274521
-284296
-293365
-301684
-309368
-316510
-323159
-329283
-334925
-340093
-344782
-349063
-352915
-356314
-359236
-361755
-363854
-365530
-366840
-367868
-368677
-369347
-369839
-370146
-370239
-370136
-369849
-369343
-368638
-367734
-366625
-365309
-363783
-362041
-360093
-357964
-355672
-353241
-350679
-347896
-344882
-341695
-338396
-335040
-331750
-328462
-325002
-321198
-316651
-311152
-305490
-299583
-292899
-285543
-277333
-268547
-259520
-250436
-240969
-230749
-219924
-208820
-197197
-184937
-171991
-158184
-143468
-127961
-111941
-95684
-79448
-63382
-47482
-31664
-15805
227
16504
33072
50020
67364
84988
102796
120665
138370
155860
173100
190064
206720
223060
239020
254528
269561
284121
298239
311985
325365
338312
350768
362612
373670
383825
393124
401548
409092
415743
421479
426353
430331
433320
435287
436240
436178
435147
433150
430134
425994
420597
413798
405547
395877
384882
372673
359311
344810
329236
312574
294841
276078
256444
236082
215081
193638
171849
149794
127498
104909
82091
59140
36167
13255
-9548
-32179
-54553
-76516
-97975
-118889
-139160
-158753
-177565
-195430
-212232
-227956
-242599
-256223
-268922
-280778
-291800
-302014
-311446
-320122
-328183
-335768
-342840
-349358
-355261
-360495
-365048
-368932
-372105
-374607
-376455
-377646
-378246
-378251
-377677
-376609
-375129
-373297
-371156
-368740
-366063
-363166
-360120
-356943
-353626
-350232
-346808
-343346
-339794
-336133
-332321
-328343
-324245
-320025
-315666
-311182
-306554
-301803
-296967
-292098
-287144
-282076
-276865
-271460
-265837
-260017
-254032
-247902
-241704
-235530
-229369
-223236
-217170
-211168
-205214
-199307
-193454
-187571
-181629
-175563
-169309
-162816
-156035
-148879
-141253
-133124
-124489
-115342
-105675
-95486
-84688
-73293
-61325
-48763
-35614
-21921
-7725
6872
21772
36893
52208
67690
83324
99137
115063
130916
146616
162019
177021
191581
205680
219311
232428
245047
257160
268785
279954
290659
300968
310947
320532
329697
338353
346420
353812
360508
366443
371592
375895
379367
382115
384292
385864
386750
386859
386057
384194
381193
376889
371131
363810
354914
344590
332975
320277
306732
292492
277739
262534
246921
230812
214129
196882
179095
160798
142005
122682
102887
82730
62278
41601
20795
-47
-20889
-41706
-62422
-83021
-103312
-123091
-142233
-160534
-177902
-194292
-209489
-223414
-236159
-247776
-258261
-267631
-275967
-283289
-289692
-295383
-300441
-304861
-308647
-311837
-314532
-316768
-318589
-319997
-320977
-321518
-321645
-321403
-320810
-319887
-318685
-317199
-315646
-314190
-312877
-311751
-310856
-310193
-309779
-309603
-309595
-309771
-310084
-310472
-310894
-311320
-311744
-312127
-312433
-312650
-312821
-312962
-313056
-313134
-313136
-313030
-312826
-312479
-311947
-311229
-310359
-309294
-308013
-306489
-304625
-302300
-299475
-296073
-292091
-287628
-282701
-277268
-271233
-264535
-257105
-249026
-240416
-231283
-221583
-211345
-200550
-189145
-177060
-164303
-150880
-136788
-122055
-106715
-90795
-74381
-57495
-40196
-22524
-4549
13715
32212
50857
69606
88415
107188
125805
144215
162268
179835
196783
213013
228507
243248
257227
270498
283203
295514
307467
318967
329901
340111
349435
357757
365251
372085
378321
383960
389034
393526
397353
400403
402626
404068
404664
404283
402818
400124
396201
391039
384689
377184
368607
359104
348760
337663
325835
313281
300090
286294
271897
256877
241206
224934
208085
190693
172769
154338
135449
116154
96510
76582
56407
36073
15608
-4970
-25562
-46066
-66376
-86343
-105822
-124789
-143216
-161007
-177941
-194025
-209294
-223744
-237455
-250398
-262523
-273800
-284234
-293837
-302617
-310535
-317554
-323664
-328931
-333365
-337003
-339920
-342214
-343889
-345040
-345789
-346147
-346226
-346050
-345680
-345148
-344441
-343522
-342327
-340938
-339430
-337942
-336557
-335366
-334379
-333596
-332996
-332519
-332070
-331526
-330738
-329577
-328019
-326195
-324232
-322239
-320221
-318190
-316096
-313923
-311659
-309307
-306888
-304417
-301892
-299237
-296347
-293156
-289623
-285720
-281479
-276816
-271680
-266046
-259887
-253174
-245939
-238255
-230194
-221828
-213235
-204442
-195417
-186202
-176750
-166964
-156801
-146180
-135045
-123367
-111158
-98423
-85183
-71491
-57344
-42772
-27760
-12344
3506
19765
36380
53320
70519
87878
105352
122959
140624
158355
176089
193761
211273
228569
245597
262286
278528
294268
309328
323569
336983
349565
361390
372463
382574
391414
398821
404821
409532
413187
416087
418355
420137
421338
421742
421228
419533
416546
412189
406630
400072
392598
384274
375146
365255
354558
342997
330527
317137
302949
288083
272629
256662
240242
223418
206259
188831
171107
153059
134713
116136
97349
78375
59263
39953
20472
884
-18771
-38506
-58336
-78310
-98310
-118198
-137828
-157066
-175748
-193646
-210734
-226911
-242124
-256393
-269700
-282007
-293440
-304013
-313591
-322050
-329503
-336074
-341856
-346956
-351307
-354858
-357689
-359872
-361460
-362543
-363203
-363451
-363301
-362762
-361870
-360767
-359524
-358147
-356584
-354762
-352678
-350379
-347915
-345277
-342436
-339335
-335998
-332439
-328729
-324880
-320950
-316982
-312965
-308917
-304863
-300804
-296738
-292676
-288635
-284612
-280585
-276497
-272293
-268004
-263652
-259259
-254842
-250421
-246026
-241710
-237483
-233290
-229090
-224809
-220340
-215629
-210648
-205316
-199636
-193558
-187030
-180018
-172511
-164471
-155855
-146655
-136855
-126447
-115483
-103994
-91988
-79487
-66507
-53063
-39134
-24741
-9912
5280
20753
36469
52358
68364
84492
100791
117227
133771
150400
167036
183619
200089
216346
232260
247742
262719
277091
290838
303935
316390
328246
339654
350682
361161
370879
379624
387140
393495
398852
403316
406987
409805
411739
412725
412715
411612
409289
405605
400517
394055
386333
377438
367555
356804
345306
333142
320309
306785
292528
277525
261829
245466
228403
210661
192220
173114
153443
133258
112646
91705
70588
49343
27993
6626
-14718
-36139
-57591
-79050
-100476
-121813
-142830
-163429
-183451
-202801
-221418
-239202
-256025
-271746
-286271
-299446
-311178
-321496
-330435
-338119
-344736
-350314
-354894
-358596
-361397
-363326
-364512
-365031
-364930
-364259
-363058
-361415
-359432
-357246
-354994
-352855
-350892
-349056
-347359
-345740
-344142
-342594
-341120
-339714
-338395
-337224
-336168
-335206
-334316
-333537
-332898
-332407
-332000
-331573
-331014
-330182
-328938
-327276
-325343
-323181
-320798
-318259
-315611
-312780
-309775
-306541
-303036
-299319
-295286
-290961
-286413
-281641
-276642
-271389
-265798
-259882
-253651
-247044
-239967
-232331
-223921
-214615
-204436
-193330
-181301
-168453
-154776
-140271
-124945
-108815
-91836
-74019
-55451
-36212
-16423
3788
24360
45251
66394
87745
109299
130978
152749
174570
196329
217881
239111
259889
280027
299392
317878
335407
351906
367318
381583
394700
406687
417569
427308
435956
443460
449700
454613
458211
460515
461523
461274
460050
458001
455128
451450
446892
441446
435115
427886
419728
410558
400308
388958
376511
362915
348151
332156
314991
296740
277516
257479
236748
215492
193861
171953
149847
127585
105247
82856
60534
38329
16276
-5673
-27507
-49198
-70693
-91837
-112605
-132942
-152811
-172164
-191015
-209175
-226642
-243380
-259351
-274488
-288770
-302008
-313911
-324461
-333608
-341229
-347350
-352079
-355537
-357734
-358898
-359154
-358565
-357209
-355227
-352747
-349912
-346866
-343715
-340547
-337378
-334269
-331328
-328636
-326249
-324140
-322209
-320464
-318931
-317652
-316603
-315803
-315239
-314894
-314756
-314861
-315153
-315569
-316047
-316475
-316758
-316844
-316679
-316280
-315734
-315056
-314259
-313260
-312035
-310579
-308866
-306846
-304568
-302031
-299134
-295832
-292112
-287929
-283289
-278174
-272540
-266373
-259655
-252331
-244354
-235711
-226398
-216450
-205986
-195023
-183614
-171748
-159413
-146576
-133203
-119276
-104802
-89809
-74351
-58466
-42196
-25610
-8708
8464
25925
43688
61680
79911
98357
117024
135874
154849
173894
192933
211820
230532
248949
266935
284369
301209
317379
332852
347621
361600
374769
387102
398507
408878
418155
426277
433254
439220
444153
447863
450131
451004
450639
449221
446919
443782
439738
434752
428533
420755
411308
400355
388159
375070
361328
347176
332700
317970
303052
287829
272126
255824
238688
220644
201680
181816
161087
139554
117350
94553
71266
47595
23704
-333
-24370
-48263
-71894
-95256
-118243
-140678
-162413
-183288
-203243
-222174
-239935
-256442
-271751
-285872
-298809
-310655
-321461
-331333
-340264
-348243
-355311
-361545
-367047
-371807
-375796
-378991
-381381
-382979
-383799
-383898
-383375
-382239
-380563
-378417
-375915
-373147
-370135
-366944
-363614
-360242
-356871
-353555
-350381
-347388
-344599
-342045
-339730
-337665
-335894
-334375
-333045
-331727
-330369
-328925
-327405
-325716
-323797
-321641
-319224
-316599
-313858
-310965
-307914
-304707
-301326
-297751
-294030
-290168
-286144
-281949
-277606
-273103
-268427
-263535
-258322
-252716
-246614
-239959
-232696
-224781
-216125
-206737
-196620
-185785
-174283
-162131
-149337
-135938
-122009
-107597
-92761
-77558
-61995
-46045
-29732
-13074
3935
21279
38981
57062
75486
94171
113135
132327
151680
171185
190801
210439
230078
249635
268949
287962
306511
324390
341441
357523
372487
386308
398997
410590
421063
430385
438365
444927
450002
453478
455520
456360
456312
455493
453957
451638
448210
443500
437415
429907
420975
410794
399520
387339
374472
361107
347312
333010
317980
302008
284944
266722
247392
227047
205836
183854
161253
138236
114911
91466
68044
44751
21787
-659
-22530
-43843
-64656
-85053
-105182
-125055
-144652
-163891
-182626
-200873
-218659
-235913
-252461
-268112
-282524
-295367
-306589
-316217
-324475
-331610
-337755
-343059
-347712
-351802
-355366
-358493
-361192
-363449
-365256
-366549
-367341
-367721
-367620
-367124
-366394
-365497
-364502
-363435
-362249
-360972
-359573
-358136
-356770
-355454
-354115
-352678
-351094
-349369
-347533
-345661
-343770
-341903
-340064
-338322
-336727
-335257
-333878
-332572
-331237
-329833
-328270
-326502
-324451
-322050
-319264
-316027
-312307
-308143
-303581
-298590
-293191
-287299
-280838
-273792
-266076
-257680
-248634
-238999
-228793
-217999
-206589
-194561
-181942
-168720
-154890
-140443
-125347
-109576
-93150
-76083
-58386
-40108
-21321
-2115
17388
37106
57006
77064
97250
117554
137910
158238
178457
198507
218236
237589
256502
274866
292624
309705
325989
341399
355933
369577
382273
394062
404948
414945
424025
431974
438591
443728
447355
449635
450760
450987
450389
448972
446656
443362
438971
433223
425958
417188
407003
395576
383029
369494
355118
340007
324198
307709
290543
272655
254079
234828
214936
194481
173507
152118
130385
108345
85989
63375
40579
17743
-4974
-27501
-49751
-71641
-93186
-114387
-135084
-155056
-174219
-192466
-209796
-226135
-241465
-255713
-268752
-280425
-290779
-299980
-308092
-315154
-321428
-326915
-331615
-335539
-338796
-341449
-343567
-345228
-346453
-347328
-347880
-348106
-348057
-347725
-347172
-346523
-345787
-344956
-344094
-343203
-342320
-341476
-340705
-340018
-339379
-338774
-338210
-337640
-337069
-336449
-335798
-335132
-334485
-333890
-333397
-333070
-332854
-332772
-332824
-332898
-332941
-332890
-332645
-332061
-331043
-329529
-327402
-324659
-321261
-317122
-312213
-306547
-300039
-292624
-284294
-275058
-264879
-253870
-242052
-229416
-215976
-201666
-186457
-170403
-153574
-135969
-117647
-98637
-79023
-58858
-38263
-17302
3937
25410
47032
68729
90420
112088
133688
155131
176327
197251
217819
237975
257675
276820
295328
313125
330154
346367
361738
376160
389586
401995
413396
423883
433418
441835
448906
454475
458347
460600
461425
461001
459424
456796
453063
448292
442531
435837
428212
419669
410243
399945
388749
376646
363661
349785
335014
319407
302925
285598
267492
248618
229043
208882
188176
167051
145522
123625
101454
79148
56774
34360
11997
-10296
-32440
-54355
-75961
-97231
-118081
-138507
-158427
-177736
-196454
-214470
-231691
-248133
-263756
-278508
-292377
-305249
-316912
-327234
-336225
-343994
-350819
-356776
-361879
-366184
-369713
-372475
-374562
-376010
-376897
-377219
-377016
-376311
-375197
-373706
-371908
-369988
-367964
-365916
-363812
-361624
-359340
-357008
-354627
-352203
-349720
-347128
-344484
-341875
-339367
-337037
-334836
-332753
-330757
-328870
-327087
-325426
-323858
-322324
-320771
-319173
-317533
-315858
-314095
-312199
-310111
-307790
-305212
-302321
-299032
-295285
-291087
-286415
-281219
-275483
-269120
-262085
-254348
-245811
-236412
-226165
-215112
-203254
-190675
-177421
-163481
-148833
-133480
-117378
-100472
-82738
-64072
-44506
-24100
-2956
18787
40951
63332
85754
108043
130128
151922
173322
194289
214754
234657
253991
272756
290910
308449
325373
341635
357209
372001
385887
398792
410745
421702
431629
440380
447763
453716
458149
460951
462172
461891
460194
457228
453190
448254
442514
436118
429193
421707
413626
404795
395071
384296
372405
359420
345412
330459
314652
298029
280583
262246
243035
223053
202413
181191
159428
137178
114519
91559
68400
45105
21813
-1392
-24501
-47404
-70022
-92320
-114211
-135711
-156823
-177356
-197079
-215728
-233235
-249674
-264928
-278789
-291102
-301783
-310998
-319029
-326042
-332143
-337489
-342160
-346240
-349857
-353115
-356043
-358713
-361111
-363264
-365302
-367319
-369258
-371145
-373003
-374850
-376793
-378862
-380984
-383112
-385263
-387432
-389628
-391849
-394009
-395937
-397475
-398342
-398380
-397727
-396658
-395279
-393639
-391744
-389558
-386984
-383980
-380522
-376701
-372585
-368239
-363655
-358868
-353815
-348444
-342754
-336718
-330268
-323439
-316190
-308448
-300180
-291344
-281825
-271583
-260499
-248467
-235445
-221365
-206205
-189962
-172563
-153892
-133914
-112597
-89933
-65968
-40852
-14755
12080
39446
67138
95028
122913
150674
178216
205477
232337
258643
284332
309250
333289
356251
377993
398386
417351
434827
450756
465129
477949
489250
499038
507332
514246
519824
524182
527345
529243
529650
528215
524950
520094
513962
506928
499225
491034
482360
473225
463376
452575
440534
426998
411808
394887
376230
355954
334166
311101
287019
262076
236325
209826
182608
154956
127143
99399
71942
44836
18144
-8056
-33772
-58997
-83761
-108137
-132178
-155873
-179255
-202294
-224785
-246519
-267353
-287110
-305603
-322578
-337746
-351082
-362705
-372579
-380748
-387441
-392794
-397005
-400179
-402403
-403797
-404457
-404485
-403968
-402915
-401271
-399066
-396325
-393157
-389737
-386060
-382293
-378536
-374807
-371112
-367490
-363949
-360434
-357011
-353771
-350797
-348133
-345833
-343881
-342222
-340852
-339701
-338651
-337600
-336576
-335560
-334436
-333204
-331791
-330128
-328132
-325869
-323211
-320084
-316528
-312553
-308160
-303259
-297904
-292102
-285694
-278813
-271475
-263720
-255632
-247131
-238183
-228677
-218646
-208030
-196828
-185052
-172774
-160008
-146769
-132992
-118566
-103420
-87513
-70833
-53417
-35344
-16764
2145
21325
40781
60498
80395
100338
120202
139904
159369
178551
197379
215802
233750
251185
268058
284313
299905
314771
328832
342060
354353
365649
375910
385013
392892
399678
405454
410140
413765
416397
418127
418924
418474
416644
413306
408440
402245
395107
387176
378627
369617
360156
350180
339655
328630
317092
304936
292050
278337
263707
247986
230954
212480
192554
171252
148840
125527
101559
77185
52713
28339
4267
-19292
-42258
-64591
-86234
-107097
-127094
-146153
-164225
-181191
-197044
-211806
-225476
-238018
-249559
-260269
-270213
-279530
-288257
-296391
-303925
-310858
-317266
-323209
-328822
-334198
-339378
-344326
-349062
-353475
-357502
-361133
-364305
-367067
-369537
-371651
-373232
-374303
-374831
-374845
-374497
-373875
-373031
-372041
-370972
-369792
-368469
-367097
-365746
-364371
-362872
-361024
-358739
-356052
-353001
-349477
-345447
-340896
-335751
-330017
-323741
-316885
-309329
-301125
-292291
-282792
-272747
-262178
-251118
-239631
-227730
-215420
-202729
-189703
-176411
-162849
-148972
-134726
-120004
-104700
-88778
-72232
-55069
-37291
-18871
161
19688
39516
59478
79471
99360
119086
138636
157966
177090
196001
214654
233024
251017
268532
285440
301606
316862
331083
344183
356043
366593
375846
383866
390732
396608
401578
405737
409098
411594
413159
413856
413794
413048
411664
409648
406946
403593
399518
394581
388664
381685
373429
363725
352413
339562
325354
309961
293460
275946
257558
238363
218458
197946
176902
155477
133848
112138
90394
68647
47029
25572
4245
-16997
-38258
-59554
-80872
-102219
-123580
-144788
-165739
-186165
-205858
-224769
-243010
-260530
-277397
-293417
-308124
-321027
-331516
-339608
-345940
-350965
-354912
-358044
-360406
-362176
-363561
-364626
-365484
-366243
-366866
-367408
-367829
-368079
-368157
-367972
-367381
-366336
-364669
-362370
-359472
-356002
-351968
-347399
-342366
-336987
-331393
-325658
-319808
-313817
-307678
-301261
-294518
-287412
-279957
-272240
-264323
-256249
-248087
-239857
-231580
-223279
-214960
-206596
-198245
-189914
-181516
-173027
-164303
-155239
-145823
-136076
-126016
-115657
-104960
-93856
-82286
-70191
-57577
-44496
-30962
-17051
-2860
11469
25799
40000
53918
67433
80377
92681
104273
115009
124834
133652
141473
148391
154620
160468
166112
171630
177092
182544
187970
193175
198098
202903
207751
212578
216966
220858
224475
227956
231209
234302
237386
240689
244789
249894
255724
261852
268050
273739
278282
281397
283347
284220
284096
282806
280046
275488
268774
259799
248674
235599
220860
204707
187208
168490
148662
127998
106709
84781
62134
38705
14433
-10578
-36092
-61965
-87968
-113906
-139659
-164964
-189474
-212903
-235027
-255850
-275384
-293662
-310844
-326707
-341162
-353988
-365305
-375460
-384531
-392586
-399731
-406300
-412406
-418009
-423209
-428044
-432662
-436968
-440751
-443878
-446224
-447786
-448589
-448727
-448222
-446970
-444895
-441851
-437735
-432585
-426372
-418993
-410247
-400006
-388245
-375018
-360470
-344798
-328165
-310686
-292501
-273716
-254400
-234564
-214221
-193466
-172215
-150439
-128195
-105399
-81946
-57934
-33896
-10234
12853
35473
57758
79820
101700
123268
144614
165756
186667
207276
227474
247136
266146
284403
301727
317978
333065
346975
359770
371476
382094
391640
400148
407647
414204
419845
424686
428647
431632
433549
434284
433502
431008
427018
421644
415075
407460
398862
389050
377791
365058
350727
334604
316525
296388
274211
250167
224364
196911
167993
137939
107070
75335
42517
8171
-27758
-64950
-103090
-141746
-180106
-217276
-252513
-285731
-316826
-345630
-371907
-395553
-416577
-434868
-450403
-462866
-472363
-479096
-483384
-485492
-485734
-484403
-481648
-477610
-472265
-465601
-457696
-448775
-439014
-428631
-417760
-406603
-395226
-383564
-371423
-358475
-344492
-329600
-313839
-297157
-279550
-260989
-241548
-221267
-200146
-178254
-155769
-132740
-109155
-85019
-60345
-35193
-9661
15982
41541
66811
91640
115736
138894
160919
181622
200911
218690
234869
249305
261794
272225
280521
286751
291077
293738
295106
295604
295606
295037
293521
291203
288124
284096
279101
272949
265090
255022
242607
227562
209612
188728
165052
138951
110886
81323
50612
19084
-12922
-44927
-76538
-107432
-137103
-165036
-191059
-215037
-237082
-257068
-274869
-290320
-303468
-314303
-323086
-330127
-335674
-339963
-343069
-345148
-346283
-346548
-345903
-344513
-342414
-339656
-336260
-332332
-327962
-323034
-317570
-311684
-305424
-298828
-291922
-284679
-277042
-268908
-260230
-250781
-240539
-229578
-217837
-205190
-191575
-176977
-161302
-144526
-126700
-107856
-88055
-67340
-45823
-23637
-867
22423
46088
69917
93574
116829
139422
161129
181774
201130
219087
235493
250253
263334
274718
284475
292683
299448
304826
308890
311630
313070
313165
311740
308683
303831
297095
288563
278223
265981
251854
235883
217928
197874
175757
151840
126532
100264
73221
45631
17701
-10364
-38469
-66414
-94064
-121205
-147459
-172555
-196403
-218773
-239366
-257982
-274433
-288809
-301467
-312864
-323131
-332160
-339796
-345938
-350585
-353878
-355928
-356792
-356571
-355380
-353364
-350701
-347638
-344272
-340564
-336495
-331928
-326881
-321320
-315273
-308642
-301245
-292946
-283730
-273586
-262573
-250677
-237712
-223584
-208201
-191451
-173371
-153956
-133270
-111399
-88354
-64205
-39131
-13312
13063
39736
66253
92170
117139
140875
163171
183938
203080
220572
236463
250772
263499
274670
284344
292596
299556
305326
309902
313288
315350
315690
314168
310742
305392
297914
288231
276245
261798
244964
225774
204239
180681
155510
129246
102280
75037
47658
20327
-6843
-33635
-59773
-84765
-108268
-130268
-150807
-170000
-187817
-204229
-219307
-233002
-245436
-256652
-266767
-275856
-283900
-290872
-296694
-301364
-304965
-307547
-309111
-309813
-309685
-308748
-307049
-304682
-301668
-297968
-293490
-288207
-282220
-275583
-268335
-260475
-251982
-242909
-233265
-222879
-211645
-199648
-186983
-173606
-159389
-144255
-128237
-111381
-93701
-75263
-56176
-36609
-16747
3241
23193
42971
62418
81431
99902
117751
134805
150978
166224
180393
193418
205277
215991
225632
234186
241752
248274
253644
257695
260339
261830
262342
261793
260232
257218
252321
245032
234952
221893
206056
187862
167796
146215
123446
99588
74834
49370
23427
-2756
-28805
-54215
-78588
-101615
-123187
-143076
-161155
-177698
-192801
-206663
-219342
-230835
-241159
-250346
-258474
-265694
-272096
-277770
-282653
-286764
-290094
-292683
-294487
-295434
-295486
-294781
-293357
-291379
-288991
-286187
-282945
-279250
-275076
-270343
-265013
-259045
-252364
-244908
-236480
-227086
-216814
-205654
-193454
-180149
-165662
-149971
-133036
-114889
-95629
-75413
-54421
-32899
-11027
11004
33061
54974
76614
97837
118478
138342
157338
175309
192115
207653
221820
234541
245715
255361
263576
270522
276301
280901
284307
286409
287113
286508
284770
281913
277875
272371
265000
255232
242709
227257
209137
188611
166158
142227
117156
91132
64441
37187
9598
-18067
-45584
-72744
-99529
-125736
-151065
-175095
-197594
-218449
-237597
-255032
-270779
-284943
-297550
-308663
-318478
-327013
-334294
-340271
-344842
-348084
-350051
-350744
-350180
-348506
-345856
-342506
-338495
-334015
-329160
-323984
-318453
-312423
-305748
-298309
-290127
-281180
-271391
-260713
-249079
-236454
-222846
-208231
-192581
-175974
-158424
-139887
-120426
-100102
-78991
-57143
-34663
-11716
11516
34819
57989
80804
103038
124544
145241
165018
183743
201343
217727
232895
246836
259491
270844
280876
289613
297160
303679
309222
313776
317297
319709
320902
320762
318999
315503
310353
303534
294707
283655
270197
254242
235843
215149
192383
167901
141975
114810
86537
57452
27906
-1875
-31796
-61661
-91084
-119816
-147568
-174056
-199110
-222667
-244619
-264887
-283327
-299910
-314604
-327596
-338994
-349016
-357774
-365208
-371162
-375607
-378586
-380146
-380517
-379664
-377646
-374632
-370958
-366756
-362175
-357169
-351718
-345836
-339615
-332985
-325808
-318036
-309620
-300441
-290401
-279333
-267197
-253984
-239612
-223965
-207040
-188852
-169437
-148846
-127180
-104513
-80920
-56447
-31263
-5616
20255
46205
72047
97549
122479
146650
169929
192165
213307
233169
251589
268398
283496
296829
308351
318072
325950
332185
336935
340181
342074
342587
341766
339938
337255
333633
329061
323301
315789
306069
293884
279064
261699
242103
220665
197892
174080
149275
123565
97054
69950
42409
14551
-13671
-42004
-70325
-98372
-125933
-152745
-178660
-203392
-226601
-247994
-267348
-284633
-299994
-313567
-325520
-336069
-345286
-353238
-359695
-364603
-367985
-369913
-370316
-369170
-366652
-363002
-358464
-353184
-347270
-340871
-334081
-326983
-319617
-312006
-304134
-295995
-287619
-278898
-269627
-259666
-248951
-237528
-225378
-212382
-198379
-183236
-166852
-149170
-130229
-110163
-89134
-67330
-44954
-22188
856
24010
47168
70050
92462
114262
135379
155623
174818
192812
209501
224860
238852
251483
262753
272629
281061
288155
294057
298892
302725
305546
307405
308573
309164
309183
308691
307440
304858
300423
293425
283437
270295
254243
235685
215102
192844
169027
143769
117165
89336
60529
30951
826
-29429
-59541
-89115
-117839
-145406
-171610
-196247
-219255
-240512
-259898
-277381
-292971
-306857
-319197
-330067
-339680
-348116
-355375
-361430
-366280
-369902
-372334
-373635
-373897
-373137
-371463
-369073
-366137
-362848
-359232
-355372
-351269
-346764
-341679
-335969
-329659
-322654
-314917
-306342
-296870
-286448
-275108
-262859
-249636
-235369
-219953
-203297
-185390
-166217
-145779
-124160
-101497
-77953
-53736
-29082
-4238
20522
44945
68784
91908
114198
135504
155664
174513
191911
207704
221814
234098
244541
253275
260459
266299
271141
275182
278828
282366
285777
288849
291324
292807
292402
289531
283812
275220
263993
250460
234890
217467
198434
178020
156369
133362
109048
83610
57242
30311
3223
-23573
-49680
-74954
-99180
-122145
-143763
-164073
-182853
-199962
-215300
-228951
-241205
-252395
-262775
-272568
-281967
-290979
-299528
-307322
-314103
-319543
-323497
-325698
-326156
-325196
-323295
-320745
-317855
-314818
-311700
-308465
-305067
-301430
-297488
-293122
-288146
-282352
-275653
-268005
-259298
-249397
-238202
-225568
-211376
-195448
-177807
-158517
-137661
-115246
-91390
-66267
-40048
-13011
14523
42219
69693
96618
122733
147724
171410
193519
213863
232377
249063
263928
277058
288565
298549
307071
314230
320207
325151
329139
332223
334464
335903
336447
335926
333976
330104
324021
315549
304592
291108
274941
255905
234112
209914
183817
156134
127365
97957
68210
38398
8776
-20524
-49285
-77375
-104539
-130701
-155808
-179801
-202541
-223926
-243832
-262278
-279266
-294748
-308611
-320628
-330745
-338925
-345230
-349786
-352624
-353749
-353169
-350910
-346938
-341250
-333961
-325648
-316783
-307684
-298500
-289411
-280386
-271387
-262297
-253020
-243504
-233585
-223168
-212157
-200357
-187704
-174252
-159958
-144648
-128368
-111196
-93047
-73905
-53743
-32576
-10618
11954
34800
57610
80112
102078
123259
143407
162343
179875
195848
210142
222714
233585
242775
250396
256567
261428
265144
267826
269645
270711
271032
270540
269250
267085
263731
258884
252457
244269
233990
221607
207135
190505
171616
150519
127175
101728
74541
46106
16750
-13192
-43336
-73392
-102877
-131326
-158024
-182558
-204755
-224728
-242639
-258724
-273220
-286432
-298414
-308975
-317642
-324195
-329065
-332629
-335331
-337437
-338876
-339651
-339791
-339250
-338133
-336488
-334223
-331405
-328254
-325069
-322060
-319229
-316338
-313253
-309822
-305928
-301460
-296315
-290446
-283778
-276296
-267956
-258706
-248503
-237293
-224981
-211595
-197023
-181146
-163895
-145230
-125186
-103771
-81090
-57369
-32867
-7849
17357
42440
67041
90821
113584
135207
155628
174822
192809
209578
225130
239413
252475
264367
275076
284612
292935
300080
305999
310508
313468
314795
314231
311817
307854
302661
296411
288809
279354
267682
253269
236150
216516
194509
170586
145009
118079
90230
61874
33487
5390
-22068
-48574
-73929
-97983
-120645
-141944
-162027
-180913
-198733
-215551
-231508
-246811
-261505
-275510
-288668
-300731
-311455
-320475
-327669
-332874
-336060
-337336
-336840
-334711
-331429
-327303
-322687
-317640
-312269
-306701
-301012
-295194
-289146
-282622
-275557
-267857
-259457
-250325
-240498
-229848
-218335
-205980
-192840
-178920
-164120
-148184
-130931
-112487
-92922
-72231
-50433
-27732
-4373
19325
43094
66698
89963
112774
135007
156543
177264
197053
215815
233424
249762
264793
278497
290825
301804
311422
319606
326187
330907
333770
334621
333231
329767
324488
317319
308034
296253
281760
264550
244622
222078
197423
171207
143898
115884
87134
57769
28131
-1450
-30835
-59827
-88213
-115818
-142462
-167763
-191487
-213446
-233682
-252207
-269294
-284998
-299263
-312151
-323724
-334059
-343174
-350863
-356939
-361226
-363622
-364097
-362627
-359170
-354181
-348235
-341656
-334665
-327414
-320119
-312977
-305933
-298784
-291477
-283799
-275657
-266815
-257261
-247202
-236682
-225659
-213842
-200955
-186653
-170836
-153257
-133941
-113184
-91138
-67869
-43503
-18188
7705
33945
60210
86183
111527
136051
159607
182091
203345
223206
241529
258087
272708
285250
295745
304397
311389
316938
321170
324079
325635
325895
324695
321736
316794
309659
300105
287834
272360
253281
230458
204454
175772
144755
111790
77432
42156
6582
-28649
-62800
-95275
-125506
-153136
-178089
-200487
-220838
-239544
-256675
-272044
-285594
-297282
-307296
-315966
-323510
-329978
-335467
-339810
-342930
-344683
-344968
-344024
-342096
-339170
-335250
-330390
-325064
-319494
-313645
-307516
-301030
-294180
-287084
-279619
-271679
-263235
-254209
-244494
-234043
-223028
-211628
-199709
-187141
-173800
-159556
-144316
-128018
-110571
-91918
-71969
-50828
-28669
-5786
17536
40883
63814
86076
107491
127975
147434
165810
182975
198813
213282
226337
237962
248134
256877
264262
270417
275587
279815
282978
284770
284654
282424
278123
271557
262545
250909
236349
218885
198744
176064
151079
124481
96581
67869
38834
9909
-18518
-46002
-71993
-96304
-119094
-140539
-160713
-179542
-196778
-212145
-225511
-236729
-246006
-253602
-259761
-264775
-268725
-271488
-273054
-273232
-271992
-269389
-265483
-260326
-254208
-247060
-239136
-231131
-223561
-216499
-209912
-203679
-197578
-191449
-185153
-178452
-171214
-163383
-155022
-145991
-136307
-125847
-114642
-102610
-89634
-75593
-60344
-43833
-26085
-7209
12507
32795
53257
73610
93576
113003
131766
149698
166595
182219
196392
208977
219963
229280
236916
242907
247364
250399
252205
252951
252817
251913
250214
247792
244469
239843
233601
225463
215101
202160
186334
167436
145586
121003
93854
64626
34136
3062
-28266
-59591
-90594
-120924
-150059
-177706
-203667
-227930
-250493
-271264
-290079
-306963
-321639
-333921
-343834
-351482
-357340
-361759
-365070
-367063
-367693
-366830
-364554
-360942
-355982
-349792
-342529
-334569
-326326
-318005
-309670
-301532
-293715
-286235
-278982
-271778
-264342
-256440
-248002
-238907
-229076
-218353
-206728
-194147
-180442
-165570
-149491
-132103
-113304
-93108
-71604
-48886
-25137
-589
24543
50020
75451
100408
124478
147274
168541
188218
206287
222755
237669
251161
263371
274515
284759
294300
303159
311124
317846
322911
326185
327714
327265
324732
319818
312151
301214
286834
269140
248369
224986
199558
172529
144233
114986
85047
54629
23878
-7104
-38035
-68690
-98797
-127940
-155793
-182213
-207016
-229977
-250848
-269389
-285535
-299493
-311685
-322388
-331638
-339327
-345303
-349473
-351701
-351960
-350238
-346683
-341466
-334923
-327196
-318288
-308670
-298721
-288723
-278664
-268328
-257734
-246742
-235360
-223471
-211026
-198043
-184440
-170199
-155328
-139778
-123408
-106110
-87770
-68365
-47932
-26565
-4407
18325
41356
64299
86807
108493
129011
148145
165734
181789
196374
209558
221509
232392
242313
251307
259394
266557
272835
278188
282469
285512
287063
286641
284071
279315
272207
262593
250299
235102
216939
195969
172469
146711
119054
89798
59291
27772
-4284
-36488
-68389
-99364
-129019
-157076
-183243
-207259
-228941
-248321
-265512
-280623
-293699
-304682
-313495
-320295
-325381
-328829
-330805
-331280
-330383
-328187
-324964
-320781
-315753
-310029
-303856
-297547
-291205
-285090
-279246
-273596
-267931
-262021
-255684
-248739
-241125
-232743
-223384
-212944
-201520
-189294
-176152
-161959
-146711
-130371
-112772
-93854
-73630
-52175
-29600
-6195
17730
41722
65413
88412
110500
131466
151188
169608
186694
202437
216830
229947
241853
252553
262062
270384
277544
283631
288721
292862
295934
297542
297245
294267
288071
278529
265738
249931
231392
210252
186688
161045
133767
105314
76185
46608
16869
-12755
-41894
-70333
-97948
-124552
-149885
-173847
-196412
-217658
-237531
-255857
-272358
-286610
-298179
-307216
-313979
-318594
-321283
-322361
-322301
-321241
-319234
-316376
-312567
-307905
-302643
-296945
-291025
-284977
-278800
-272394
-265727
-258718
-251292
-243233
-234379
-224762
-214381
-203131
-190953
-177774
-163639
-148502
-132394
-115342
-97404
-78588
-58855
-38188
-16701
5435
27997
50757
73455
95898
117915
139260
159755
179239
197610
214804
230728
245365
258620
270418
280698
289415
296457
301762
305247
306953
306978
305297
301879
296735
289785
280889
270045
256985
241546
223610
202932
179631
154050
126644
97838
68208
38190
8160
-21640
-51023
-79498
-106552
-131759
-155082
-176327
-195402
-212301
-227285
-240789
-253099
-264387
-274538
-283344
-291065
-297885
-304036
-309254
-313320
-316153
-317736
-318123
-317191
-315025
-311645
-307304
-302191
-296638
-290702
-284514
-278164
-271767
-265325
-258826
-252254
-245523
-238580
-231356
-223761
-215717
-207143
-198027
-188226
-177695
-166287
-153959
-140646
-126307
-110904
-94411
-76772
-57967
-38078
-17333
3983
25574
47148
68421
89145
109125
128164
146069
162578
177558
190976
202795
213094
222004
229713
236435
242278
247202
251318
254698
257241
258808
259164
257879
254729
249167
240645
228961
214005
195696
174286
150206
124143
96632
68160
39221
10322
-18005
-45341
-71378
-95936
-118643
-139251
-157495
-173418
-187399
-199696
-210784
-220774
-229980
-238643
-246935
-255004
-262820
-270186
-276947
-282944
-288077
-292203
-295288
-297358
-298321
-298143
-296930
-294818
-291935
-288348
-284183
-279519
-274408
-268878
-263063
-256933
-250453
-243524
-236027
-227831
-218809
-208792
-197708
-185479
-172163
-157692
-142091
-125525
-108068
-89789
-70791
-51086
-30714
-9815
11400
32737
54049
75148
95773
115803
135121
153605
171129
187634
203061
217332
230397
242152
252580
261629
269344
275810
281008
285003
287887
289604
289994
288946
286346
282142
275861
266904
254879
239850
221960
201480
178832
154467
128773
102231
75018
47201
18951
-9528
-38036
-66338
-94136
-121224
-147523
-172782
-196654
-218742
-238467
-255402
-269419
-280849
-290177
-297855
-304169
-309468
-313939
-317741
-320866
-323353
-325149
-326212
-326379
-325554
-323630
-320599
-316701
-312121
-307057
-301756
-296370
-290979
-285561
-279798
-273389
-266259
-258448
-249834
-240015
-228814
-216298
-202665
-187996
-172338
-155773
-138160
-119335
-99109
-77477
-54411
-29967
-4377
21950
48676
75323
101506
126800
151007
173925
195418
215445
233963
250883
265947
278977
289921
298850
305904
311264
315237
318081
319998
321143
321366
320392
317956
313746
307504
298891
287667
273520
256115
235229
211076
184189
155099
124109
91735
58273
24226
-10188
-44586
-78404
-111159
-142678
-172838
-201416
-228269
-253322
-276478
-297679
-316903
-334122
-349183
-362139
-373200
-382698
-390783
-397347
-402436
-405846
-407602
-407651
-405966
-402387
-396993
-389712
-380952
-371216
-360689
-349537
-337734
-325292
-312065
-298135
-283684
-268785
-253354
-237185
-220294
-202705
-184376
-165344
-145586
-125066
-103652
-81341
-58126
-34036
-9126
16508
42599
68860
94985
120593
145418
169189
191658
212568
231773
249147
264637
278259
290084
300185
308679
315689
321264
325461
328361
330147
330913
330670
329490
327176
323405
318033
310827
301719
290587
277257
261539
243471
223275
201102
177080
151550
124984
97781
70072
41836
13146
-15880
-45105
-74372
-103522
-132280
-160345
-187599
-213921
-239188
-263228
-285763
-306529
-325069
-341068
-354172
-364431
-371987
-376857
-379238
-379292
-376886
-372207
-365969
-358763
-350841
-342288
-333375
-324721
-316614
-309285
-302773
-296829
-290902
-284737
-278035
-270620
-262396
-253177
-242772
-231133
-218383
-204494
-189302
-172785
-154938
-135855
-115683
-94456
-72216
-49094
-25267
-964
23520
47953
72157
95937
119076
141386
162669
182840
201867
219757
236419
251797
265842
278482
289679
299399
307692
314575
320069
324289
327170
328578
328589
326831
323075
317506
310057
300531
288606
273994
256480
236030
212864
187326
159996
131142
101029
69850
37821
5135
-27856
-60682
-92919
-124156
-154147
-182598
-209363
-234413
-257763
-279367
-299198
-317231
-333411
-347855
-360564
-371476
-380428
-387385
-392399
-395522
-396787
-396451
-394622
-391488
-387287
-382383
-377018
-371270
-365178
-358769
-351969
-344728
-336998
-328733
-319862
-310342
-300107
-288972
-276704
-263121
-248236
-232081
-214705
-196103
-176294
-155270
-133015
-109618
-85173
-59776
-33619
-7026
19807
46627
73225
99354
124859
149695
173824
197130
219473
240737
260769
279383
296531
312138
326159
338574
349329
358352
365626
371143
374874
376881
377323
376182
373241
368235
360824
350801
338116
322720
304595
283695
260228
234380
206443
176859
146070
114198
81331
47570
13027
-21829
-56589
-90913
-124424
-156710
-187555
-216731
-244073
-269385
-292631
-313807
-332961
-350052
-365099
-378103
-389035
-397792
-404396
-409001
-411792
-412960
-412650
-410978
-408029
-404015
-399201
-393806
-388046
-381923
-375422
-368527
-361247
-353465
-345117
-336059
-326238
-315512
-303757
-290829
-276577
-260957
-244109
-226144
-207070
-186838
-165474
-143084
-119709
-95365
-70102
-44029
-17343
9745
37023
64261
91225
117586
143080
167577
190940
213084
233895
253325
271366
287978
303130
316800
328936
339497
348450
355828
361634
365911
368721
369999
369773
367959
364547
359615
353082
344800
334717
322747
308782
292696
274430
254064
231707
207438
181396
153733
124592
94215
62775
30547
-2300
-35648
-69321
-102962
-136189
-168594
-199834
-229585
-257590
-283664
-307677
-329507
-348997
-366163
-381061
-393796
-404461
-413098
-419898
-424924
-428416
-430546
-431542
-431535
-430780
-429279
-427216
-424708
-421895
-418959
-415989
-413059
-410173
-407278
-404233
-400923
-397295
-393354
-389045
-384332
-379208
-373589
-367368
-360421
-352579
-343744
-333873
-323045
-311299
-298599
-284890
-269945
-253445
-235560
-216663
-197080
-177123
-157089
-137259
-117787
-98612
-79664
-60907
-42344
-24067
-6197
11087
27658
43432
58401
72739
86589
99994
113136
126208
139260
152288
165332
178356
191300
204020
216357
228081
238928
248629
257024
263933
269310
273140
275457
276289
275663
273602
270103
265152
258729
250839
241485
230725
218706
205605
191688
177254
162544
147777
133006
118208
103365
88532
73753
59123
44689
30553
16814
3494
-9328
-21584
-33190
-44090
-54273
-63710
-72344
-80100
-86884
-92598
-97170
-100507
-102582
-103501
-103471
-102747
-101570
-100197
-98755
-97354
-95974
-94482
-92837
-90954
-88800
-86339
-83593
-80644
-77549
-74354
-71080
-67701
-64235
-60676
-56995
-53178
-49222
-45124
-40909
-36581
-32151
-27656
-23148
-18649
-14235
-9952
-5892
-2109
1321
4322
6839
8849
10333
11335
11840
11828
11304
10290
8800
6874
4551
1889
-1047
-4177
-7469
-10872
-14357
-17871
-21372
-24855
-28277
-31614
-34834
-37898
-40757
-43423
-45864
-48087
-50088
-51862
-53400
-54715
-55802
-56686
-57367
-57864
-58184
-58361
-58408
-58346
-58242
-58085
-57884
-57640
-57349
-57044
-56718
-56367
-55991
-55601
-55197
-54801
-54381
-53952
-53481
-52968
-52414
-51803
-51125
-50375
-49548
-48641
-47678
-46662
-45614
-44549
-43478
-42430
-41411
-40424
-39477
-38572
-37704
-36902
-36171
-35502
-34915
-34399
-33929
-33505
-33143
-32818
-32510
-32191
-31855
-31498
-31162
-30847
-30571
-30339
-30184
-30087
-30060
-30076
-30169
-30348
-30591
-30893
-31264
-31698
-32187
-32713
-33276
-33865
-34471
-35108
-35780
-36474
-37176
-37890
-38593
-39301
-40006
-40705
-41383
-42065
-42736
-43424
-44086
-44738
-45372
-45992
-46593
-47200
-47826
-48463
-49111
-49760
-50413
-51074
-51711
-52327
-52907
-53430
-53889
-54284
-54616
-54887
-55101
-55252
-55353
-55417
-55447
-55426
-55349
-55221
-55026
-54775
-54485
-54195
-53882
-53563
-53270
-52981
-52704
-52459
-52206
-51934
-51629
-51288
-50903
-50503
-50050
-49580
-49094
-48592
-48080
-47566
-47048
-46534
-46029
-45533
-45027
-44547
-44098
-43665
-43227
-42793
-42347
-41902
-41427
-40973
-40545
-40140
-39757
-39380
-39052
-38786
-38575
-38435
-38360
-38355
-38427
-38571
-38756
-38968
-39215
-39476
-39755
-40027
-40283
-40510
-40720
-40937
-41148
-41345
-41498
-41636
-41758
-41862
-41948
-42017
-42072
-42113
-42153
-42200
-42248
-42337
-42465
-42603
-42776
-42967
-43169
-43403
-43641
-43898
-44169
-44401
-44605
-44773
-44934
-45093
-45231
-45361
-45470
-45535
-45567
-45575
-45564
-45538
-45487
-45399
-45286
-45145
-44961
-44738
-44498
-44277
-44087
-43900
-43714
-43560
-43443
-43359
-43313
-43312
-43331
-43369
-43409
-43453
-43494
-43511
-43526
-43559
-43586
-43612
-43621
-43638
-43670
-43697
-43728
-43742
-43747
-43735
-43730
-43726
-43709
-43675
-43592
-43488
-43367
-43222
-43061
-42896
-42747
-42622
-42522
-42453
-42440
-42479
-42577
-42728
-42932
-43200
-43527
-43890
-44272
-44665
-45069
-45452
-45810
-46098
-46333
-46510
-46638
-46725
-46775
-46773
-46754
-46707
-46636
-46614
-46630
-46683
-46781
-46873
-46974
-47072
-47144
-47209
-47259
-47275
-47272
-47239
-47163
-47046
-46903
-46699
-46498
-46279
-46039
-45782
-45528
-45253
-44981
-44725
-44460
-44206
-43939
-43635
-43334
-43040
-42768
-42519
-42276
-42071
-41907
-41749
-41617
-41516
-41429
-41365
-41341
-41355
-41407
-41505
-41634
-41775
-41922
-42082
-42247
-42413
-42584
-42740
-42883
-43001
-43100
-43183
-43225
-43236
-43220
-43161
-43094
-43015
-42921
-42841
-42783
-42759
-42781
-42849
-42946
-43059
-43180
-43327
-43436
-43551
-43624
-43667
-43716
-43759
-43792
-43808
-43804
-43781
-43755
-43708
-43644
-43548
-43437
-43332
-43242
-43159
-43062
-42936
-42813
-42687
-42569
-42451
-42338
-42241
-42149
-42057
-41986
-41932
-41880
-41826
-41778
-41741
-41728
-41703
-41685
-41679
-41708
-41749
-41793
-41865
-41952
-42050
-42153
-42293
-42462
-42672
-42861
-43061
-43272
-43469
-43665
-43867
-44108
-44357
-44634
-44940
-45269
-45645
-46061
-46504
-46967
-47396
-47794
-48178
-48511
-48804
-49050
-49256
-49398
-49476
-49489
-49434
-49315
-49140
-48914
-48640
-48328
-47982
-47607
-47232
-46843
-46453
-46077
-45728
-45386
-45055
-44768
-44492
-44256
-44020
-43776
-43556
-43339
-43142
-42958
-42783
-42633
-42505
-42398
-42288
-42171
-42063
-41984
-41914
-41869
-41852
-41832
-41832
-41853
-41871
-41865
-41852
-41865
-41883
-41895
-41894
-41899
-41879
-41827
-41775
-41752
-41767
-41806
-41868
-41962
-42092
-42237
-42429
-42631
-42850
-43069
-43299
-43523
-43727
-43906
-44040
-44124
-44173
-44198
-44192
-44158
-44084
-43998
-43912
-43830
-43745
-43666
-43590
-43501
-43395
-43289
-43172
-43059
-42967
-42884
-42798
-42697
-42577
-42467
-42352
-42249
-42142
-42085
-42050
-42039
-42064
-42127
-42219
-42331
-42474
-42641
-42844
-43044
-43243
-43430
-43636
-43833
-44032
-44221
-44435
-44663
-44871
-45089
-45298
-45488
-45653
-45794
-45909
-46052
-46229
-46434
-46672
-46945
-47257
-47621
-48015
-48420
-48867
-49329
-49801
