0
0
159
159
376
376
595
595
856
856
1248
1248
1733
1733
2230
2230
2602
2602
2749
2749
2671
2671
2486
2486
2392
2392
2511
2511
2982
2982
3928
3928
5337
5337
7036
7036
8910
8910
10873
10873
12723
12723
14191
14191
15053
15053
15232
15232
14812
14812
13989
13989
12891
12891
11549
11549
9879
9879
7846
7846
5481
5481
2917
2917
451
451
-1685
-1685
-3314
-3314
-4471
-4471
-5221
-5221
-5702
-5702
-6139
-6139
-6697
-6697
-7540
-7540
-8739
-8739
-10332
-10332
-12255
-12255
-14403
-14403
-16590
-16590
-18693
-18693
-20535
-20535
-22075
-22075
-23237
-23237
-24022
-24022
-24427
-24427
-24414
-24414
-23982
-23982
-23220
-23220
-22108
-22108
-20703
-20703
-19040
-19040
-17188
-17188
-15273
-15273
-13372
-13372
-11485
-11485
-9552
-7636
-5686
-3631
-1415
1024
3783
6863
10236
13917
17930
22346
27166
32378
37989
43989
50375
57098
63992
70926
77873
84876
91865
98822
105750
112729
119796
126987
134255
141646
149164
156844
164701
172638
180520
188288
195892
203309
210476
217273
223607
229354
234521
239118
243175
246681
249633
252111
254166
255765
256961
257794
258309
258575
258660
258533
258234
257781
257113
256216
255087
253749
252229
250543
248742
246818
244775
242598
240244
237695
235002
232156
229183
226074
222885
219664
216457
213385
210548
208015
205832
204038
202716
201922
201712
202099
203186
205074
207847
211499
216016
221317
227205
233506
240053
246648
253159
259470
265467
271120
276448
281374
285812
289620
292676
294948
296574
297663
298349
298744
298955
298967
298633
297741
296017
293145
288870
283079
275774
267047
257099
246295
234956
223430
211891
200568
189601
179148
169293
160038
151316
142983
134951
127147
119570
112205
105012
97908
90828
83743
76582
69324
61989
54580
47063
39509
31932
24368
16819
9320
1917
-5333
-12329
-18971
-25158
-30865
-36000
-40570
-44576
-48065
-51108
-53744
-55997
-57898
-59493
-60882
-62069
-63036
-63733
-64167
-64339
-64223
-63826
-63203
-62426
-61577
-60709
-59879
-59181
-58681
-58389
-58293
-58369
-58565
-58804
-59132
-59627
-60347
-61327
-62675
-64410
-66455
-68447
-69872
-70317
-69599
-67720
-64812
-61201
-57019
-52345
-47248
-41866
-36362
-30824
-25387
-20240
-15495
-11348
-7926
-5255
-3300
-1915
-845
202
1450
3010
4929
7333
10263
13713
17612
21910
26513
31226
35986
40745
45491
50099
54574
58952
63334
67667
71956
76278
80724
85303
90061
94986
100071
105228
110403
115525
120581
125455
130081
134474
138721
142906
147027
151101
155097
158935
162614
166110
169429
172445
175093
177367
179266
180844
182057
182967
183657
184285
184970
185855
187092
188677
190693
193007
195478
197933
200246
202276
203967
205293
206322
207076
207618
207956
208071
207914
207509
206854
206076
205247
204526
204092
204049
204420
205188
206359
207937
209903
212242
214958
217989
221278
224764
228448
232299
236315
240505
244885
249405
253952
258439
262691
266530
269815
272494
274487
275703
276078
275646
274371
272273
269397
265760
261430
256518
251136
245373
239283
232855
226140
219117
211776
204073
195984
187469
178525
169207
159574
149691
139657
129565
119585
109798
100272
91038
82110
73474
65107
57021
49191
41641
34376
27413
20768
14437
8475
2889
-2289
-7101
-11477
-15381
-18824
-21809
-24368
-26478
-28219
-29638
-30736
-31547
-32105
-32433
-32484
-32297
-31948
-31444
-30803
-30080
-29287
-28447
-27613
-26856
-26216
-25739
-25412
-25229
-25138
-25181
-25408
-25945
-27100
-29051
-31806
-35243
-39125
-43109
-46932
-50166
-52478
-53677
-53690
-52503
-50157
-46859
-42792
-38125
-33014
-27649
-22071
-16369
-10710
-5251
-5
4938
9531
13752
17633
21304
24802
28217
31644
35191
38868
42717
46755
51010
55389
59831
64347
68869
73340
77779
82133
86390
90520
94554
98539
102447
106271
110052
113749
117280
120676
123944
127105
130078
132805
135315
137654
139888
142054
144086
145912
147571
149022
150295
151368
152175
152593
152654
152347
151780
151019
150203
149578
149356
149704
150725
152405
154558
157050
159710
162395
164982
167491
169961
172429
174941
177618
180504
183723
187218
191000
195070
199389
203896
208576
213380
218272
223244
228390
233773
239396
245260
251350
257626
263997
270353
276556
282439
287803
292520
296406
299375
301440
302615
302925
302448
301204
299218
296504
293113
289078
284459
279291
273659
267557
261005
254010
246644
238949
230935
222620
214026
205167
196070
186791
177407
168013
158721
149583
140628
131807
123126
114588
106178
97860
89633
81479
73383
65350
57398
49470
41526
33541
25497
17345
9016
497
-8186
-17074
-26121
-35230
-44327
-53312
-62013
-70267
-77995
-85057
-91320
-96715
-101225
-104834
-107488
-109168
-109884
-109587
-108232
-105862
-102566
-98414
-93522
-88143
-82482
-76726
-70979
-65360
-59966
-54916
-50262
-45962
-41868
-37919
-33938
-29796
-25412
-20685
-15710
-10604
-5520
-536
4299
8944
13281
17229
20760
23888
26729
29362
31839
34242
36637
39111
41801
44818
48289
52223
56639
61536
66767
72163
77600
83024
88270
93325
98166
102775
107092
111064
114678
117965
120926
123597
126131
128562
130923
133239
135508
137602
139468
141090
142490
143664
144662
145469
146019
146315
146366
146190
145838
145355
144729
143998
143205
142387
141578
140875
140323
139853
139403
139082
138889
138782
138757
138759
138809
138951
139203
139674
140376
141326
142525
143964
145595
147390
149357
151570
154050
156876
160167
164028
168546
173737
179605
186037
192872
199989
207317
214825
222523
230438
238613
247149
256037
265273
274776
284496
294353
304050
313093
321027
327578
332434
335415
336491
335859
333841
330975
327648
324096
320362
316298
311747
306516
300500
293600
285735
276898
267155
256587
245343
233585
221483
209132
196596
183958
171273
158578
145971
133531
121305
109323
97634
86287
75274
64577
54198
44072
34143
24366
14721
5185
-4245
-13540
-22642
-31584
-40319
-48809
-56988
-64835
-72249
-79138
-85410
-91014
-95894
-99907
-103071
-105393
-106846
-107425
-107174
-106105
-104231
-101622
-98378
-94611
-90392
-85839
-81135
-76436
-71820
-67295
-62911
-58671
-54539
-50516
-46652
-43017
-39710
-36814
-34440
-32637
-31437
-30655
-30021
-29133
-27780
-25795
-23110
-19783
-15927
-11622
-6926
-1903
3340
8728
14239
19861
25609
31402
37173
42784
48186
53439
58631
63819
69068
74474
80072
85834
91813
97979
104214
110413
116492
122336
127721
132546
136898
140902
144623
148170
151610
155051
158455
161668
164628
167281
169636
171722
173555
175018
176014
176405
175987
174691
172474
169412
165645
161368
156816
152131
147478
142926
138413
133844
129081
124171
119056
113708
108292
103121
98553
94867
92236
90629
89816
89566
89614
89830
90222
90898
92115
94075
97036
101174
106588
113293
121250
130355
140575
151742
163719
176395
189663
203405
217574
232076
246832
261641
276174
290213
303530
315963
327290
337375
346064
353255
358939
363119
365769
366864
366415
364573
361510
357430
352548
347048
341050
334611
327775
320473
312663
304313
295359
285750
275402
264316
252545
240157
227294
214069
200586
186914
173165
159387
145618
131890
118230
104699
91296
78081
65139
52551
40351
28586
17324
6486
-3922
-13876
-23383
-32456
-41049
-49112
-56611
-63525
-69824
-75500
-80553
-84903
-88509
-91355
-93477
-94885
-95570
-95515
-94690
-93109
-90799
-87813
-84203
-80051
-75412
-70414
-65175
-59777
-54349
-48970
-43676
-38486
-33448
-28625
-24080
-19860
-15954
-12284
-8631
-4786
-813
2926
6279
9207
11646
13788
15909
18090
20541
23209
26094
29251
32656
36218
39870
43484
46953
50149
52981
55422
57356
58725
59621
60156
60440
60629
60969
61539
62359
63473
64843
66408
68087
69836
71612
73335
74983
76586
78057
79405
80723
82177
83847
85810
88147
90981
94329
98295
102937
108287
114294
120825
127731
134927
142203
149342
156171
162580
168542
174074
179188
183902
188335
192491
196446
200214
203764
207061
210140
212988
215598
218014
220312
222476
224554
226506
228345
229981
231305
232194
232563
232363
231664
230438
228676
226399
223705
220679
217400
213867
210077
205995
201551
196755
191580
185995
180014
173672
167019
160107
153060
145962
138946
132113
125626
119606
114209
109628
105997
103481
102141
101742
101742
102291
103508
104930
106156
107144
107758
107785
106999
105320
102705
99201
95011
90434
85729
81008
76405
72040
68032
64357
60974
57899
55109
52605
50397
48403
46566
44871
43245
41658
40120
38671
37373
36316
35599
35237
35314
35872
36952
38575
40646
43013
45534
47987
50218
52093
53539
54581
55289
55651
55636
55121
54080
52478
50274
47572
44549
41411
38352
35553
33294
31776
31121
31392
32549
34564
37390
40917
45048
49630
54450
59326
64054
68389
72214
75457
78068
80106
81660
82850
83810
84630
85455
86379
87491
88853
90382
92043
93817
95611
97383
99083
100692
102215
103662
105004
106279
107593
108886
110203
111655
113289
115182
117463
120135
123080
126178
129336
132443
135401
138128
140587
142783
144750
146606
148530
150652
153128
155975
159107
162368
165574
168539
171138
173247
174858
176055
176933
177662
178402
179257
180323
181639
183166
184886
186749
188635
190402
191933
193151
194024
194505
194620
194435
194007
193428
192841
192311
191884
191521
191162
190681
189968
188944
187537
185645
183224
180215
176580
172341
167539
162310
156722
150900
144893
138855
132920
127171
121660
116357
111250
106266
101285
96169
90803
85131
79124
72789
66145
59261
52189
45024
37887
30869
24012
17378
11017
4997
-659
-5893
-10706
-15094
-18979
-22361
-25254
-27688
-29709
-31280
-32399
-33082
-33263
-32935
-32093
-30750
-28878
-26502
-23595
-20180
-16332
-12129
-7583
-2691
2586
8285
14382
20828
27594
34635
41755
48876
55927
62738
69320
75687
81770
87445
92567
97077
100957
104269
107123
109557
111548
113074
114033
114401
114227
113627
112867
112108
111517
111150
111233
111843
112991
114674
116742
119020
121409
123838
126185
128392
130397
132105
133436
134302
134645
134432
133729
132508
130733
128411
125537
122181
118591
114915
111417
108179
105266
102708
100543
98840
97653
97041
96972
97321
97981
98930
100141
101544
103158
104903
106739
108604
110472
112362
114361
116521
119001
121889
125308
129362
134107
139513
145412
151574
157774
163767
169318
174254
178515
182135
185201
187850
190157
192190
193995
195579
197029
198390
199712
201096
202564
204053
205556
207034
208384
209565
210493
211109
211356
211132
210410
209216
207587
205591
203274
200518
197218
193337
188852
183766
178167
172102
165648
158824
151680
144209
136418
128315
119958
111415
102739
94022
85374
76837
68536
60615
53180
46334
40115
34520
29477
24968
20956
17378
14202
11393
8936
6878
5275
4157
3563
3492
3934
4772
5957
7456
9239
11206
13348
15655
18049
20337
22406
24154
25460
26356
26906
27163
27231
27211
27243
27537
28238
29467
31183
33290
35692
38319
41117
43947
46762
49524
52181
54763
57282
59735
62101
64353
66550
68700
70872
73122
75443
77863
80352
82868
85311
87634
89813
91804
93578
95105
96365
97336
98020
98449
98664
98741
98693
98497
98284
98172
98265
98580
99149
100008
101150
102556
104144
105853
107493
108950
110229
111363
112411
113485
114695
116128
117853
119916
122276
124874
127633
130458
133269
135998
138603
141125
143620
146210
149007
152082
155540
159392
163645
168304
173350
178684
184257
190033
196026
202215
208536
214824
220937
226723
232084
236931
241134
244584
247212
249057
250146
250465
249933
248533
246313
243314
239682
235437
230644
225334
219483
213128
206180
198636
190545
181902
172872
163585
154230
144960
135945
127243
118839
110699
102678
94673
86636
78525
70351
62170
54039
46085
38427
31210
24553
18539
13205
8538
4578
1326
-1265
-3264
-4776
-5921
-6755
-7381
-7868
-8277
-8627
-8890
-9032
-9006
-8803
-8355
-7620
-6564
-5182
-3490
-1517
708
3100
5652
8374
11269
14252
17270
20244
22992
25270
27014
28417
29864
31730
34162
37211
40720
44439
48112
51763
55355
59008
62760
66625
70511
74305
77993
81474
84740
87758
90435
92824
94902
96678
98193
99505
100625
101542
102320
103021
103619
104226
104876
105553
106214
106854
107493
108170
108852
109455
109940
110357
110736
111089
111478
111983
112599
113429
114541
115976
117709
119570
121325
122891
124128
125040
125513
125538
125145
124432
123577
122731
122035
121512
121154
120973
120977
121232
121750
122634
123798
125238
126899
128722
130704
132958
135586
138644
142260
146548
151576
157307
163639
170377
177307
184232
190948
197216
202838
207591
211399
214211
216055
217051
217328
217029
216275
215150
213691
211891
209692
207092
204091
200721
197071
193155
189018
184681
180110
175310
170247
164898
159211
153216
146883
140204
133232
126005
118543
110858
103070
95273
87507
79849
72401
65214
58323
51727
45377
39258
33331
27567
21915
16348
10810
5340
-49
-5336
-10461
-15375
-19998
-24236
-28029
-31251
-33810
-35608
-36594
-36753
-36022
-34363
-31854
-28537
-24457
-19682
-14296
-8448
-2220
4335
11208
18340
25672
32980
40001
46416
51987
56673
60682
64340
67940
71672
75531
79475
83381
87093
90559
93767
96802
99770
102797
105905
109110
112408
115761
119030
122130
124958
127472
129663
131578
133174
134600
135922
137199
138520
140027
141732
143544
145443
147318
149088
150691
152046
153030
153595
153721
153465
152861
151932
150720
149296
147706
145851
143783
141530
139144
136729
134321
131947
129556
126990
124168
120990
117412
113425
109085
104481
99735
94926
90145
85580
81349
77652
74701
72755
71900
72150
73495
75877
79229
83482
88529
94306
100734
107730
115275
123313
131735
140422
149298
158292
167237
175955
184297
192170
199544
206405
212715
218359
223200
227111
229908
231402
231476
230159
227688
224407
220715
216876
213070
209367
205686
201808
197551
192763
187281
181035
174021
166395
158368
150169
142056
134143
126520
119175
112056
105089
98261
91535
84932
78432
71970
65571
59246
53001
46830
40769
34819
28989
23325
17869
12622
7597
2838
-1601
-5636
-9217
-12295
-14815
-16793
-18274
-19266
-19828
-19976
-19767
-19270
-18544
-17662
-16620
-15400
-13930
-12191
-10169
-7849
-5147
-2063
1325
5026
9142
13856
19119
24900
31160
37784
44599
51539
58541
65502
72398
79187
85757
92051
97944
103395
108368
112896
116983
120660
124075
127355
130603
134003
137576
141293
145092
148883
152586
156127
159431
162330
164801
166823
168318
169306
169832
169861
169404
168565
167381
165903
164183
162187
159874
157225
154260
150903
147138
142988
138486
133853
129069
123946
118401
112344
105697
98520
91025
83356
75773
68534
61898
56032
51011
46910
43715
41406
39940
39315
39483
40429
42130
44651
48087
52608
58261
64968
72613
81027
90151
99927
110284
121138
132361
143818
155376
166948
178309
189266
199545
208994
217524
224992
231295
236372
240222
242862
244355
244802
244230
242753
240475
237503
233926
229797
225137
219899
214043
207530
200351
192516
184094
175199
165908
156332
146528
136627
126701
116799
106964
97253
87688
78304
69162
60290
51693
43382
35313
27489
19872
12493
5298
-1646
-8199
-14278
-19850
-24828
-29178
-32821
-35687
-37713
-38922
-39272
-38722
-37288
-35004
-31905
-28031
-23422
-18221
-12518
-6407
-30
6500
13052
19589
26229
32909
39442
45705
51504
56646
60995
64465
67147
69233
70715
71559
71671
70908
69417
67364
64873
62285
59952
58288
57714
58573
61001
64856
69863
75611
81760
88060
94266
100258
105954
111350
116452
121303
125943
130357
134556
138539
142276
145705
148798
151550
153974
156063
157743
158934
159624
159795
159407
158530
157302
155877
154413
152992
151534
150150
148886
147787
146934
146348
146043
145983
146174
146581
147130
147807
148590
149416
150252
151002
151680
152328
153005
153843
154909
156216
157765
159587
161691
164137
166979
170201
173770
177594
181601
185743
189912
193996
197899
201552
204888
207857
210444
212608
214393
215707
216466
216637
216226
215265
213834
211933
209556
206690
203359
199548
195258
190527
185323
179622
173436
166725
159440
151596
143198
134328
125069
115509
105704
95719
85700
75684
65788
56071
46581
37352
28450
19897
11719
3951
-3401
-10298
-16712
-22584
-27881
-32529
-36470
-39618
-41891
-43274
-43687
-43121
-41609
-39222
-36045
-32126
-27523
-22353
-16724
-10730
-4478
1953
8447
14899
21247
27449
33487
39334
44984
50334
55306
59676
63299
65925
67546
68490
69243
70246
71796
73946
76445
78976
81350
83490
85583
87886
90576
93771
97513
101758
106454
111503
116686
121822
126799
131460
135683
139408
142692
145554
148051
150190
151896
153180
154126
154790
155194
155303
155032
154279
153005
151212
148925
146128
142779
138847
134382
129429
124047
118466
112790
107320
102353
98075
94696
92396
91242
91180
91949
93295
94904
96494
97902
99003
99720
100051
100064
99899
99705
99695
100033
100809
102086
103918
106303
109239
112743
116834
121544
126831
132619
138809
145183
151574
157771
163546
168743
173345
177372
180941
184149
187113
189872
192322
194378
195952
196950
197496
197703
197664
197448
197051
196419
195478
194117
192190
189484
185846
181130
175256
168208
160122
151102
141370
131165
120692
110153
99792
89749
80175
71226
62936
55328
48385
42113
36515
31615
27343
23609
20296
17283
14543
12020
9715
7628
5816
4322
3141
2292
1835
1794
2253
3190
4661
6664
9185
12270
15901
20034
24567
29425
34489
39672
44967
50348
55746
61008
65939
70438
74193
77109
79339
81218
82963
84864
87105
89732
92705
95909
99245
102705
106199
109747
113326
116876
120360
123675
126750
129516
131981
134075
135784
137150
138163
138875
139388
139721
139910
139977
139898
139611
139094
138394
137502
136470
135192
133539
131477
128991
126085
122844
119346
115696
111968
108179
104518
101129
98123
95589
93533
91858
90505
89328
88149
86980
85781
84517
83233
82038
80982
80123
79497
79121
78919
78813
78684
78542
78395
78340
78491
78979
79989
81669
84181
87570
91858
96924
102712
109117
115997
123211
130685
138269
145821
153223
160385
167183
173487
179206
184326
188758
192540
195669
198152
199939
201061
201533
201334
200446
198831
196441
193292
189355
184660
179241
173208
166694
159840
152850
145788
138720
131666
124609
117585
110638
103826
97179
90731
84491
78527
72817
67352
62100
57032
52130
47358
42721
38176
33750
29505
25504
21792
18408
15455
12959
10994
9600
8777
8522
8851
9720
11111
12991
15268
17936
20897
24093
27430
30883
34412
37965
41479
44808
47624
49628
50788
51256
51476
51858
52668
53901
55465
57292
59490
62241
65730
70047
75189
81018
87373
93908
100363
106515
112185
117203
121642
125602
129123
132259
135057
137496
139641
141552
143214
144721
146078
147297
148413
149520
150539
151447
152175
152695
152930
152852
152435
151820
151028
150120
149079
147910
146595
145116
143456
141695
139896
138098
136372
134749
133225
131671
129980
128160
126181
124132
122104
120228
118522
117014
115679
114497
113360
112113
110721
109112
107296
105369
103471
101724
100304
99438
99252
99790
101088
103097
105759
109045
112908
117384
122471
128147
134315
140812
147453
154001
160223
165884
170828
174947
178164
180476
181920
182561
182472
181689
180267
178245
175702
172679
169192
165249
160848
155986
150689
144949
138783
132218
125280
117964
110265
102224
93876
85310
76679
68086
59718
51715
44225
37397
31375
26168
21799
18314
15707
13961
13031
12891
13532
14835
16724
19146
21999
25253
28859
32834
37135
41763
46680
51843
57196
62699
68250
73743
79095
84207
89048
93601
97855
101720
105054
107649
109259
109716
109143
107713
105594
103264
101213
99869
99472
100020
101488
103850
107080
111125
115862
120983
126035
130702
134861
138404
141217
143177
144147
144073
143061
141313
138955
136282
133454
130567
127777
125199
122806
120577
118476
116364
114134
111795
109217
106359
103207
99648
95679
91206
86135
80561
74633
68511
62337
56376
50851
46022
42072
39109
37113
36090
35911
36493
37706
39479
41624
43977
46409
48794
51068
53218
55258
57227
59227
61484
64181
67493
71478
76114
81360
87195
93527
100283
107327
114559
121830
129066
136247
143379
150434
157267
163742
169693
175000
179567
183451
186836
189788
192384
194679
196664
198305
199496
200071
199861
198662
196327
192700
187770
181523
174132
165898
157073
147869
138526
129161
119847
110682
101743
93136
84959
77286
70268
63985
58565
54049
50419
47575
45416
43765
42458
41264
40108
38918
37660
36371
35088
33858
32759
31958
31579
31719
32483
33874
35847
38269
40998
43931
46892
49841
52743
55575
58348
61097
63890
66715
69471
71988
74018
75129
75160
74205
72689
71255
70768
71922
75079
80114
86611
94192
102587
111820
121665
131653
141238
149762
156874
162359
166146
168315
169075
168709
167480
165743
163746
161700
159967
158699
158066
158052
158429
158998
159613
160128
160263
159875
158836
157003
154294
150553
145782
140120
133603
126337
118352
109851
100935
91951
83289
75313
68242
62109
56719
51951
47553
43418
39316
35166
31018
27034
23435
20495
18330
16997
16343
16228
16538
17272
18468
20250
22726
25972
30062
35084
41223
48591
57287
67378
78859
91612
105531
120465
136078
151941
167668
182789
196950
209763
221077
230907
239380
246727
253181
258859
263779
267880
271020
272962
273350
271991
268760
263704
257049
249018
239875
229862
219266
208331
197195
185907
174530
163210
152066
141353
131337
122218
114089
106888
100412
94473
88840
83394
78035
72750
67538
62346
57174
52046
46923
41820
36746
31823
27107
22735
18806
15348
12404
10036
8307
7246
6829
7028
7895
9476
11688
14481
17748
21512
25659
30115
34840
39842
44828
49495
53697
57343
60444
63166
65762
68532
71460
74737
78422
82615
87464
93089
99528
106823
114896
123616
132792
142136
151261
159744
167242
173414
178025
181004
182328
182124
180623
178246
175306
172109
168906
165730
162595
159429
156206
152775
148935
144452
139257
133539
127563
121581
115726
110056
104548
99154
93892
88822
84029
79531
75264
71241
67411
63850
60546
57403
54419
51586
48966
46643
44752
43444
42887
43180
44283
46175
48728
51794
55328
59355
63848
68766
74080
79736
85724
92033
98624
105420
112363
119344
126208
132804
138971
144538
149291
153173
156179
158398
160010
161172
162051
162826
163606
164435
165266
166028
166679
167118
167190
166689
165280
162806
159152
154295
148364
141534
134128
126289
118168
109908
101655
93522
85643
78163
71199
64797
58954
53543
48422
43412
38303
32943
27226
21086
14538
7683
712
-6182
-12735
-18690
-23793
-27914
-30942
-32801
-33444
-32859
-31029
-28023
-23894
-18626
-12250
-5031
2812
11005
19227
27163
34655
41714
48614
55805
63616
72226
81642
91694
102220
113022
123863
134482
144720
154486
163750
172435
180422
187611
193912
199269
203618
206958
209401
211094
212177
212835
213263
213491
213610
213760
213932
214223
214530
214726
214709
214277
213242
211598
209275
206200
202405
197933
192749
186782
179964
172488
164575
156528
148529
140729
133183
125874
118656
111372
104007
96609
89134
81672
74244
66906
59661
52552
45509
38549
31672
24912
18400
12254
6695
1912
-1907
-4604
-6046
-6163
-4961
-2470
1267
6196
12284
19369
27249
35685
44377
52890
60916
68200
74596
80047
84636
88527
91862
94752
97231
99226
100615
101304
101217
100361
98799
96609
93917
90807
87389
83663
79701
75549
71178
66568
61694
56576
51261
45955
40829
36055
31798
28204
25442
23660
22999
23511
25139
27710
30838
34215
37484
40490
43269
46024
48957
52126
55629
59731
64550
70139
76550
83835
91974
100965
110637
120848
131372
141912
152047
161678
170786
179347
187643
195753
203928
212082
220273
228148
235372
241798
247539
252860
257835
262259
265932
268438
269633
269689
268860
267477
265781
263940
262237
260787
259943
259772
260114
261048
262437
263792
265029
265745
265581
264611
262647
259541
255267
249883
243753
236987
229647
221915
213856
205572
197158
188585
179835
170889
161728
152217
142162
131489
120233
108439
96285
83916
71474
59057
46724
34465
22176
9833
-2419
-14579
-26558
-38147
-49130
-59274
-68396
-76386
-83062
-88407
-92421
-95043
-96429
-96785
-96350
-95368
-94091
-92862
-91820
-91043
-90552
-90331
-90313
-90416
-90491
-90471
-90080
-89054
-87221
-84453
-80530
-75142
-68357
-60508
-51977
-42923
-33498
-23752
-13506
-2732
8566
20398
32589
45106
57869
70861
84082
97548
111265
125242
139494
154040
168891
184052
199495
215198
231152
247356
263789
280395
297133
314048
331095
348089
364647
380148
393941
405355
414103
420345
424486
427321
429355
430845
431972
432768
433291
433493
433237
432336
430489
427612
423811
418885
412392
403459
391208
376103
358257
337865
315391
290807
264841
237191
207886
176912
144612
111187
76736
41382
5315
-31357
-68379
-105398
-142032
-177766
-212107
-244530
-274819
-302820
-328601
-352261
-373896
-393495
-411027
-426437
-439666
-450516
-458683
-463834
-465673
-463933
-458318
-448541
-434690
-417007
-395963
-372028
-345734
-317507
-287793
-257079
-225740
-194156
-162630
-131534
-101111
-71530
-42834
-14896
12369
39099
65412
91335
116965
142333
167572
192830
218290
244028
270046
296240
322476
348554
374295
399515
424123
448058
471316
494092
516613
539075
561380
583129
603767
622719
639341
653215
664447
673231
679457
682762
682894
679560
672460
661851
647966
630742
610203
586298
559106
528698
494933
457853
417737
375188
330750
285066
238852
192797
147625
103958
62305
22760
-14739
-50198
-83732
-115449
-145399
-173759
-200652
-226147
-250394
-273384
-295201
-315799
-335293
-353726
-371098
-387320
-402211
-415532
-426806
-435490
-440996
-442899
-440858
-434844
-425108
-411880
-395442
-375968
-353705
-329024
-302344
-274111
-244705
-214522
-183770
-152663
-121395
-90095
-58809
-27516
3860
35266
66711
98123
129476
160690
191750
222601
253210
283550
313595
343267
372496
401180
429222
456478
482873
508327
532799
556272
578696
599939
619742
637718
653205
665715
674738
680074
681708
679810
674492
665898
654192
639449
621674
600883
577278
551119
522673
492213
459874
425742
389814
352228
313104
272655
231074
188545
145319
101795
58504
16013
-25325
-65213
-103323
-139500
-173814
-206341
-237326
-266850
-294950
-321543
-346424
-369296
-389969
-408315
-424417
-438365
-450237
-459998
-467491
-472550
-474836
-473960
-469589
-461554
-449807
-434480
-415892
-394355
-370244
-343963
-315872
-286338
-255673
-224218
-192262
-160005
-127571
-95049
-62469
-29843
2804
35461
68138
100893
133732
166601
199410
232051
264301
296020
327041
357283
386641
414967
442099
467855
492104
514719
535616
554727
572027
587567
601392
613541
624117
632985
639921
644769
647419
647633
645149
639776
631419
619918
605065
586682
564813
539656
511415
480434
446905
411063
372931
332655
290690
247915
205086
162981
122264
83291
46463
11505
-21629
-53350
-83779
-113200
-141661
-169373
-196268
-222431
-247533
-271539
-294124
-315131
-334408
-351904
-367617
-381616
-393864
-404249
-412538
-418453
-421689
-422020
-419310
-413462
-404416
-392176
-376910
-358892
-338536
-316229
-292363
-267187
-240849
-213403
-184858
-155299
-124843
-93680
-61982
-30015
1964
33698
64968
95679
125777
155294
184297
212844
241095
269097
296894
324547
352059
379436
406614
433384
459513
484740
508923
531912
553527
573499
591542
607217
620027
629694
636291
640097
641404
640534
637562
632588
625638
616651
605582
592499
577367
559967
540141
517729
492544
464382
433134
398919
362004
322702
281616
239125
195868
152391
109159
66436
24415
-16745
-56972
-96030
-133723
-169773
-203852
-235719
-265357
-292857
-318202
-341588
-362866
-381936
-398764
-413346
-425689
-435823
-443748
-449355
-452418
-452845
-450726
-446165
-439161
-429677
-417686
-403200
-386321
-367179
-345932
-322757
-297836
-271361
-243553
-214637
-184842
-154415
-123575
-92598
-61705
-31056
-657
29498
59495
89418
119378
149388
179428
209440
239339
269053
298426
327383
355813
383634
410719
436912
462075
486157
509062
530809
551385
570669
588469
604455
618200
629517
638475
645260
650188
653429
654999
654571
651641
645881
637046
625180
610256
592412
571758
548342
522250
493574
462440
429114
393687
356268
316836
275636
232828
188844
144081
99273
55000
11909
-29693
-69280
-106747
-141847
-174516
-204724
-232613
-258444
-282427
-304764
-325625
-345037
-363032
-379652
-394783
-408216
-419690
-428942
-435610
-439437
-440310
-438225
-433316
-425736
-415781
-403697
-389728
-374037
-356688
-337795
-317467
-295776
-272748
-248443
-223010
-196683
-169741
-142483
-115026
-87423
-59596
-31509
-3032
25949
55530
85670
116254
147189
178320
209558
240770
271909
302866
333504
363659
393143
421731
449212
475380
500024
523053
544353
563789
581205
596445
609390
619908
627989
633753
637433
639258
639289
637395
633430
627139
618288
606677
592236
575113
555508
533612
509516
483227
454753
424227
391815
357588
321646
284063
244973
204787
163809
122391
80855
39681
-545
-39287
-76078
-110728
-143213
-173700
-202349
-229247
-254486
-278177
-300338
-320994
-340024
-357330
-372827
-386413
-397944
-407287
-414303
-418925
-421068
-420653
-417761
-412587
-405213
-395718
-384157
-370537
-354981
-337470
-317959
-296464
-273161
-248306
-222316
-195620
-168601
-141477
-114421
-87467
-60592
-33731
-6840
20152
47289
74583
101951
129320
156580
183709
210692
237623
264519
291380
318071
344467
370406
395693
420155
443671
466127
487461
507624
526519
544058
560129
574415
586575
596539
604292
610035
614274
617138
618492
617894
614851
608921
600244
589000
575330
559373
541144
520452
497364
472070
444729
415497
384434
351703
317658
282462
246117
208698
170370
131473
92468
53951
16452
-19554
-53639
-85662
-115311
-142745
-167952
-191386
-213223
-233772
-253077
-271184
-288090
-303949
-319033
-333597
-347655
-361012
-373293
-384168
-393193
-400113
-404781
-407155
-407209
-404797
-399760
-391983
-381409
-368021
-351908
-333321
-312507
-289809
-265688
-240459
-214420
-187755
-160640
-133137
-105343
-77201
-48736
-19968
9035
38192
67459
96819
126228
155560
184609
213236
241371
268976
296046
322577
348566
374006
398842
422980
446317
468758
490150
510336
528963
545657
559989
571794
581299
589238
596286
602942
609269
614819
619047
620845
619733
615664
608877
599655
588145
574357
558109
539376
518023
494140
467666
438580
407126
373583
338011
300757
261900
221781
180608
138780
96611
54763
13593
-26276
-64421
-100398
-133965
-165038
-193387
-219154
-242446
-263649
-283317
-301836
-319474
-336355
-352448
-367639
-381660
-394107
-404547
-412664
-418207
-420931
-420686
-417444
-411207
-402102
-390336
-376134
-359645
-340995
-320379
-297845
-273490
-247438
-219890
-191085
-161385
-131168
-100934
-71102
-42065
-14095
12771
38759
64115
89202
114326
139728
165517
191669
218086
244617
271133
297590
323951
350096
375867
401046
425388
448727
470980
492121
512227
531376
549364
566090
581567
595693
608441
619648
629001
636101
640717
642345
640710
635782
627655
616603
602869
586634
567931
547000
523863
498579
471172
441762
410287
376472
340289
301778
261239
218949
175444
131192
87024
43816
2431
-36429
-72423
-105517
-135904
-163815
-189770
-214166
-237595
-260140
-281949
-302727
-322339
-340689
-357733
-373364
-387536
-400006
-410611
-418948
-424675
-427476
-427272
-424168
-418245
-409621
-398407
-384729
-368762
-350713
-330945
-309723
-287348
-264024
-239844
-214846
-189046
-162469
-135105
-106997
-78229
-48952
-19329
10506
40471
70508
100562
130714
160956
191256
221528
251731
281784
311638
341203
370394
399041
426930
453780
479346
503399
525820
546534
565530
582793
598339
612191
624389
634972
643831
650571
654662
655808
653913
649002
641281
630892
617787
601650
582296
559850
534734
507710
479109
449223
417916
385209
351253
316439
280998
244996
208356
171061
133040
94188
54365
13734
-27406
-68415
-108746
-147600
-184512
-218900
-250495
-279108
-304988
-328458
-349888
-369523
-387630
-404320
-419510
-432875
-444106
-452923
-458985
-462028
-461971
-458885
-452981
-444550
-433817
-421084
-406594
-390555
-373092
-354227
-333941
-312211
-288958
-264195
-237993
-210503
-181950
-152568
-122578
-92197
-61532
-30718
187
31185
62308
93590
125046
156726
188605
220624
252721
284802
316781
348490
379795
410530
440567
469804
498032
525106
550824
575032
597554
618335
637173
654127
669171
682139
692695
700573
705604
707818
707240
703828
697572
688282
675582
659302
639536
616254
589630
559589
526211
489578
450057
407711
362811
315443
265891
214503
161722
107946
53698
-174
-52868
-103321
-150446
-193558
-232464
-267478
-298722
-326678
-351874
-375189
-397327
-418326
-437879
-455544
-470884
-483479
-493041
-499378
-502302
-501834
-498136
-491386
-481666
-469034
-453571
-435264
-414149
-390362
-364134
-335892
-305968
-274792
-242767
-210277
-177739
-145531
-113902
-82960
-52738
-23163
5917
34715
63429
92278
121383
150810
180557
210607
240907
271410
302015
332666
363268
393725
423828
453394
482180
509905
536306
561121
584173
605357
624603
641804
656926
669875
680360
688177
693519
696511
697230
695957
692592
686628
677608
665399
649862
630785
608175
581939
552053
519066
483343
445282
405066
362918
318888
273316
226452
178626
130294
81961
34185
-12098
-56277
-97748
-136344
-172102
-205398
-236613
-266281
-294551
-321529
-347118
-371188
-393308
-413218
-430697
-445836
-458560
-468988
-477178
-483220
-486971
-488273
-486890
-482630
-475393
-465138
-451903
-435713
-416741
-395173
-371422
-345918
-319073
-291184
-262412
-232922
-202936
-172673
-142145
-111149
-79517
-47156
-13941
20033
54507
89349
124402
159569
194783
230067
265352
300614
335755
370643
405104
438903
471784
503450
533617
561974
588243
612158
633525
652285
668451
682054
693011
701224
706660
709248
708950
705774
699823
691484
681121
668769
654146
637112
617531
595375
570593
543212
513406
481505
447630
411850
373964
333754
291154
246404
199718
151519
102205
52236
1956
-48118
-97497
-145644
-192020
-236105
-277536
-315953
-351352
-383743
-413189
-439680
-463069
-483225
-500375
-514710
-526353
-535223
-541092
-543692
-542667
-537817
-529266
-517123
-501440
-482450
-460576
-436171
-409557
-380832
-350225
-318117
-285006
-251439
-217750
-184057
-150274
-116166
-81504
-46172
-10233
26014
62275
98398
134342
170147
205862
241523
277099
312581
347874
382843
417216
450748
483220
514344
543956
571919
598125
622494
644910
665300
683644
700050
714576
727203
737573
745370
750350
752243
750869
746071
737559
725036
708190
686811
660797
630455
596332
558799
518139
474880
429433
382157
333412
283802
233683
183484
133341
83608
34706
-12867
-58584
-101872
-142717
-181050
-217029
-250706
-282210
-311645
-339057
-364263
-387115
-407414
-425351
-441219
-455328
-467765
-478398
-486860
-492815
-495900
-495843
-492344
-485273
-474550
-460134
-442080
-420595
-395954
-368577
-338816
-307306
-274731
-241788
-208962
-176588
-144802
-113597
-82880
-52490
-22226
8123
38733
69688
100950
132522
164370
196496
228938
261813
295227
329130
363488
398113
432833
467325
501252
534222
565816
595690
623462
648905
671860
692220
709796
724345
735579
743177
746731
746113
741370
732651
719948
703401
683150
659471
632664
602990
570619
535752
498388
458685
416936
373393
328343
281787
233751
184255
133610
82317
31331
-18588
-66612
-111985
-154210
-193206
-228969
-261940
-292295
-320659
-347380
-372869
-397265
-420696
-443013
-464025
-483310
-500266
-514097
-524276
-530378
-532296
-530034
-523704
-513546
-499749
-482586
-462574
-440143
-415738
-389710
-362264
-333596
-303819
-272956
-241043
-208273
-174808
-140873
-106696
-72529
-38462
-4527
29273
63073
97010
131268
165938
201037
236575
272526
308835
345343
381946
418473
454712
490420
525259
558926
591139
621608
649990
676069
699649
720533
738458
753053
764086
771388
774719
774242
770106
762268
750615
734998
715215
691582
664543
634218
600820
564582
525499
483562
439085
392249
343049
291579
238053
182979
126943
70740
15480
-37816
-88136
-134688
-177227
-216091
-251994
-285475
-317283
-347845
-377369
-405818
-433118
-459147
-483607
-506117
-526037
-542925
-556377
-565829
-570961
-571616
-567806
-559574
-546903
-529915
-508714
-483388
-454169
-421418
-385701
-347693
-308308
-268179
-227819
-187593
-147882
-108903
-70769
-33454
3211
39457
75504
111607
147915
184537
221443
258598
295910
333271
370507
407475
443990
479886
514892
548732
581080
611623
640044
665889
688721
708177
723935
735809
743852
748084
748721
745953
739799
730140
717045
700742
681588
659866
636066
610318
582281
551523
517746
480956
441296
398850
353845
306631
257674
207419
156148
104534
52999
2352
-46791
-93488
-137154
-177140
-213472
-246449
-276575
-304456
-330558
-355098
-378296
-400328
-421239
-441003
-459510
-476576
-491856
-504748
-514590
-520810
-522836
-520315
-513146
-501457
-485526
-465949
-443099
-417266
-388709
-357735
-324523
-289303
-252333
-213920
-174483
-134434
-94247
-54229
-14590
24587
63304
101652
139786
177892
216102
254499
293146
331951
370727
409118
446798
483368
518485
551802
583040
611971
638485
662606
684394
703828
720786
734927
745761
753028
756682
756821
753704
747307
737482
724077
706922
685792
660659
631754
599507
564340
526403
485740
442177
395874
347194
296615
244560
191501
137723
83730
30111
-22476
-73370
-122040
-168148
-211424
-251806
-289127
-323626
-355648
-385378
-412904
-438204
-461297
-482163
-500860
-517204
-530951
-541712
-549158
-552943
-552844
-548914
-541174
-529749
-514757
-496372
-474751
-450079
-422508
-392141
-359177
-324053
-287260
-249282
-210602
-171618
-132645
-93799
-55089
-16523
21890
60155
98273
136251
174138
211914
249568
287132
324623
362032
399278
436275
472771
508473
542942
575841
606795
635622
662165
686274
707943
727197
743994
758197
769591
777753
782230
782587
778572
769997
756722
738817
716693
690532
660465
626703
589581
549607
507486
463620
418278
371626
323669
274606
224603
173815
122365
70405
18028
-34467
-86734
-137938
-187155
-233510
-276558
-315922
-351475
-383568
-412919
-440116
-465747
-489819
-511937
-531528
-547886
-560432
-568700
-572495
-571761
-566696
-557603
-544877
-528831
-509931
-488477
-464852
-439260
-411851
-382729
-352018
-319866
-286390
-251963
-216878
-181467
-145911
-110373
-74888
-39374
-3835
31852
67767
103948
140450
177235
214301
251578
288971
326302
363431
400157
436254
471519
505706
538595
569947
599466
626973
652296
675349
696071
714401
730233
743351
753484
760479
764150
764517
761635
755486
746010
732960
715922
694616
669128
639914
607093
570588
530615
487582
441966
394024
344220
292776
240123
186786
133312
80308
28209
-22344
-71072
-117641
-161848
-203542
-242721
-279496
-313881
-345760
-374803
-400789
-423757
-444087
-461972
-477617
-491131
-502465
-511416
-517842
-521574
-522515
-520589
-515629
-507493
-496013
-481104
-462786
-441188
-416575
-389329
-360008
-329017
-296899
-264043
-230756
-197212
-163512
-129730
-95858
-61889
-27786
6472
40896
75513
110335
145373
180557
215865
251291
286775
322240
357608
392694
427357
461423
494666
526873
557839
587353
615268
641505
665910
688330
708414
725812
740237
751472
759416
764019
764976
761965
754451
741755
723817
700982
673541
642067
607191
569356
529128
487314
444358
400605
356191
311153
265820
220688
176235
132953
91259
51294
13174
-23086
-57399
-89944
-121120
-151195
-180340
-208564
-235909
-262108
-287109
-310742
-333033
-354059
-373828
-392300
-409382
-424847
-438371
-449749
-458717
-465051
-468554
-469035
-466369
-460496
-451360
-438948
-423312
-404648
-383124
-358952
-332318
-303485
-272725
-240418
-206982
-172787
-138115
-103144
-68035
-32954
1994
36771
71299
105606
139774
173870
208000
242170
276422
310737
345009
379137
412965
446299
478929
510523
540842
569636
596759
622124
645666
667221
686381
702626
715298
724101
728977
730141
727592
721463
711756
698418
681301
661124
638724
614635
589079
562066
533481
503128
470871
436529
399984
361149
319891
276345
230544
182958
134110
84521
34633
-14932
-63509
-110455
-155199
-197289
-236646
-273149
-307053
-338590
-367932
-395059
-420069
-442926
-463820
-482940
-500318
-515737
-528789
-539110
-546194
-549590
-548786
-543586
-533979
-520037
-501862
-479628
-453710
-424432
-392301
-358114
-322449
-286016
-249493
-213338
-177683
-142455
-107544
-72631
-37503
-1996
33852
69921
105978
141799
177232
212194
246609
280394
313402
345554
376853
407336
437050
466075
494412
522048
548880
574735
599448
622840
644748
664988
683405
699856
713963
725324
733513
738202
739027
735945
729025
718349
703962
685810
663693
637882
608867
577430
543923
508695
471734
433033
392750
351198
308604
264983
220450
175069
129282
83313
37862
-6673
-49494
-90384
-128968
-165391
-199612
-231845
-262377
-291419
-319069
-345318
-370248
-393877
-416263
-437230
-456488
-473528
-487791
-498837
-506379
-510059
-509635
-504970
-495989
-482714
-465348
-444101
-419239
-391182
-360693
-328407
-294936
-260810
-226360
-191931
-157919
-124679
-92465
-61400
-31519
-2665
25490
53299
81288
109810
139145
169357
200378
232057
264259
296815
329552
362262
394722
426728
458097
488584
517919
545837
572102
596469
618709
638564
655655
669650
680351
687571
691398
692103
689987
684961
676842
665517
651028
633683
613963
592122
568253
542139
513578
482317
448172
411048
370850
327699
281658
233157
182564
130640
77803
24788
-27823
-79297
-128854
-175734
-219269
-259036
-294863
-326823
-355357
-380970
-404140
-425295
-444794
-462828
-479398
-494028
-506046
-514629
-519155
-519409
-515597
-508238
-497919
-485054
-469872
-452492
-432967
-411306
-387380
-361123
-332623
-302185
-270240
-237192
-203372
-169072
-134498
-99734
-64882
-30024
4867
39863
74998
110288
145768
181481
217417
253628
289999
326408
362593
398314
433256
467078
499352
529698
557798
583488
606720
627572
646062
662192
675841
686756
694724
699623
701798
701760
699777
695803
689651
680905
669024
653990
636007
615124
591401
564706
534890
501848
465631
426672
385384
342377
298199
253385
208312
163383
118872
75109
32403
-9143
-49554
-88697
-126575
-163101
-197993
-230890
-261484
-289513
-314873
-337557
-357845
-376224
-393044
-408450
-422348
-434423
-444365
-452025
-457224
-459781
-459482
-456127
-449618
-439927
-427072
-411112
-392253
-370821
-347244
-321842
-295030
-267128
-238581
-209689
-180593
-151422
-122283
-93152
-64000
-34739
-5233
24586
54757
85375
116480
148128
180346
213094
246284
279829
313526
347163
380497
413261
445157
475922
505220
532856
558666
582516
604362
624185
641912
657405
670566
681244
689271
694509
696970
696771
694077
689005
681445
671247
658169
642107
623049
601146
576504
549265
519396
486919
451836
414310
374690
333469
291061
247791
203997
160165
116701
74074
32556
-7531
-46022
-82827
-117927
-151458
-183515
-214171
-243439
-271433
-298264
-324210
-349421
-373871
-397194
-418955
-438694
-455984
-470544
-482162
-490700
-496168
-498567
-497978
-494446
-488014
-478656
-466386
-451164
-432999
-411971
-388164
-361827
-333228
-302859
-271174
-238701
-205790
-172695
-139666
-106849
-74326
-42116
-10185
21535
53140
84723
116388
148199
180149
212180
244237
276221
308016
339483
370472
400844
430383
458882
486156
512054
536373
559004
579864
598921
616043
631062
643724
653956
661775
667261
670521
671644
670634
667332
661707
653631
643057
629861
613956
595521
574699
551611
526333
498974
469623
438291
405138
370442
334525
297755
260519
223181
186012
149208
112821
76992
41926
7905
-24771
-55645
-84404
-110934
-135292
-157742
-178533
-198027
-216453
-234029
-250892
-267125
-282708
-297474
-310971
-322663
-332027
-338617
-342089
-342238
-338950
-332262
-322501
-310088
-295466
-278987
-260881
-241328
-220420
-198196
-174775
-150336
-125215
-99792
-74479
-49620
-25498
-2267
19899
40811
60220
78066
94273
108969
122466
135304
148017
161318
175685
191401
208481
226700
245745
265213
284823
304367
323640
342466
360614
377952
394347
409702
423787
436439
447435
456616
463769
468770
471513
471916
469895
465408
458466
449088
437368
423479
407562
389862
370644
350225
328854
306764
284202
261346
238396
215533
192973
170914
149553
129130
109942
92217
76076
61503
48327
36241
24789
13481
1943
-10239
-23330
-37537
-52948
-69555
-87292
-105980
-125284
-144783
-163893
-182001
-198277
-211965
-222307
-228813
-231303
-229948
-225184
-217613
-207839
-196454
-183848
-170393
-156262
-141570
-126346
-110618
-94383
-77672
-60559
-43152
-25611
-8085
9233
26190
42618
58410
73480
87760
101252
113989
126013
137382
148198
158539
168437
177894
186883
195340
203189
210375
216824
222473
227303
231329
234548
236986
238672
239572
239655
238895
237280
234811
231493
227313
222330
216580
210093
202944
195185
186916
178193
169052
159558
149737
139682
129451
119145
108886
98775
88923
79416
70327
61794
53853
46594
40060
34300
29329
25159
21776
19144
17255
16086
15608
15762
16511
17834
19717
22138
25053
28439
32225
36375
40860
45641
50678
55944
61389
67002
72749
78609
84550
90500
96435
102301
108049
113646
119024
124154
129012
133548
137732
141520
144908
147933
150548
152777
154638
156126
157235
157999
158402
158457
158137
157486
156476
155144
153460
151477
149214
146703
143972
141043
137957
134727
131349
127860
124277
120607
116853
113066
109256
105457
101702
98024
94471
91040
87773
84709
81863
79282
76971
74968
73267
71877
70799
70048
69595
69440
69576
69977
70639
71538
72636
73896
75305
76817
78418
80065
81739
83439
85160
86921
88732
90612
92551
94538
96579
98668
100800
102958
105133
107256
109319
111282
113142
114863
116408
117770
118942
119924
120746
121377
121832
122137
122279
122270
122105
121821
121434
120932
120341
119696
118977
118214
117435
116658
115875
115068
114267
113461
112625
111772
110887
109968
109032
108078
107103
106127
105150
104160
103226
102339
101507
100750
100031
99364
98776
98260
97833
97457
97155
96956
96832
96782
96806
96895
97039
97258
97513
97811
98172
98585
99033
99509
99992
100482
100985
101504
102045
102579
103112
103624
104109
104585
105035
105452
105815
106127
106385
106588
106727
106806
106819
106781
106703
106580
106428
106254
106094
105948
105847
105780
105754
105752
105775
105814
105889
105948
106001
106031
106059
106064
106076
106083
106055
106002
105929
105817
105679
105526
105359
105175
104975
104754
104521
104309
104072
103880
103698
103538
103426
103331
103256
103233
103247
103285
103320
103344
103380
103425
103458
103480
103498
103507
103548
103567
103584
103579
103544
103479
103395
103315
103238
103157
103083
103022
103006
103015
103053
103140
103271
103455
103673
103945
104265
104620
104998
105400
105789
106157
106511
106848
107156
107458
107755
108021
108259
108469
108648
108779
108870
108921
108947
108957
108929
108850
108753
108617
108447
108234
107996
107762
107527
107289
107080
106900
106742
106590
106447
106306
106166
106036
105927
105843
105792
105743
105699
105661
105629
105600
105561
105504
105432
105336
105211
105065
104905
104750
104604
104444
104261
104055
103848
103644
103445
103243
103060
102920
102841
102799
102806
102882
102987
103113
103220
103311
103375
103412
103438
103448
103451
103434
103412
103388
103390
103421
103468
103536
103611
103685
103753
103811
103842
103836
103820
103799
103777
103759
103742
103737
103741
103759
103792
103812
103846
103886
103912
103924
103909
103851
103757
103648
103531
103431
103336
103242
103178
103180
103232
103327
103453
103619
103801
103995
104177
104363
104524
104665
104798
104906
105002
105081
105144
105199
105259
105312
105374
105417
105440
105443
105429
105399
105352
105296
105243
105193
105138
105087
105041
105020
104980
104953
104932
104908
104869
104771
104650
104481
104285
104070
103860
103692
103559
103468
103396
103363
103356
103368
103438
103550
103689
103866
104053
104229
104394
104549
104681
104779
104839
104864
104853
104807
104722
104621
104491
104347
104192
104046
103905
103780
103698
103623
103591
103600
103655
103747
103852
103970
104072
104203
104331
104468
104613
104759
104889
105020
105132
105245
105336
105417
105493
105556
105617
105661
105725
105773
105841
105912
105977
106044
106095
106119
106126
106109
106084
106060
106032
106010
106015
106036
106081
106109
106139
106162
106193
106224
106266
106299
106346
106404
106459
106526
106577
106607
106603
106570
106494
106392
106279
106179
106081
106029
106012
106014
106044
106099
106157
106238
106322
106426
106558
106681
106817
106958
107100
107236
107363
107466
107553
107633
107706
107777
107846
107914
107998
108110
108214
108327
108462
108619
108810
109040
109293
109568
109881
110222
110594
111008
111431
111850
112233
112603
112952
113293
113621
113948
114315
