-451	-414	322
-480	-399	557
-476	-299	805
-406	-183	1033
-358	-135	1230
-345	-135	1412
-318	-192	1579
-224	-194	1729
-136	-286	1883
-117	-470	2065
-19	-586	2229
165	-699	2392
317	-768	2567
366	-799	2759
434	-894	2954
499	-988	3141
543	-1071	3324
535	-1068	3489
649	-1072	3670
727	-1197	3851
579	-1543	4058
464	-1841	4226
591	-1838	4383
720	-1650	4527
651	-1541	4674
682	-1437	4810
893	-1321	4964
906	-1279	5165
872	-1219	5357
896	-1217	5517
1020	-1228	5650
1059	-1164	5753
817	-1074	5791
878	-773	5777
1049	-708	5754
999	-991	5693
880	-1197	5649
798	-1280	5590
655	-1429	5484
617	-1401	5308
567	-1077	5075
550	-657	4827
743	-169	4552
1047	313	4268
1338	587	3956
1358	695	3675
1293	922	3420
1246	1189	3129
1154	1262	2842
948	1133	2554
810	935	2265
875	704	1970
816	217	1685
638	-333	1391
805	-561	1079
1048	-909	734
770	-1446	439
604	-1445	121
673	-1041	-276
311	-861	-693
-271	-654	-1062
-462	-228	-1424
-496	40	-1794
-590	138	-2085
-546	223	-2317
-330	394	-2538
-222	598	-2694
-250	858	-2772
-215	1051	-2780
33	1205	-2735
313	1259	-2706
459	1321	-2705
466	1455	-2723
363	1696	-2770
261	1820	-2761
205	1886	-2755
262	1933	-2770
202	1912	-2817
75	1802	-2848
26	1794	-2908
34	1855	-3000
74	1874	-3111
216	1789	-3217
292	1605	-3302
278	1415	-3375
274	1218	-3428
194	980	-3462
118	728	-3486
181	514	-3525
210	293	-3564
130	52	-3591
263	-72	-3618
297	-130	-3641
124	-281	-3627
126	-203	-3613
96	-32	-3622
-17	4	-3635
24	60	-3682
87	125	-3721
21	40	-3717
-64	31	-3718
-91	150	-3731
-194	169	-3728
-353	96	-3689
-384	184	-3666
-455	236	-3680
-693	-52	-3719
-789	-161	-3785
-664	91	-3883
-658	117	-3940
-722	162	-3912
-425	527	-3814
-275	867	-3695
-380	1003	-3573
-285	1163	-3485
-102	1149	-3399
-167	999	-3204
-305	1001	-2915
-495	1097	-2652
-798	1007	-2485
-1002	812	-2336
-1028	663	-2144
-1093	599	-1929
-1011	572	-1679
-1057	310	-1428
-1108	24	-1157
-1031	-64	-852
-1017	-265	-526
-876	-316	-182
-766	-281	158
-750	-425	508
-705	-537	873
-568	-667	1197
-466	-803	1489
-357	-872	1771
-237	-999	2031
-210	-1200	2286
-88	-1351	2515
87	-1362	2733
100	-1423	2929
113	-1391	3103
251	-1207	3268
248	-958	3445
333	-667	3631
461	-492	3856
495	-448	4073
409	-549	4283
502	-540	4469
691	-555	4642
718	-881	4854
678	-1119	5067
599	-1235	5221
608	-1439	5345
827	-1654	5448
881	-1811	5533
659	-1896	5578
697	-1734	5598
537	-1702	5631
238	-1732	5611
268	-1274	5398
201	-233	5085
-151	629	4747
-159	1070	4499
-30	1220	4349
-13	891	4132
87	455	3947
208	377	3800
146	337	3668
246	312	3530
544	518	3359
834	776	3227
1121	837	3138
1326	748	3043
1367	540	2923
1361	236	2828
1156	-122	2725
832	-443	2611
684	-656	2487
846	-793	2267
1043	-858	1961
1172	-862	1612
1161	-800	1228
975	-643	812
820	-317	372
606	5	-95
228	-27	-515
24	-90	-894
-157	-56	-1220
-394	-37	-1486
-304	223	-1713
-85	550	-1981
-46	773	-2229
77	937	-2441
126	956	-2610
120	907	-2723
401	978	-2854
732	1093	-3018
770	1122	-3200
610	1049	-3356
394	903	-3435
189	728	-3466
143	581	-3475
214	478	-3498
298	471	-3550
334	501	-3625
309	507	-3697
390	504	-3743
540	495	-3794
504	434	-3835
287	451	-3875
154	499	-3919
-14	515	-3958
-98	594	-3964
8	720	-3995
41	733	-4029
33	780	-4085
113	852	-4184
32	777	-4225
-2	846	-4262
127	1000	-4332
40	874	-4382
-104	829	-4416
-213	858	-4466
-531	652	-4466
-750	607	-4429
-709	689	-4414
-796	498	-4387
-918	298	-4311
-810	341	-4241
-668	481	-4118
-643	652	-3885
-414	784	-3661
-265	737	-3475
-306	570	-3314
-158	366	-3145
-74	174	-2960
-163	151	-2759
-54	292	-2575
16	371	-2388
-33	256	-2192
-49	90	-1994
-65	-23	-1773
-53	-74	-1555
-6	-57	-1351
44	16	-1096
25	-43	-838
0	-189	-560
28	-237	-237
-19	-263	75
-88	-311	385
-72	-247	685
-100	-237	1007
-114	-213	1320
-23	-80	1644
-7	-22	1922
-146	-104	2194
-273	-151	2476
-323	-275	2731
-433	-396	3026
-446	-413	3362
-468	-509	3694
-466	-685	4029
-383	-832	4371
-344	-996	4699
-338	-1213	5020
-286	-1441	5300
-326	-1716	5547
-188	-1950	5734
-67	-2092	5879
-171	-2180	6008
8	-2031	6056
156	-1617	6064
169	-1158	6052
73	-920	6064
-363	-810	6056
-613	-502	5994
-405	38	5884
-549	416	5814
-442	701	5759
-44	924	5633
39	824	5497
-16	542	5351
207	478	5158
380	540	4966
543	645	4751
1061	1098	4511
1595	1341	4245
1763	1133	3986
1628	752	3751
1411	323	3495
1166	23	3264
772	-277	3038
591	-517	2764
759	-641	2391
803	-847	1934
735	-1169	1473
909	-1304	988
942	-1377	477
816	-1403	-36
634	-1244	-540
269	-992	-1005
-2	-739	-1453
-358	-429	-1848
-650	-40	-2159
-655	446	-2420
-583	767	-2610
-363	1044	-2749
-37	1334	-2897
156	1547	-3042
348	1733	-3190
409	1735	-3332
286	1613	-3445
147	1484	-3528
35	1293	-3597
-74	1106	-3694
-71	1055	-3809
-93	927	-3929
-153	801	-4021
-75	771	-4126
26	686	-4220
60	609	-4303
92	561	-4357
52	466	-4397
70	431	-4406
190	372	-4433
215	225	-4480
238	236	-4528
270	220	-4577
146	142	-4572
183	196	-4564
271	179	-4555
168	162	-4563
171	298	-4605
26	292	-4658
-210	367	-4675
-203	590	-4677
-376	642	-4680
-572	847	-4667
-599	1080	-4629
-805	958	-4541
-1036	898	-4419
-955	982	-4372
-962	985	-4351
-969	1129	-4263
-717	1426	-4130
-689	1631	-3964
-658	1729	-3746
-350	1619	-3515
-326	1335	-3271
-377	1001	-3006
-223	885	-2770
-177	1049	-2536
-103	1064	-2282
-215	733	-2003
-329	343	-1693
-337	50	-1381
-371	-159	-1041
-328	-308	-662
-268	-426	-298
-230	-493	43
-226	-552	396
-220	-623	743
-173	-674	1105
-232	-781	1427
-260	-848	1748
-248	-832	2048
-261	-884	2356
-159	-769	2659
-193	-561	2932
-363	-410	3221
-285	-261	3571
-228	-172	3961
-206	-291	4341
-220	-545	4706
-74	-859	5016
20	-1274	5245
-48	-1449	5502
-113	-1660	5813
79	-1962	6159
349	-2292	6421
469	-2671	6546
627	-2897	6618
441	-2902	6693
399	-2891	6794
709	-2598	6830
706	-2248	6777
724	-1956	6628
793	-1426	6429
439	-831	6264
354	-162	6093
429	571	5960
312	991	5830
333	1220	5621
665	1506	5375
829	1380	5074
1139	1199	4731
1278	924	4418
1054	558	4176
776	407	3949
883	455	3700
1085	625	3393
797	312	3024
505	-126	2660
531	-384	2156
489	-706	1613
544	-1213	1097
667	-1804	546
744	-2140	-20
659	-1963	-595
456	-1398	-1121
325	-771	-1583
101	-451	-2002
-183	-227	-2314
-148	96	-2537
7	568	-2714
6	898	-2810
89	1151	-2889
71	1177	-3008
-18	1048	-3089
147	1165	-3199
356	1237	-3349
371	1241	-3503
273	1329	-3659
34	1350	-3757
-113	1431	-3822
-42	1515	-3879
94	1497	-3982
292	1507	-4098
357	1414	-4214
291	1233	-4270
367	1101	-4310
387	875	-4339
373	722	-4393
368	595	-4447
258	450	-4479
236	418	-4503
195	338	-4529
63	332	-4532
52	494	-4569
-61	481	-4574
-164	585	-4590
-162	671	-4596
-307	578	-4613
-347	648	-4641
-428	636	-4677
-761	485	-4680
-804	546	-4656
-813	430	-4636
-1055	351	-4586
-944	582	-4551
-872	740	-4515
-1130	909	-4419
-928	1094	-4317
-705	1014	-4193
-720	916	-3973
-435	862	-3708
-292	758	-3464
-415	751	-3228
-412	903	-2972
-389	1233	-2738
-330	1368	-2475
-338	1202	-2208
-387	913	-1902
-327	643	-1568
-297	397	-1213
-187	141	-855
-149	-127	-508
-77	-268	-148
-86	-433	248
-148	-646	657
-113	-794	1072
-126	-909	1430
-68	-909	1750
-162	-840	2092
-319	-724	2428
-304	-580	2773
-390	-664	3121
-413	-742	3474
-348	-755	3857
-415	-900	4234
-336	-1022	4572
-181	-1053	4878
-207	-1173	5166
-150	-1393	5483
32	-1590	5828
95	-1820	6132
182	-2126	6404
279	-2448	6566
308	-2650	6675
442	-2522	6773
534	-2226	6851
697	-1893	6915
683	-1611	6875
477	-1505	6699
565	-1208	6444
430	-558	6238
192	230	6066
339	750	-4517
304	541	-4538
248	373	-4535
235	242	-4534
222	159	-4564
221	142	-4601
159	131	-4656
90	147	-4688
118	328	-4718
62	418	-4751
25	490	-4795
44	616	-4825
-64	593	-4827
-129	731	-4772
-245	899	-4717
-528	942	-4633
-579	1192	-4580
-736	1155	-4579
-1031	733	-4534
-956	485	-4477
-923	735	-4424
-887	1392	-4292
-564	1924	-4052
-502	1805	-3810
-547	1362	-3618
-334	913	-3490
-342	661	-3342
-425	712	-3160
-439	800	-2941
-401	635	-2692
-350	403	-2420
-421	202	-2129
-412	134	-1805
-316	95	-1432
-288	26	-1077
-226	-82	-712
-238	-218	-354
-240	-314	35
-283	-469	430
-323	-543	804
-342	-662	1149
-377	-777	1454
-439	-755	1773
-469	-653	2138
-514	-493	2498
-590	-478	2834
-605	-598	3177
-599	-620	3505
-568	-542	3831
-491	-592	4164
-329	-683	4489
-175	-769	4804
-64	-808	5132
81	-983	5508
89	-1304	5869
102	-1707	6155
368	-2090	6366
482	-2455	6572
362	-2706	6780
294	-2767	6987
397	-2849	7188
524	-2846	7234
668	-2432	7086
779	-1484	6874
691	-470	6701
486	48	6566
544	220	6297
484	417	6054
376	422	5844
498	512	5544
518	672	5175
514	444	4803
939	683	4427
1356	1202	4076
1514	1177	3861
1327	856	3619
1104	472	3405
1185	761	3171
1022	1031	2854
851	856	2468
781	440	2063
682	-163	1617
663	-669	1197
741	-1069	738
719	-1345	232
673	-1332	-296
409	-1320	-785
225	-1296	-1211
188	-1051	-1619
-40	-729	-1934
-149	-368	-2180
-79	77	-2400
-57	255	-2552
150	383	-2709
343	562	-2903
373	678	-3109
454	825	-3339
373	865	-3564
247	805	-3743
208	809	-3883
205	976	-4001
237	1159	-4089
314	1327	-4174
358	1426	-4261
417	1440	-4329
455	1412	-4389
471	1343	-4441
454	1197	-4470
411	984	-4511
386	729	-4519
298	433	-4525
256	255	-4510
276	187	-4507
260	94	-4520
266	96	-4551
189	4	-4572
9	-158	-4589
-24	-107	-4609
-100	-70	-4599
-234	26	-4591
-248	291	-4600
-521	281	-4580
-766	269	-4572
-797	320	-4576
-1077	171	-4559
-1098	312	-4530
-770	803	-4505
-718	1283	-4414
-706	1605	-4234
-691	1573	-4060
-842	1411	-3897
-851	1362	-3724
-748	1330	-3522
-573	1239	-3282
-488	1339	-3060
-583	1390	-2827
-655	1141	-2583
-663	774	-2332
-680	532	-2025
-582	416	-1717
-502	258	-1363
-432	23	-955
-407	-184	-532
-339	-328	-105
-292	-441	325
-341	-595	731
-408	-727	1110
-485	-845	1461
-489	-820	1775
-470	-714	2090
-482	-588	2415
-631	-476	2730
-689	-487	3068
-644	-466	3406
-624	-398	3751
-623	-425	4122
-489	-442	4482
-418	-473	4818
-440	-702	5167
-223	-942	5575
-90	-1357	5969
54	-1765	6272
132	-1967	6559
74	-2212	6824
-98	-2483	7025
-139	-2595	7197
42	-2561	7334
218	-2540	7351
252	-2511	7298
265	-2520	7147
449	-2268	6894
459	-2132	6648
659	-1884	6389
949	-1475	6089
969	-1054	5812
1148	-485	5499
1452	348	5101
1686	741	4745
1952	731	4397
1872	752	4013
1784	704	3738
1754	825	3435
1575	976	3081
1369	880	2713
996	554	2363
753	188	2074
831	-84	1815
1027	-305	1510
1097	-650	1179
1195	-866	826
1304	-989	431
1233	-1050	35
981	-806	-377
552	-407	-785
116	-147	-1188
-190	77	-1567
-271	241	-1887
-142	549	-2141
26	985	-2392
68	1138	-2615
109	1082	-2823
131	954	-3041
192	870	-3283
318	880	-3535
278	874	-3775
132	817	-3971
48	773	-4113
45	814	-4215
96	872	-4275
233	962	-4316
346	1040	-4359
421	996	-4385
433	880	-4392
402	715	-4381
328	472	-4337
258	221	-4311
195	-45	-4289
74	-350	-4282
12	-419	-4316
-65	-383	-4356
-292	-454	-4374
-355	-294	-4396
-260	-95	-4464
-371	-109	-4521
-342	117	-4571
-399	235	-4589
-644	227	-4562
-556	537	-4544
-577	680	-4529
-839	740	-4498
-835	1109	-4496
-1059	1074	-4502
-1375	789	-4464
-1252	688	-4434
-1265	600	-4410
-1312	918	-4319
-972	1537	-4177
-927	1791	-4000
-1006	1735	-3803
-751	1558	-3619
-595	1394	-3434
-610	1264	-3208
-767	1121	-2941
-937	1038	-2629
-777	978	-2368
-693	798	-2122
-623	480	-1859
-577	277	-1559
-536	115	-1243
-544	-64	-889
-551	-131	-528
-615	-151	-177
-686	-328	182
-739	-415	548
-701	-424	917
-634	-485	1293
-655	-516	1669
-633	-415	2013
-662	-292	2349
-650	-147	2712
-668	-95	3087
-735	-245	3445
-603	-429	3819
-388	-606	4198
-275	-766	4555
-262	-954	4908
-209	-1210	5221
-130	-1442	5549
58	-1577	5899
210	-1758	6171
480	-1892	6347
646	-2217	6496
726	-2580	6646
884	-2514	6760
1038	-2338	6845
1098	-2061	6834
825	-1947	6729
730	-1836	6551
868	-1412	6243
716	-976	5988
591	-635	5734
637	-194	5499
449	201	5319
396	377	5093
547	550	4867
613	729	4660
808	648	4437
1140	725	4145
1383	568	3885
1546	229	3668
1468	95	3421
1402	-189	3178
1349	-613	2935
1135	-1170	2597
1013	-2062	2178
1065	-2700	1728
1234	-2935	1251
1664	-2805	825
1806	-2505	435
1489	-1844	81
1175	-794	-342
726	144	-827
150	888	-1281
-206	1506	-1670
-477	1996	-1970
-586	2462	-2161
-523	2841	-2323
-394	3002	-2503
-242	3034	-2688
-163	2794	-2892
-114	2439	-3070
99	2241	-3246
273	1856	-3410
325	1500	-3558
324	1232	-3661
241	1055	-3730
195	1026	-3769
175	1022	-3804
199	966	-3883
201	851	-3983
164	703	-4040
179	497	-4061
249	272	-4066
274	62	-4098
299	-89	-4172
202	-298	-4229
169	-393	-4294
255	-343	-4367
201	-322	-4434
190	-219	-4517
189	21	-4600
-60	89	-4693
-182	225	-4781
-210	413	-4866
-486	473	-4926
-613	777	-4950
-638	1149	-4961
-875	1314	-4953
-917	1465	-4937
-882	1477	-4930
-1005	1378	-4886
-918	1516	-4854
-742	1648	-4801
-773	1631	-4665
-745	1489	-4484
-645	1255	-4317
-735	938	-4110
-773	675	-3844
-655	530	-3572
-575	420	-3277
-433	378	-3010
-481	382	-2771
-581	356	-2498
-606	316	-2205
-602	322	-1910
-548	278	-1616
-534	158	-1329
-512	50	-1001
-450	-143	-695
-497	-343	-384
-533	-429	-56
-642	-521	250
-652	-468	563
-589	-394	903
-574	-413	1272
-537	-414	1628
-553	-419	1984
-560	-459	2333
-544	-433	2721
-572	-457	3095
-531	-530	3424
-483	-693	3735
-459	-874	4042
-458	-956	4376
-347	-943	4730
-245	-1002	5077
-44	-1135	5395
13	-1124	5696
111	-1200	5948
229	-1359	6173
240	-1578	6392
440	-1770	6581
541	-1916	6749
499	-2082	6829
599	-2090	6802
767	-1651	6685
595	-1361	6569
526	-1113	6433
451	-818	6241
149	-503	6102
28	-200	5973
29	366	5807
143	1035	5584
528	1523	5302
968	1774	4998
1079	1257	4717
1201	769	4460
1359	517	4196
1342	148	3984
1157	-166	3785
1097	-362	3565
1296	-604	3359
1406	-898	3107
1289	-1197	2830
1390	-1434	2447
1360	-1733	1985
1095	-2172	1568
995	-2423	1146
753	-2397	680
416	-2018	234
204	-1433	-228
-94	-859	-659
-350	-373	-1026
-399	71	-1370
-387	454	-1671
-302	778	-1936
-117	1157	-2172
-38	1476	-2377
52	1607	-2549
145	1554	-2723
110	1444	-2889
169	1424	-3057
265	1466	-3248
269	1534	-3429
176	1503	-3580
61	1477	-3707
10	1481	-3829
17	1421	-3938
96	1360	-4001
160	1241	-4060
209	1056	-4103
304	924	-4146
413	749	-4220
426	452	-4256
389	272	-4275
373	197	-4290
324	78	-4307
319	27	-4335
360	-4	-4372
292	-127	-4388
283	-78	-4404
332	-19	-4442
239	-127	-4479
135	-97	-4511
76	-24	-4555
-116	-42	-4561
-213	93	-4559
-237	306	-4592
-343	477	-4603
-431	679	-4611
-437	883	-4617
-543	1019	-4624
-643	1139	-4610
-653	1278	-4612
-760	1359	-4613
-878	1390	-4586
-922	1334	-4539
-1085	1164	-4459
-1214	951	-4294
-1203	776	-4096
-1218	718	-3852
-1202	803	-3534
-1152	894	-3159
-1101	832	-2777
-953	781	-2434
-869	828	-2119
-883	839	-1846
-872	819	-1541
-810	743	-1223
-830	563	-906
-823	334	-593
-749	154	-279
-679	34	52
-672	-193	405
-606	-402	776
-539	-584	1134
-589	-754	1453
-545	-734	1773
-623	-669	2079
-663	-565	2420
-578	-486	2757
-475	-563	3076
-470	-782	3333
-478	-906	3595
-428	-846	3855
-413	-745	4100
-356	-685	4390
-354	-804	4706
-290	-968	4976
18	-852	5233
98	-834	5595
-213	-1040	6060
-301	-1112	6515
-143	-1171	6906
146	-1467	7274
405	-1961	7595
461	-2139	7853
630	-2050	8054
765	-1916	8189
1071	-2294	8019
1812	-2612	7390
2018	-1574	6760
171	-1228	7013
-743	-202	7452
1161	648	6845
2960	309	5498
2842	-737	4450
1287	-817	4092
620	190	4137
879	686	4142
1233	442	3805
1444	-218	3275
1692	-1229	2868
1760	-2214	2601
1738	-2646	2365
1918	-2400	2056
1737	-2252	1673
1126	-2479	1292
956	-2648	879
1118	-2780	436
889	-2952	110
693	-2355	-92
465	-1229	-305
74	-177	-553
-177	547	-824
-255	1036	-1115
-294	1486	-1386
-380	1674	-1622
-482	1874	-1806
-526	2165	-2012
-641	2437	-2229
-761	2779	-2388
-780	3276	-2514
-778	3310	-2680
-760	2836	-2897
-856	2580	-3139
-971	2636	-3158
-821	2758	-2929
-602	2196	-2700
-277	956	-2582
458	97	-2777
1299	20	-3317
1301	-230	-3932
139	-742	-4257
-845	-982	-4127
-898	-955	-3775
-674	-704	-3536
-520	-341	-3500
-352	-175	-3602
-218	-127	-3768
-64	-46	-3896
12	0	-3914
-118	-25	-3820
-254	62	-3695
-227	285	-3645
-141	471	-3683
-214	663	-3752
-279	1028	-3840
-288	1368	-3918
-378	1599	-3963
-302	1903	-3993
-181	2056	-4029
-225	1983	-4050
-187	1951	-4064
-47	1965	-4082
-134	1841	-4061
-265	1724	-4012
-148	1715	-3976
-172	1479	-3928
-391	1093	-3859
-420	819	-3801
-458	491	-3753
-820	18	-3695
-976	-212	-3675
-830	-262	-3674
-826	-203	-3626
-606	153	-3459
-62	657	-3212
140	591	-2955
107	199	-2716
177	-40	-2529
-73	31	-2442
-141	530	-2389
4	1131	-2278
-162	1240	-2127
-210	942	-1942
-322	433	-1696
-436	-37	-1440
-397	-188	-1244
-467	-355	-1065
-356	-410	-834
-266	-359	-535
-313	-236	-177
-270	-231	170
-263	-173	483
-309	-89	807
-248	-138	1105
-226	-301	1405
-203	-478	1746
-197	-721	2029
-148	-819	2301
-127	-968	2595
-170	-1160	2863
-133	-1133	3098
-53	-1054	3367
-84	-1087	3635
-58	-965	3887
141	-661	4128
131	-571	4366
117	-423	4588
120	-339	4776
-22	-666	4984
-10	-874	5185
120	-986	5389
25	-1211	5608
35	-1302	5774
371	-1271	5862
599	-1307	5967
460	-1322	6122
471	-966	6320
768	-748	6551
924	-660	6661
700	-581	6684
495	-790	6713
386	-1022	6598
322	-1015	6429
151	-1238	6308
104	-1341	6132
399	-946	5821
557	-689	5519
918	-428	5221
1635	257	4848
2081	465	4529
2055	297	4213
1974	270	3852
1981	407	3518
1826	269	3216
1640	-16	2909
1524	-349	2609
1530	-881	2295
1209	-1451	1985
1133	-1595	1659
1428	-1664	1199
1107	-2149	782
736	-2246	419
763	-1862	34
305	-1599	-342
-207	-1295	-690
-408	-711	-1107
-682	-337	-1536
-1024	-97	-1867
-984	456	-2153
-855	1257	-2405
-859	1802	-2567
-729	2189	-2701
-544	2325	-2843
-444	2091	-2982
-177	2000	-3139
115	2032	-3364
189	2056	-3612
39	2024	-3845
-204	1937	-4016
-376	1859	-4118
-374	1754	-4149
-309	1720	-4148
-236	1656	-4137
-138	1559	-4110
25	1441	-4125
166	1209	-4148
321	872	-4140
433	436	-4121
401	-35	-4095
444	-378	-4075
512	-738	-4077
462	-1000	-4111
518	-1004	-4170
445	-1157	-4204
251	-1169	-4222
299	-924	-4243
153	-917	-4283
51	-692	-4324
109	-389	-4370
-135	-350	-4373
-258	-39	-4350
-143	406	-4361
-356	573	-4338
-512	922	-4329
-469	1360	-4336
-788	1447	-4323
-1051	1593	-4305
-1000	1766	-4352
-1249	1659	-4413
-1480	1592	-4437
-1190	1949	-4444
-1015	2243	-4339
-884	2305	-4136
-357	2343	-3942
-41	2100	-3767
-253	1645	-3550
-343	1205	-3339
-421	847	-3148
-444	517	-2916
-430	325	-2668
-481	106	-2379
-452	-267	-2084
-477	-549	-1761
-508	-672	-1447
-510	-769	-1107
-570	-761	-802
-596	-598	-463
-575	-519	-121
-556	-325	256
-533	-188	652
-537	-91	1017
-557	52	1373
-609	26	1690
-684	-48	1991
-663	-87	2293
-638	-245	2614
-579	-366	2933
-414	-379	3218
-302	-460	3507
-335	-656	3811
-266	-836	4117
-68	-927	4404
120	-1150	4666
176	-1332	4891
204	-1490	5150
201	-1829	5415
273	-1909	5646
391	-1894	5851
440	-2305	6018
717	-2596	6071
806	-2699	6043
563	-2683	5968
765	-2175	5850
978	-1650	5737
802	-1384	5599
746	-915	5470
594	-556	5379
377	-269	5222
496	214	5015
531	666	4850
352	988	4732
561	1177	4586
782	1335	4418
923	1271	4260
1221	964	4053
1428	758	3867
1364	471	3761
1253	118	3698
1143	-46	3554
1073	-267	3351
1025	-694	3153
863	-1241	2932
768	-1708	2672
906	-2003	2379
1042	-2072	1995
1111	-2042	1573
1200	-2013	1149
1203	-1713	718
971	-1302	306
722	-844	-82
475	-528	-446
300	-399	-750
245	-213	-985
179	139	-1178
69	383	-1328
130	781	-1508
149	1168	-1715
132	1423	-1903
292	1844	-2116
164	2075	-2353
-92	1987	-2517
-195	1938	-2730
-369	1809	-2954
-211	1772	-3170
48	1749	-3393
-42	1608	-3562
-177	1408	-3648
-143	1169	-3670
-25	962	-3664
126	809	-3684
179	650	-3726
141	538	-3752
62	506	-3779
-14	415	-3781
-86	244	-3790
-83	144	-3803
-98	49	-3834
-170	-48	-3862
-179	6	-3909
-142	176	-3928
-247	213	-3936
-266	441	-3945
-179	713	-3977
-339	650	-3996
-420	705	-3990
-367	865	-3998
-574	703	-3979
-682	772	-3945
-548	1073	-3943
-746	931	-3872
-962	858	-3765
-843	1102	-3714
-934	947	-3679
-1097	687	-3680
-1131	569	-3706
-1431	136	-3694
-1562	-6	-3683
-1151	467	-3665
-768	765	-3585
-553	686	-3425
-368	436	-3249
-353	55	-3061
-680	-322	-2881
-616	-235	-2725
-437	314	-2606
-493	831	-2532
-437	1049	-2362
-413	902	-2140
-363	756	-1938
-367	609	-1740
-327	510	-1557
-235	686	-1406
-230	545	-1193
-143	399	-964
-96	437	-715
-99	298	-400
-97	369	-59
-45	463	290
-155	350	632
-229	311	956
-207	271	1268
-213	184	1575
-281	-8	1858
-261	-86	2129
-320	-311	2397
-395	-468	2663
-330	-516	2938
-307	-743	3249
-315	-1040	3548
-196	-1150	3817
-202	-1231	4061
-252	-1381	4326
-217	-1411	4595
-196	-1369	4860
-192	-1437	5101
38	-1459	5285
120	-1526	5421
-47	-1796	5574
106	-1829	5638
346	-1534	5636
257	-1344	5680
416	-1022	5690
551	-826	5750
396	-801	5753
324	-759	5664
464	-495	5566
291	-146	5484
40	335	5347
150	856	5191
247	920	5070
394	629	4910
792	425	4683
1035	343	4444
1152	234	4213
1261	219	3927
1173	203	3651
1079	8	3474
1149	-117	3281
1200	-187	3044
1368	-201	2805
1472	-229	2532
1262	-502	2183
1017	-701	1835
815	-784	1495
600	-649	1140
471	-418	776
588	-365	401
558	-443	27
408	-375	-311
344	-217	-639
201	-88	-969
-60	-143	-1253
-83	-182	-1496
-88	-203	-1741
-219	-236	-1915
-137	-8	-2047
-85	407	-2175
-297	516	-2248
-399	537	-2302
-433	592	-2343
-361	583	-2393
-24	740	-2471
215	998	-2614
140	995	-2767
39	961	-2862
18	898	-2942
7	738	-2997
107	746	-3053
207	788	-3125
208	733	-3168
262	844	-3201
354	833	-3210
367	688	-3207
460	708	-3190
490	682	-3203
368	580	-3184
377	568	-3158
382	435	-3152
313	271	-3152
327	178	-3177
311	171	-3208
209	179	-3206
60	178	-3154
68	339	-3093
184	456	-3032
164	368	-2979
194	412	-2942
191	359	-2925
-16	158	-2871
-146	204	-2834
-150	290	-2830
-271	216	-2848
-360	333	-2905
-240	578	-3020
-247	694	-3139
-354	818	-3239
-264	1094	-3338
-119	1331	-3444
-150	1410	-3541
-107	1427	-3599
-114	1433	-3610
-156	1411	-3576
-242	1407	-3494
-248	1270	-3352
-265	959	-3180
-466	548	-3066
-637	163	-2951
-575	-195	-2804
-599	-532	-2634
-687	-757	-2482
-745	-883	-2342
-892	-909	-2223
-887	-807	-2087
-784	-607	-1938
-768	-298	-1784
-716	23	-1570
-659	348	-1307
-668	691	-983
-619	897	-642
-487	1103	-361
-606	1094	-84
-675	987	255
-629	795	566
-456	633	952
-423	238	1339
-507	-146	1670
-544	-279	1925
-468	-514	2121
-430	-847	2309
-481	-1159	2482
-395	-1031	2686
-386	-970	2929
-432	-1101	3185
-343	-1285	3394
-219	-1339	3589
-328	-1398	3786
-276	-1294	4000
-294	-1122	4216
-280	-908	4416
-99	-714	4578
149	-573	4698
252	-590	4821
263	-758	4969
275	-805	5112
255	-911	5257
188	-1238	5389
352	-1468	5450
548	-1408	5500
355	-1309	5581
221	-1056	5607
302	-789	5631
166	-657	5622
20	-435	5549
174	59	5415
318	443	5279
394	579	5144
680	610	4941
1010	686	4689
1174	655	4469
1360	554	4281
1530	482	4046
1506	227	3859
1388	-187	3731
1290	-477	3579
1347	-578	3366
1571	-619	3133
1564	-982	2894
1454	-1413	2642
1585	-1569	2365
1568	-1790	2063
1262	-1992	1761
1105	-1817	1464
1009	-1625	1077
721	-1442	745
503	-892	456
410	-355	126
186	-40	-137
-104	270	-315
-224	628	-461
-210	975	-605
-201	1139	-749
-189	1114	-900
-83	1163	-1088
-68	1144	-1309
-152	1016	-1527
-178	974	-1803
-203	1043	-2112
-187	1153	-2428
-224	1420	-2768
-331	1665	-3138
-554	1744	-3501
-769	1882	-3791
-689	2056	-3953
-362	2136	-4012
-137	2125	-4005
15	2010	-3979
116	1737	-3921
192	1490	-3843
246	1179	-3769
235	698	-3688
245	389	-3606
280	221	-3553
201	-81	-3508
89	-286	-3481
131	-347	-3481
90	-584	-3486
-11	-763	-3470
12	-670	-3453
29	-616	-3434
-19	-586	-3400
18	-338	-3387
51	-114	-3375
-26	-50	-3366
-52	121	-3348
-70	422	-3368
-182	604	-3385
-267	834	-3425
-279	1240	-3492
-312	1475	-3546
-460	1527	-3580
-512	1731	-3588
-429	1870	-3620
-545	1715	-3650
-748	1547	-3702
-786	1357	-3803
-993	1013	-3872
-1212	875	-3899
-1145	992	-3951
-927	1058	-3987
-679	1022	-3946
-285	964	-3835
-16	866	-3674
-32	540	-3511
-101	247	-3376
-124	236	-3247
-213	295	-3070
-208	308	-2926
-68	326	-2768
-7	363	-2568
41	283	-2338
-133	89	-2105
-223	-42	-1898
-245	-31	-1688
-262	62	-1453
-249	214	-1193
-186	333	-907
-227	349	-559
-277	352	-200
-277	388	140
-350	425	480
-363	356	814
-323	196	1108
-346	6	1392
-358	-222	1676
-325	-457	1912
-344	-601	2145
-355	-833	2377
-351	-1139	2563
-415	-1278	2769
-305	-1344	3020
-226	-1414	3253
-212	-1355	3430
-106	-1314	3615
-120	-1314	3826
-114	-1300	4059
-32	-1234	4257
-34	-1300	4453
-54	-1391	4636
133	-1262	4825
276	-1172	5044
255	-1279	5257
248	-1487	5413
366	-1604	5516
370	-1731	5587
320	-1765	5617
349	-1469	5554
432	-1090	5417
500	-712	5154
416	-282	4804
127	-154	4592
73	-63	4432
143	154	4210
33	260	4015
-95	157	3899
81	148	3770
262	184	3629
400	153	3511
690	181	3422
1034	227	3308
1260	21	3201
1354	-289	3149
1300	-628	3131
1281	-654	3110
1393	-426	3068
1508	-280	2968
1349	-444	2794
1197	-580	2591
1227	-454	2369
1252	-394	2106
1179	-357	1867
1087	-180	1611
920	-43	1321
649	91	994
340	183	645
-10	150	286
-268	136	1
-212	156	-265
-138	207	-547
-277	262	-809
-347	344	-1084
-401	425	-1375
-586	484	-1604
-592	723	-1768
-427	1077	-1944
-393	1340	-2108
-447	1380	-2253
-428	1394	-2401
-243	1434	-2563
41	1465	-2716
240	1480	-2884
204	1380	-3041
67	1220	-3186
-50	1072	-3275
-82	1005	-3356
-93	921	-3403
-46	918	-3431
112	1037	-3474
174	1034	-3544
137	972	-3603
197	1014	-3665
172	864	-3707
115	687	-3726
216	693	-3751
292	610	-3791
319	459	-3835
424	445	-3921
345	379	-3994
185	274	-4019
210	362	-4053
297	456	-4091
319	410	-4134
405	434	-4186
398	433	-4228
210	256	-4219
119	319	-4216
139	444	-4247
-68	364	-4238
-175	400	-4206
-160	641	-4165
-447	549	-4089
-751	443	-4014
-835	485	-4003
-1107	177	-4050
-1305	151	-4065
-1002	682	-4072
-786	999	-3995
-810	1125	-3828
-354	1259	-3655
57	1179	-3491
-67	939	-3331
-149	815	-3096
-19	934	-2845
-42	1026	-2625
-77	909	-2414
-47	837	-2181
114	868	-1908
207	692	-1665
29	210	-1436
-19	-103	-1212
-28	-250	-1012
-105	-338	-834
-48	-219	-594
-4	-85	-297
-64	62	-13
-56	95	341
-100	75	648
-159	168	923
-43	193	1221
-67	113	1501
-87	110	1784
-32	-2	2070
-29	-250	2326
-89	-426	2577
-90	-580	2814
-34	-690	3056
-119	-839	3313
-132	-989	3562
-144	-1097	3844
-125	-1236	4105
-165	-1487	4356
-168	-1645	4602
-129	-1517	4807
-156	-1510	5007
-86	-1489	5199
-6	-1534	5360
-111	-1605	5532
20	-1432	5681
210	-1315	5826
-38	-1502	6020
-41	-1583	6167
238	-1435	6188
322	-1300	6153
424	-1197	6097
580	-949	6001
444	-838	5898
383	-752	5778
540	-556	5588
428	-320	5420
382	-165	5280
622	150	5068
775	414	4885
911	195	4718
1382	258	4480
1667	368	4206
1668	-65	3970
1418	-530	3787
1045	-985	3644
912	-1246	3555
979	-1236	3441
917	-1185	3212
872	-1131	2907
984	-1066	2511
1017	-1016	2062
883	-823	1603
759	-573	1133
521	-380	674
204	-161	270
162	-20	-138
59	117	-541
-167	313	-849
-141	557	-1096
-44	948	-1316
-150	1259	-1478
-236	1215	-1555
-165	1404	-1664
-106	1445	-1789
-31	1260	-1888
116	1347	-2041
61	1346	-2223
-157	1041	-2347
-334	769	-2510
-440	586	-2732
-334	473	-3004
-98	528	-3271
-140	540	-3486
-318	556	-3609
-325	634	-3648
-192	753	-3689
-52	877	-3706
48	919	-3722
68	901	-3730
70	914	-3740
70	915	-3731
129	903	-3723
193	870	-3727
214	793	-3740
265	769	-3757
270	679	-3784
187	573	-3783
247	634	-3791
308	569	-3823
258	476	-3832
334	508	-3872
342	376	-3905
212	228	-3918
219	330	-3965
254	347	-4015
162	268	-4034
155	430	-4058
185	603	-4084
-32	570	-4089
-229	692	-4087
-203	955	-4107
-362	988	-4108
-569	1021	-4104
-555	1177	-4122
-736	1062	-4135
-992	919	-4158
-862	1010	-4199
-733	1140	-4184
-815	1349	-4097
-575	1491	-3950
-74	1390	-3801
-64	1156	-3613
-57	823	-3371
37	490	-3094
-18	318	-2829
-175	349	-2621
-294	314	-2426
-376	158	-2177
-279	73	-1899
-314	-117	-1624
-290	-255	-1353
-380	-395	-1083
-446	-382	-817
-464	-264	-565
-468	-321	-254
-505	-296	66
-483	-252	403
-515	-208	741
-506	-77	1037
-479	-61	1326
-540	-165	1617
-586	-163	1893
-521	-173	2144
-489	-306	2387
-535	-432	2628
-541	-599	2874
-562	-842	3136
-574	-943	3376
-428	-854	3626
-274	-937	3863
-284	-1144	4136
-229	-1233	4406
-116	-1289	4661
-101	-1535	4876
-31	-1652	5079
68	-1499	5304
87	-1422	5514
150	-1455	5700
232	-1551	5886
267	-1862	6057
265	-2158	6169
395	-2112	6131
579	-1900	5961
528	-1790	5670
612	-1506	5335
579	-1247	5069
193	-973	4830
141	-388	4583
196	372	4411
98	984	4277
310	1251	4123
509	1301	3962
482	1164	3858
653	853	3794
952	814	3686
1235	764	3570
1473	461	3456
1492	38	3323
1357	-285	3240
1430	-451	3206
1350	-747	3099
1128	-1092	2919
1156	-1224	2669
1291	-1378	2349
1190	-1441	1983
1004	-1270	1635
905	-1056	1260
732	-773	919
591	-408	603
515	-64	307
336	200	67
127	377	-105
-2	624	-242
-166	885	-341
-184	986	-391
-4	1026	-479
176	924	-618
252	691	-802
317	677	-1027
423	766	-1313
436	762	-1617
374	720	-1960
321	504	-2378
132	416	-2855
28	583	-3336
92	630	-3765
-14	754	-4056
-156	1038	-4245
-146	1231	-4339
-22	1480	-4329
180	1756	-4270
300	1679	-4179
353	1427	-4077
471	1257	-4004
475	991	-3960
394	611	-3905
363	379	-3876
336	166	-3845
310	-97	-3846
335	-194	-3857
337	-232	-3893
323	-462	-3927
347	-570	-3966
388	-559	-4035
352	-651	-4127
307	-528	-4232
245	-344	-4333
84	-297	-4361
-17	-56	-4379
-57	309	-4385
-203	487	-4362
-386	782	-4336
-468	1166	-4329
-725	1265	-4347
-1118	1343	-4379
-1126	1581	-4457
-1161	1545	-4530
-1212	1677	-4516
-659	2251	-4434
-273	2680	-4278
-279	2502	-4091
-300	1840	-3925
-369	1042	-3841
-425	574	-3724
-397	719	-3555
-337	521	-3350
-397	-119	-3138
-381	-705	-2868
-363	-1075	-2574
-321	-1050	-2326
-263	-743	-2110
-267	-566	-1861
-244	-451	-1587
-330	-240	-1319
-304	23	-990
-259	222	-620
-353	214	-290
-338	102	90
-335	16	471
-395	-83	813
-340	-214	1174
-296	-334	1523
-347	-397	1846
-358	-504	2155
-285	-599	2433
-295	-743	2724
-382	-888	2976
-373	-935	3179
-318	-946	3383
-399	-1090	3625
-413	-1147	3855
-391	-1093	4064
-457	-1101	4268
-471	-1152	4507
-499	-1302	4801
-569	-1376	5088
-415	-1197	5329
-143	-873	5550
-90	-649	5769
108	-566	6015
181	-712	6269
178	-769	6469
167	-673	6607
213	-756	6712
337	-973	6822
472	-1075	6881
543	-981	6893
472	-993	6869
478	-693	6677
583	-314	6460
556	5	6329
598	362	6127
756	833	5868
700	1101	5638
674	1167	5398
959	1187	5101
1204	961	4776
1428	407	4468
1591	-109	4161
1583	-709	3885
1446	-1698	3675
1318	-2408	3475
1185	-2739	3205
999	-3095	2911
936	-3036	2465
915	-2750	1885
908	-2342	1300
785	-1800	692
474	-1306	176
263	-833	-288
75	-471	-756
-212	-179	-1129
-499	183	-1445
-619	746	-1723
-669	1321	-1914
-719	1748	-1968
-558	2343	-1969
-377	2795	-1939
-356	2797	-1909
-323	2655	-1928
-299	2440	-2011
-303	2066	-2130
-193	1650	-2319
-73	1302	-2590
-198	921	-2893
-515	592	-3156
-715	322	-3378
-719	124	-3531
-586	152	-3613
-361	314	-3684
-216	471	-3760
-37	775	-3820
108	905	-3855
162	855	-3824
269	857	-3778
297	652	-3722
264	476	-3679
319	537	-3689
288	387	-3726
224	257	-3752
297	357	-3788
323	323	-3809
281	290	-3846
311	466	-3903
309	475	-3969
252	361	-4037
309	482	-4122
336	534	-4218
254	407	-4283
228	512	-4348
223	664	-4405
63	556	-4411
-131	595	-4400
-124	859	-4375
-195	934	-4335
-534	1028	-4291
-730	1230	-4264
-889	1071	-4235
-1237	704	-4183
-1081	752	-4153
-555	1098	-4125
-122	1395	-4021
189	1377	-3812
272	1084	-3649
171	814	-3485
-10	639	-3323
-191	569	-3144
-271	668	-2929
-238	703	-2707
-241	517	-2483
-205	256	-2242
-211	-14	-1954
-358	-262	-1694
-398	-407	-1442
-402	-434	-1247
-444	-312	-1044
-436	-178	-819
-453	8	-596
-501	103	-377
-292	303	-136
-279	582	110
-533	653	356
-478	752	677
-422	620	1000
-459	450	1409
-323	78	1786
-383	-176	2070
-445	-280	2343
-445	-438	2595
-474	-576	2830
-484	-717	3067
-539	-891	3348
-657	-960	3654
-611	-985	3913
-610	-1227	4147
-546	-1405	4361
-308	-1466	4607
-112	-1586	4844
-118	-1571	5032
-9	-1380	5227
-41	-1282	5436
-185	-1345	5580
76	-1156	5614
357	-1092	5583
392	-1229	5516
450	-941	5415
292	-555	5313
129	-326	5242
296	274	5126
194	539	5089
-84	299	5057
-55	287	4980
64	245	4918
78	-25	4831
181	-56	4659
338	13	4469
391	-116	4312
628	-172	4127
981	148	3915
1204	81	3724
1449	-310	3528
1511	-551	3332
1318	-946	3195
1102	-1370	3129
1018	-1549	3074
1181	-1358	2915
1426	-1176	2658
1479	-1245	2359
1298	-1301	2057
1284	-1246	1762
1295	-1041	1366
1015	-764	947
725	-385	532
422	-24	142
35	75	-198
-195	66	-495
-200	184	-777
-235	290	-1086
-199	310	-1348
50	574	-1590
88	775	-1814
67	894	-1970
119	1099	-2169
7	1032	-2377
-92	1046	-2584
-6	1181	-2828
68	1239	-3041
94	1312	-3227
27	1332	-3394
-52	1318	-3518
-46	1296	-3634
-36	1172	-3727
-26	1029	-3795
-15	923	-3846
4	811	-3859
55	716	-3877
132	677	-3905
233	650	-3946
235	482	-3966
140	346	-3964
133	275	-3976
59	98	-4005
-13	59	-4032
41	151	-4095
-71	124	-4092
-162	217	-4105
-56	377	-4153
-67	378	-4214
-88	393	-4277
-8	513	-4356
-119	500	-4404
-218	589	-4429
-124	891	-4473
-212	946	-4522
-347	1022	-4527
-268	1292	-4551
-431	1261	-4539
-684	1196	-4472
-714	1293	-4451
-934	999	-4410
-1280	739	-4335
-1104	1053	-4293
-920	1290	-4184
-958	1342	-3995
-575	1431	-3823
-74	1417	-3638
-85	1338	-3395
-136	1133	-3109
-204	887	-2835
-355	619	-2608
-250	147	-2401
-306	-328	-2220
-226	-562	-2047
-160	-667	-1867
-177	-711	-1650
-128	-706	-1425
-230	-870	-1204
-198	-751	-963
-222	-593	-658
-316	-348	-327
-306	-103	61
-436	-118	464
-596	-143	832
-585	-109	1228
-593	-153	1621
-642	-149	1987
-653	-110	2363
-671	-188	2715
-700	-378	3030
-644	-499	3344
-724	-772	3669
-782	-1130	3957
-657	-1292	4224
-383	-1315	4490
-272	-1398	4737
-291	-1326	4985
-236	-1203	5229
-101	-1243	5455
78	-1345	5670
251	-1428	5866
236	-1348	6014
252	-1020	6175
314	-904	6316
321	-946	6448
565	-893	6541
684	-1104	6645
593	-1436	6741
777	-1438	6778
860	-1415	6716
951	-1464	6501
1269	-1432	6205
1203	-1382	5971
1240	-1480	5733
1486	-1207	5468
1352	-731	5235
1171	-220	5060
968	320	4799
671	713	4598
585	877	4404
475	1174	4116
556	1404	3852
581	1323	3504
560	1393	3074
914	1200	2600
800	562	2167
695	263	1754
1040	100	1259
705	-766	769
502	-1125	352
903	-971	-134
809	-1159	-577
502	-1059	-871
547	-481	-1170
457	-92	-1529
159	323	-1884
23	764	-2206
4	887	-2513
-92	844	-2735
-118	678	-2865
-224	472	-2939
-368	253	-2973
-301	173	-2992
-123	265	-3061
-84	391	-3158
-96	582	-3228
-140	780	-3304
-187	919	-3345
-112	1070	-3398
8	1119	-3479
67	1125	-3578
158	1145	-3698
143	1094	-3797
94	1112	-3880
100	1134	-3941
94	1061	-3962
190	1127	-3990
215	1030	-4040
113	936	-4077
68	1018	-4132
44	1073	-4192
-18	1004	-4250
-30	1014	-4307
-42	988	-4376
-148	837	-4434
-140	773	-4491
-124	645	-4561
-174	441	-4598
-65	435	-4643
-115	247	-4658
-320	47	-4650
-300	148	-4655
-285	77	-4660
-442	-30	-4641
-489	132	-4646
-640	80	-4648
-892	-157	-4599
-812	-82	-4560
-629	170	-4497
-706	434	-4333
-693	751	-4114
-674	935	-3927
-818	1000	-3694
-713	1134	-3459
-614	1449	-3230
-704	1789	-2977
-720	2036	-2670
-692	2045	-2313
-649	1965	-1978
-693	1622	-1668
-887	1164	-1378
-967	831	-1090
-1081	249	-833
-1058	-172	-550
-1099	-477	-236
-1131	-770	109
-1115	-850	488
-1176	-1063	861
-1153	-1124	1232
-1233	-1209	1585
-1213	-1189	1909
-1107	-912	2222
-1078	-732	2539
-1115	-680	2857
-1150	-652	3174
-913	-442	3501
-771	-345	3816
-699	-335	4107
-656	-598	4393
-572	-850	4700
-286	-918	5003
-34	-994	5283
191	-1205	5528
350	-1416	5764
319	-1655	6008
419	-1732	6241
531	-1735	6412
588	-1831	6512
771	-1933	6587
888	-1964	6661
835	-2125	6715
954	-2186	6620
1072	-1937	6406
1259	-1505	6207
1227	-1191	5984
1157	-551	5767
1101	-190	5609
1087	-29	5398
1237	279	5167
1418	338	4916
1617	279	4657
1958	343	4314
2178	-185	4009
2106	-733	3805
1814	-1068	3577
1553	-1356	3401
1407	-1613	3274
1130	-1960	3068
1118	-2147	2718
982	-2310	2183
283	-2547	1670
64	-2036	1233
21	-1062	771
-498	-325	367
-713	124	-13
-879	290	-426
-1006	273	-789
-743	600	-1094
-376	988	-1383
-402	830	-1613
-383	1100	-1764
-364	1504	-1953
-739	1731	-2079
-945	2007	-2173
-1169	2218	-2300
-1457	2473	-2398
-1475	2756	-2545
-1468	2819	-2730
-1510	2826	-2924
-1429	2780	-3149
-1278	2599	-3408
-1164	2299	-3620
-975	1959	-3774
-758	1620	-3851
-568	1238	-3864
-370	866	-3846
-95	541	-3818
35	216	-3825
164	-15	-3878
232	-323	-3908
132	-609	-3916
156	-747	-3917
106	-799	-3930
37	-632	-3968
182	-342	-4037
130	-103	-4083
160	351	-4063
347	814	-4080
336	1125	-4122
525	1415	-4166
638	1465	-4232
521	1404	-4257
593	1555	-4255
615	1598	-4294
486	1516	-4303
541	1587	-4311
544	1594	-4337
354	1484	-4313
317	1414	-4240
240	1199	-4190
22	989	-4131
131	833	-4069
109	529	-3986
-149	332	-3837
-121	439	-3658
8	493	-3483
-17	425	-3265
303	483	-3030
545	562	-2817
462	528	-2610
297	496	-2407
252	446	-2194
337	451	-2011
288	377	-1870
341	336	-1675
354	341	-1424
240	353	-1156
223	386	-826
-5	271	-479
-132	269	-108
-119	436	292
-235	405	705
-252	365	1140
-183	399	1552
-244	224	1968
-271	-106	2381
-319	-469	2776
-304	-795	3114
-189	-873	3466
-154	-973	3823
-75	-1251	4170
1	-1617	4529
99	-1962	4845
149	-2082	5128
273	-2115	5389
375	-2268	5650
504	-2297	5907
754	-2085	6103
738	-1876	6220
518	-1617	6291
664	-1428	6332
603	-1417	6316
879	-1248	6216
1017	-902	6101
830	-633	5970
909	-155	5750
807	253	5530
596	386	5331
645	638	5116
613	738	4987
477	670	4858
709	930	4681
902	1116	4529
1007	777	4368
1232	451	4175
1280	101	4033
1135	-547	3938
1080	-1299	3871
1371	-1673	3766
1550	-2088	3591
1452	-2765	3414
1360	-3161	3177
1338	-3050	2879
1243	-2820	2541
980	-2564	2195
741	-2179	1853
805	-1525	1471
874	-1062	994
803	-707	537
606	-205	61
252	252	-352
-92	743	-712
-337	1156	-1072
-479	1480	-1437
-501	1849	-1766
-382	2361	-2100
-152	2759	-2422
-1	2988	-2728
130	3057	-3052
104	2733	-3311
68	2316	-3505
254	1955	-3672
418	1548	-3802
474	1199	-3914
345	836	-3993
176	562	-4020
69	370	-4006
55	243	-3985
67	68	-3982
40	-66	-3974
-9	-190	-3984
-67	-345	-4019
-91	-469	-4063
-111	-603	-4089
-147	-723	-4111
-71	-689	-4137
-73	-659	-4155
-124	-563	-4175
-30	-342	-4212
-93	-256	-4208
-207	-38	-4211
-112	355	-4245
-225	494	-4246
-320	747	-4259
-189	1108	-4304
-355	1136	-4329
-419	1273	-4337
-275	1537	-4361
-527	1438	-4319
-740	1530	-4247
-589	1702	-4255
-836	1258	-4272
-1100	885	-4253
-1010	779	-4268
-989	598	-4169
-656	855	-3910
118	1077	-3650
328	612	-3419
87	91	-3244
45	-99	-3139
-410	-333	-3049
-428	-142	-2942
-200	161	-2819
-473	-255	-2672
-596	-552	-2461
-580	-631	-2245
-596	-666	-2027
-620	-722	-1777
-550	-574	-1590
-523	-328	-1411
-541	-194	-1196
-492	157	-980
-447	468	-688
-480	613	-364
-461	786	-44
-425	886	316
-451	901	669
-407	767	1022
-415	522	1369
-460	398	1719
-444	186	2065
-432	-73	2365
-441	-172	2659
-249	-124	2973
-158	-61	3288
-163	-134	3624
-109	-421	3969
-57	-613	4265
-14	-758	4548
-11	-949	4838
-125	-960	5088
-138	-889	5299
-222	-1113	5494
-108	-1237	5737
138	-1436	5920
113	-1740	6062
164	-1810	6163
137	-2039	6240
86	-2111	6274
113	-2171	6320
20	-2572	6385
114	-2821	6303
356	-2665	6099
170	-2460	5866
29	-2215	5604
166	-1723	5288
139	-1053	4962
426	-268	4625
970	589	4244
1096	1405	4008
1156	1788	3869
1055	2022	3674
858	2130	3550
999	1913	3476
1193	1732	3360
1386	1573	3232
1587	1050	3095
1675	250	2930
1674	-374	2704
1840	-772	2405
1952	-1330	2038
1793	-1869	1652
1646	-2072	1228
1369	-2137	727
806	-2075	292
488	-1774	-89
274	-1289	-431
176	-785	-735
285	-365	-1026
197	-66	-1317
14	118	-1581
-40	299	-1861
-196	620	-2111
-373	973	-2277
-339	1539	-2449
-455	1871	-2662
-671	1993	-2836
-546	2379	-3057
-301	2600	-3256
-146	2619	-3365
-59	2579	-3484
-104	2330	-3600
-107	2128	-3675
-6	1974	-3758
56	1640	-3818
145	1322	-3860
170	993	-3905
49	649	-3926
-47	398	-3951
-40	212	-3960
-45	50	-3951
-51	34	-3926
-39	42	-3920
-43	2	-3974
20	-15	-4031
81	-73	-4095
-13	-141	-4120
-106	-40	-4100
-80	132	-4113
-139	268	-4127
-38	475	-4165
33	603	-4209
-118	669	-4215
-115	863	-4191
-99	1009	-4156
-208	1010	-4111
-245	1072	-4059
-347	1088	-3996
-670	1092	-3920
-768	1261	-3859
-821	1315	-3826
-1133	1138	-3818
-1303	975	-3818
-1554	635	-3815
-1832	239	-3776
-1633	181	-3687
-1168	396	-3529
-941	499	-3253
-675	421	-2931
-656	150	-2609
-773	-120	-2325
-807	-220	-2066
-890	-189	-1848
-923	101	-1642
-803	351	-1400
-655	500	-1142
-543	526	-868
-567	273	-599
-542	29	-333
-527	-222	-63
-507	-285	203
-445	-218	486
-481	-314	819
-486	-280	1200
-524	-258	1602
-603	-342	2027
-595	-286	2405
-490	-225	2734
-501	-294	3043
-425	-405	3360
-358	-751	3679
-392	-1226	3994
-206	-1452	4278
-73	-1665	4572
-12	-1790	4834
184	-1703	5110
259	-1452	5381
189	-1359	5646
261	-1252	5851
441	-1179	6015
750	-1231	6161
652	-1297	6302
612	-1392	6498
869	-1342	6601
1021	-1158	6577
1133	-1106	6564
1002	-1307	6501
1010	-1109	6359
1021	-841	6190
779	-663	5990
796	-170	5809
793	115	5647
786	301	5471
1076	649	5254
1238	741	5053
1319	474	4895
1540	311	4654
1709	-122	4401
1719	-616	4193
1538	-878	3947
1393	-1259	3765
1432	-1572	3622
1583	-1594	3337
1624	-1707	2955
1481	-1890	2506
1152	-1841	2057
921	-1500	1608
746	-1178	1173
476	-1042	845
232	-788	581
36	-363	312
-148	158	17
-246	706	-304
-209	1252	-650
-331	1299	-961
-352	1373	-1223
-269	1477	-1508
-232	1535	-1822
-129	1904	-2197
-133	2191	-2629
-263	2316	-3037
-365	2271	-3433
-580	1994	-3778
-726	1754	-4019
-581	1606	-4125
-393	1520	-4211
-186	1438	-4285
106	1383	-4347
284	1285	-4409
395	1204	-4445
473	969	-4444
460	722	-4408
479	656	-4369
473	407	-4329
414	160	-4298
485	138	-4305
417	-80	-4310
390	-154	-4327
427	-153	-4367
231	-394	-4379
196	-344	-4414
224	-209	-4482
54	-254	-4550
71	-84	-4627
79	61	-4719
-88	120	-4794
-72	536	-4876
-130	828	-4923
-419	996	-4908
-480	1503	-4887
-456	1853	-4918
-701	1886	-4958
-860	1840	-5010
-1059	1505	-5032
-1365	1321	-4993
-1160	1597	-4914
-928	1580	-4784
-1065	1317	-4567
-910	820	-4321
-722	410	-4088
-640	151	-3831
-523	21	-3571
-620	-60	-3317
-665	-182	-3048
-623	-249	-2787
-538	-226	-2552
-398	-62	-2274
-403	39	-1963
-337	159	-1630
-378	192	-1283
-386	141	-913
-371	217	-503
-430	248	-108
-317	343	315
-408	208	755
-444	-34	1186
-385	-155	1631
-466	-372	2026
-480	-503	2381
-467	-571	2760
-483	-838	3125
-418	-1053	3470
-302	-1158	3821
-240	-1373	4174
-195	-1499	4487
-93	-1689	4794
-179	-1943	5073
-51	-1758	5313
204	-1468	5575
405	-1507	5845
739	-1604	6079
633	-1734	6277
687	-1788	6459
820	-1716	6589
602	-1658	6682
598	-1700	6729
792	-1567	6666
588	-1505	6608
517	-1263	6473
602	-708	6280
396	-404	6136
525	-77	5937
493	292	5777
324	428	5670
611	691	5435
802	947	5126
930	746	4857
1291	759	4548
1589	692	4237
1713	393	3976
1616	306	3699
1555	-24	3437
1455	-500	3235
1176	-819	3024
993	-1001	2720
1108	-1031	2359
1118	-947	1926
1083	-988	1485
1202	-1204	1011
1133	-1480	494
859	-1717	57
709	-1607	-395
505	-1542	-841
299	-1402	-1228
181	-993	-1587
-28	-750	-1900
-18	-567	-2097
159	-167	-2221
150	197	-2274
188	773	-2329
138	1146	-2439
50	1282	-2539
256	1584	-2729
277	1727	-2974
66	1802	-3243
-261	1779	-3506
-537	1803	-3751
-650	1952	-3945
-672	2066	-4048
-576	2183	-4120
-416	2225	-4184
-243	2165	-4258
-117	1967	-4323
-37	1687	-4359
18	1261	-4357
23	788	-4334
86	312	-4312
129	-126	-4306
173	-377	-4342
259	-597	-4375
110	-961	-4388
1	-1043	-4397
-40	-1085	-4404
-232	-1134	-4412
-188	-914	-4454
-232	-805	-4482
-497	-670	-4488
-388	-185	-4505
-492	69	-4516
-698	347	-4489
-602	896	-4516
-754	1058	-4543
-1020	1178	-4549
-958	1430	-4551
-1038	1474	-4539
-1067	1913	-4493
-719	2518	-4421
-649	2496	-4300
-818	2208	-4122
-517	2071	-3928
-263	1927	-3766
-332	1730	-3548
-377	1426	-3257
-428	1033	-2937
-344	549	-2664
-310	190	-2418
-324	90	-2198
-308	-141	-1920
-307	-456	-1599
-273	-707	-1260
-329	-956	-925
-338	-922	-557
-282	-634	-166
-281	-378	200
-245	-211	586
-296	-207	968
-401	-93	1297
-392	161	1644
-502	314	1968
-533	421	2295
-569	363	2651
-576	135	2990
-578	37	3302
-585	-88	3600
-674	-383	3870
-543	-742	4153
-349	-1029	4445
-280	-1471	4756
-138	-1893	5045
-22	-2130	5330
3	-2359	5612
108	-2224	5893
299	-2006	6183
359	-1972	6404
509	-1796	6543
452	-1773	6618
383	-1779	6612
589	-1486	6536
410	-1299	6441
493	-951	6227
496	-408	5996
165	-180	5783
248	282	5522
154	926	5322
-46	1224	5173
190	1605	4980
234	1895	4785
197	1754	4642
732	1616	4409
1066	1460	4156
1156	773	4003
1253	403	3849
1410	288	3677
1539	141	3560
1332	-138	3405
1034	-566	3221
1102	-866	2965
1319	-1198	2577
1332	-1495	2145
1308	-1738	1636
1164	-1863	1098
881	-1755	595
619	-1428	102
337	-981	-384
256	-784	-831
322	-534	-1235
278	-347	-1608
338	-295	-1901
503	-82	-2182
485	-37	-2418
587	154	-2601
589	553	-2818
370	497	-3012
305	573	-3198
284	833	-3422
526	1181	-3627
799	1605	-3839
587	1763	-4016
387	1853	-4121
309	1856	-4175
316	1736	-4224
383	1559	-4268
394	1224	-4281
416	904	-4288
416	615	-4275
385	273	-4264
430	145	-4298
337	-23	-4353
178	-122	-4415
145	11	-4505
39	-8	-4570
-72	-54	-4606
-56	73	-4670
-124	45	-4737
-232	-39	-4800
-146	22	-4848
-248	-123	-4857
-372	-197	-4849
-270	52	-4864
-621	-31	-4836
-919	-56	-4784
-799	197	-4807
-992	-60	-4837
-1107	-79	-4798
-826	402	-4774
-927	714	-4638
-1056	1104	-4418
-900	1402	-4225
-965	1328	-4019
-1125	1315	-3764
-732	1495	-3537
-550	1542	-3335
-730	1377	-3106
-762	1283	-2846
-758	1282	-2607
-731	1082	-2392
-721	904	-2167
-598	806	-1905
-546	456	-1619
-602	-85	-1329
-567	-345	-1027
-608	-482	-731
-575	-435	-384
-580	-368	-7
-621	-408	360
-533	-321	764
-522	-433	1171
-412	-319	1564
-427	-266	1953
-509	-393	2309
-564	-380	2662
-474	-383	2986
-515	-530	3296
-614	-633	3614
-591	-783	3948
-593	-840	4288
-382	-690	4639
-337	-646	4972
-208	-596	5274
-12	-700	5566
5	-1140	5837
18	-1358	6032
17	-1351	6236
97	-1417	6493
307	-1605	6696
368	-1752	6766
340	-2039	6881
150	-2117	6979
191	-1866	7001
334	-1998	6920
529	-1866	6666
471	-1535	6423
288	-1206	6196
307	-455	5955
241	211	5789
164	523	5562
439	916	5367
532	986	5186
528	858	5027
945	1349	4742
1220	1356	4450
1233	642	4261
1271	357	4062
1405	130	3861
1401	-39	3605
1283	-156	3274
1463	-465	2883
1434	-1027	2372
1212	-1718	1805
1313	-1999	1204
1187	-2184	568
852	-2209	24
571	-1800	-455
216	-1286	-896
-158	-901	-1299
-413	-640	-1630
-565	-299	-1916
-558	12	-2186
-445	385	-2385
-476	923	-2504
-566	1270	-2558
-644	1409	-2645
-827	1362	-2746
-914	1495	-2884
-852	1797	-3065
-814	2011	-3281
-850	2205	-3499
-848	2357	-3689
-879	2421	-3830
-737	2580	-3932
-566	2555	-4009
-523	2333	-4044
-394	2120	-4065
-328	1759	-4093
-335	1473	-4129
-206	1319	-4161
-252	1003	-4182
-340	778	-4195
-255	648	-4194
-311	476	-4229
-274	435	-4286
-155	417	-4368
-248	313	-4439
-272	385	-4519
-256	577	-4602
-342	728	-4703
-151	926	-4809
-79	1028	-4875
-157	1042	-4919
-8	1186	-4923
-6	1239	-4910
-74	1199	-4856
43	1265	-4810
-62	1226	-4770
-162	1270	-4679
4	1519	-4621
-136	1434	-4554
-257	1168	-4460
-59	1087	-4396
-129	941	-4277
-193	873	-4080
5	803	-3884
-74	535	-3632
-158	317	-3330
73	328	-3015
226	490	-2720
300	590	-2436
232	562	-2131
248	557	-1820
163	465	-1560
128	304	-1234
194	390	-875
169	429	-553
89	436	-219
-6	346	106
-130	45	442
-153	-193	815
-191	-381	1168
-118	-367	1523
-70	-377	1886
-81	-468	2272
-156	-475	2629
-138	-440	2977
-243	-596	3303
-284	-793	3624
-245	-948	3972
-288	-1193	4311
-290	-1408	4612
-149	-1650	4905
-32	-1830	5152
172	-1781	5384
179	-1700	5637
116	-1542	5902
46	-1635	6144
-65	-1920	6334
195	-1944	6465
304	-1793	6580
187	-1742	6670
319	-1595	6716
425	-1367	6696
315	-1405	6624
277	-1436	6401
268	-1300	6132
359	-1170	5842
496	-731	5490
538	-89	5191
460	364	4966
712	1049	4697
1075	1815	4444
1219	1782	4231
1142	1724	4003
1122	1807	3852
1006	1544	3795
786	1303	3705
811	1345	3551
1071	1183	3364
1168	633	3084
1007	-161	2775
1007	-767	2455
1071	-1115	2083
921	-1499	1681
803	-1782	1214
538	-1894	690
167	-1880	160
-60	-1788	-311
-229	-1779	-713
-356	-1740	-1026
-279	-1483	-1275
-218	-1176	-1459
-156	-870	-1554
146	-356	-1662
168	93	-1780
-9	603	-1884
-132	1088	-2002
-402	1351	-2136
-473	1568	-2264
-317	1827	-2452
-295	1931	-2670
-341	1970	-2891
-387	1904	-3085
-439	1771	-3256
-404	1543	-3394
-264	1314	-3529
-117	1122	-3654
-22	1001	-3804
16	913	-3947
-17	779	-4099
13	730	-4202
25	649	-4271
-21	621	-4334
18	576	-4387
-55	443	-4420
-50	462	-4443
72	406	-4484
-29	234	-4511
101	301	-4554
180	203	-4601
34	-27	-4610
220	78	-4662
218	31	-4731
32	-83	-4768
191	192	-4804
61	237	-4808
-293	315	-4745
-215	764	-4706
-244	987	-4687
-539	1039	-4661
-593	1256	-4640
-706	1260	-4597
-914	1584	-4535
-649	2292	-4489
-418	2610	-4398
-606	2380	-4237
-521	2176	-4062
-321	1980	-3842
-438	1776	-3548
-182	1616	-3222
61	1562	-2892
112	1466	-2617
158	1221	-2328
119	902	-2009
119	537	-1687
110	192	-1362
80	-193	-1023
117	-531	-657
62	-822	-327
-16	-915	12
-118	-861	318
-161	-681	634
-192	-352	971
-401	-318	1285
-443	-409	1627
-593	-609	1953
-684	-690	2303
-615	-511	2638
-569	-410	2985
-601	-507	3321
-599	-573	3644
-669	-743	3937
-612	-877	4203
-466	-901	4491
-307	-1102	4809
-264	-1463	5134
-133	-1525	5399
-128	-1692	5651
-100	-1924	5880
26	-1936	6086
50	-2050	6314
252	-2225	6522
364	-2161	6649
343	-1991	6717
494	-1459	6735
313	-1095	6740
249	-898	6647
515	-363	6431
458	-121	6195
248	-48	5950
333	549	5714
308	888	5502
331	883	5304
673	992	5068
889	902	4818
989	456	4586
1156	262	4352
1197	-64	4155
1239	-651	4001
1244	-1059	3811
1285	-1398	3587
1417	-1866	3323
1350	-2346	2941
1037	-2717	2524
993	-2968	2071
737	-3181	1630
602	-2927	1207
792	-2470	729
652	-1938	247
464	-1159	-173
316	-326	-608
20	223	-1005
-121	549	-1325
-129	896	-1596
-233	1115	-1823
-265	1299	-2000
-221	1682	-2207
-311	1967	-2356
-312	2292	-2478
-300	2511	-2638
-408	2370	-2838
-408	2345	-3073
-279	2281	-3326
-144	2126	-3531
-55	1902	-3716
-56	1606	-3868
26	1449	-3981
159	1275	-4042
222	1050	-4073
318	829	-4080
389	517	-4060
397	284	-4082
409	109	-4126
361	-120	-4165
289	-330	-4183
252	-391	-4187
261	-390	-4204
173	-377	-4228
197	-151	-4273
236	-29	-4312
113	-54	-4317
264	228	-4334
249	325	-4359
110	372	-4394
245	634	-4460
34	553	-4466
-149	623	-4428
71	947	-4450
-147	927	-4470
-347	1066	-4465
-199	1355	-4500
-474	1054	-4472
-744	1117	-4410
-575	1441	-4431
-663	1129	-4399
-915	1019	-4310
-602	1349	-4206
-383	1389	-4048
-481	1137	-3824
-204	889	-3621
-127	593	-3440
-293	413	-3263
-163	525	-3076
-90	637	-2899
-128	466	-2671
-69	133	-2436
-174	-206	-2166
-226	-483	-1883
-249	-620	-1599
-246	-629	-1290
-244	-625	-990
-336	-510	-668
-414	-398	-305
-428	-283	80
-404	-91	507
-536	-145	915
-649	-148	1326
-576	-185	1719
-616	-286	2113
-546	-202	2481
-531	-274	2839
-554	-545	3141
-320	-601	3371
-112	-576	3597
-332	-643	3901
-471	-754	4251
-664	-938	4646
-587	-1035	5009
-458	-1246	5310
-471	-1561	5526
-550	-1862	5723
-551	-2090	5881
-367	-2172	6022
-31	-2199	6056
647	-1896	5891
1275	-1188	5768
731	-821	5866
-202	-988	6117
4	-670	6295
526	-188	6238
719	-463	6043
764	-855	5864
450	-867	5787
100	-777	5679
34	-606	5498
265	-95	5298
280	294	5108
387	419	4917
772	739	4746
874	783	4629
843	699	4546
949	1012	4415
1086	1475	4190
1218	1250	3978
1226	787	3782
1133	326	3549
1151	-288	3310
1205	-927	3084
1120	-1368	2865
1038	-1695	2601
1141	-2091	2306
1303	-2228	1917
1107	-2292	1521
960	-2175	1129
1024	-1798	710
790	-1597	331
529	-1258	-9
513	-962	-392
268	-817	-741
73	-638	-1009
79	-288	-1281
-93	92	-1493
-296	473	-1630
-235	726	-1790
-141	961	-1998
-212	1106	-2171
-277	1163	-2344
-229	1442	-2518
-134	1872	-2715
-287	2066	-2912
-557	1945	-3017
-722	1861	-3132
-790	1653	-3220
-586	1501	-3287
-223	1494	-3372
-118	1324	-3448
-194	1064	-3454
-162	936	-3408
-43	835	-3364
78	703	-3322
176	606	-3312
224	549	-3331
152	336	-3329
74	165	-3305
97	71	-3303
93	-206	-3335
22	-426	-3330
89	-200	-3354
168	99	-3410
31	187	-3436
69	455	-3469
219	658	-3530
136	637	-3576
191	763	-3629
276	868	-3697
151	780	-3725
68	742	-3723
163	953	-3751
212	1055	-3796
106	1014	-3817
148	1238	-3885
131	1348	-3952
-91	1173	-3946
-179	1130	-3917
-94	1240	-3924
-169	1125	-3922
-386	965	-3886
-453	994	-3867
-491	877	-3904
-813	473	-3904
-977	315	-3889
-753	412	-3916
-751	472	-3892
-939	565	-3808
-729	827	-3703
-634	895	-3556
-803	827	-3348
-774	826	-3108
-645	770	-2891
-762	830	-2688
-598	1057	-2451
-464	1253	-2192
-682	1223	-1923
-522	1076	-1658
-464	858	-1414
-558	526	-1169
-464	294	-908
-447	118	-677
-478	-53	-452
-405	-187	-213
-476	-316	22
-504	-440	257
-407	-521	500
-442	-617	735
-506	-690	984
-424	-734	1261
-370	-753	1456
-298	-776	1630
-292	-841	1728
-214	-627	1807
-263	-389	1886
-218	-315	1963
-149	-309	2075
-148	-487	2179
-83	-572	2268
181	-506	2303
153	-493	2312
7	-550	2312
126	-531	2370
171	-552	2472
206	-645	2578
497	-570	2670
651	-358	2735
426	-591	2866
344	-942	3067
429	-1064	3216
319	-1294	3361
287	-1522	3466
338	-1490	3543
211	-1552	3608
104	-1746	3668
327	-1571	3694
413	-1304	3765
127	-1363	3871
122	-1162	3926
152	-743	3977
-49	-469	4098
26	-237	4223
46	102	4270
-9	343	4328
-32	328	4351
-11	368	4325
48	166	4331
-65	-370	4291
-146	-762	4233
282	-1013	4196
490	-1298	4136
486	-1283	4094
636	-1163	4062
534	-1208	4004
492	-1097	3898
717	-886	3786
728	-798	3660
654	-694	3556
715	-485	3459
751	-187	3311
707	-11	3159
729	-40	3014
816	5	2855
989	43	2667
1100	-257	2462
1095	-605	2289
1072	-842	2093
1090	-1130	1909
1137	-1340	1765
1163	-1315	1564
1198	-1431	1326
1190	-1495	1131
1063	-1362	922
1010	-863	683
1053	-242	392
825	137	84
584	391	-221
510	635	-527
394	784	-825
229	943	-1074
116	1045	-1268
32	1041	-1414
-21	1037	-1490
-34	1022	-1526
-6	1074	-1546
0	1170	-1560
-12	1227	-1584
-24	1214	-1590
-54	1291	-1619
-118	1215	-1650
-229	1122	-1675
-298	1158	-1711
-337	1130	-1776
-466	875	-1846
-661	634	-1909
-763	493	-2019
-774	344	-2133
-734	245	-2228
-675	247	-2306
-620	271	-2358
-673	238	-2335
-707	257	-2304
-640	271	-2319
-551	196	-2308
-466	256	-2320
-397	420	-2378
-419	464	-2446
-401	592	-2526
-337	652	-2598
-350	718	-2634
-343	935	-2626
-328	1039	-2682
-328	1049	-2725
-262	1183	-2770
-203	1369	-2801
-150	1529	-2800
-32	1603	-2783
85	1610	-2798
113	1541	-2810
148	1473	-2825
87	1345	-2847
-78	1238	-2849
-18	1241	-2836
112	1193	-2858
135	1068	-2877
296	1021	-2899
264	888	-2941
198	828	-2949
315	825	-2959
310	741	-2962
323	727	-2974
468	672	-2993
317	578	-2988
223	679	-2981
317	704	-3016
195	556	-3070
235	572	-3122
262	595	-3160
10	623	-3185
76	828	-3182
76	877	-3216
-140	968	-3223
-54	1091	-3205
-209	995	-3181
-431	995	-3124
-375	995	-3089
-735	758	-3076
-989	628	-3066
-954	585	-3054
-1153	818	-2943
-903	1345	-2743
-691	1795	-2487
-526	1699	-2261
-89	1400	-1993
-257	1288	-1766
-273	1131	-1643
-311	815	-1625
-232	362	-1639
-229	-138	-1612
-176	-429	-1483
-205	-958	-1332
-399	-1379	-1215
-359	-1214	-1126
-310	-950	-1002
-287	-788	-840
-293	-540	-616
-454	-232	-323
-390	132	-79
-429	274	226
-445	281	485
-368	194	700
-407	181	920
-389	53	1066
-390	-82	1247
-427	-329	1379
-419	-613	1512
-380	-659	1687
-386	-856	1870
-373	-894	2057
-340	-916	2258
-312	-992	2449
-237	-836	2622
-229	-892	2838
-224	-982	3029
-154	-765	3212
-196	-775	3418
-130	-752	3597
-10	-673	3758
28	-765	3930
135	-800	4108
324	-785	4286
273	-908	4470
284	-968	4574
312	-1016	4685
240	-1164	4794
301	-1280	4922
301	-1561	5047
413	-1538	5126
402	-1608	5216
414	-1794	5288
698	-1510	5300
609	-1520	5329
546	-1647	5320
532	-1458	5285
536	-1380	5224
589	-1206	5123
531	-946	5040
564	-1106	4917
632	-971	4762
519	-1018	4614
583	-918	4430
689	-631	4226
737	-694	4015
965	-324	3798
1028	-161	3572
1125	-142	3391
1369	202	3146
1471	-28	2919
1398	-389	2748
1429	-300	2520
1555	-665	2317
1405	-985	2046
1399	-1252	1779
1337	-1362	1509
1184	-1052	1174
1182	-816	801
925	-738	342
797	-655	-89
751	-651	-498
495	-598	-818
100	-705	-1051
-131	-651	-1262
-264	-437	-1458
-318	-194	-1614
-285	207	-1743
-325	494	-1837
-318	989	-1894
-360	1507	-1950
-398	2017	-2025
-471	2631	-2170
-666	2758	-2342
-896	2794	-2561
-1067	2675	-2808
-1037	2665	-3011
-863	2784	-3196
-928	2537	-3297
-1030	2180	-3349
-995	1808	-3370
-847	1474	-3334
-606	1219	-3295
-432	819	-3225
-231	416	-3162
-73	77	-3152
-60	-240	-3196
-51	-463	-3274
-182	-586	-3341
-270	-559	-3390
-399	-572	-3426
-483	-457	-3467
-404	-158	-3517
-420	134	-3551
-263	523	-3581
-199	842	-3574
-92	1150	-3568
43	1351	-3558
26	1491	-3546
148	1645	-3548
117	1769	-3593
197	1921	-3655
226	1969	-3719
184	1941	-3750
284	1890	-3789
197	1765	-3810
276	1583	-3817
254	1211	-3829
263	861	-3816
286	399	-3836
117	-34	-3827
151	-270	-3799
-52	-593	-3746
-250	-536	-3674
-331	-498	-3632
-458	-505	-3539
-119	-482	-3420
31	-680	-3273
506	-320	-3076
669	-3	-2798
290	308	-2579
328	500	-2550
3	427	-2590
-10	729	-2603
-42	1272	-2630
119	1464	-2591
78	1419	-2457
-2	999	-2262
-125	710	-2093
-104	551	-1936
-85	240	-1704
25	164	-1405
31	-65	-1042
15	-69	-658
-5	-23	-260
-36	119	121
-72	79	494
-241	12	815
-264	-106	1087
-324	-117	1362
-355	-180	1561
-508	-228	1786
-579	-342	1959
-661	-283	2138
-714	-55	2304
-686	90	2450
-747	145	2603
-729	-14	2744
-665	14	2937
-670	-135	3133
-596	-345	3330
-551	-705	3580
-535	-1017	3828
-532	-1165	4112
-521	-1521	4357
-426	-1558	4573
-397	-1529	4808
-275	-1153	5036
-235	-1058	5262
-141	-1012	5423
-55	-788	5543
-147	-883	5720
-75	-897	5856
-37	-922	5959
394	-822	6002
291	-684	6018
261	-898	5981
531	-605	5879
474	-671	5771
563	-887	5625
564	-777	5498
584	-707	5289
635	-466	5098
664	-651	4919
887	-623	4694
950	-627	4412
968	-875	4167
1242	-614	3886
1173	-1211	3655
1472	-1110	3381
1684	-1297	3084
1715	-1830	2878
1675	-2001	2628
1515	-2405	2448
1415	-2062	2196
1487	-1645	1871
1278	-1172	1527
1116	-747	1135
955	-498	716
654	-39	268
505	346	-167
309	690	-601
91	683	-967
-62	704	-1236
-155	717	-1455
-131	710	-1630
-131	750	-1780
-150	752	-1873
-131	980	-1923
-180	1107	-1929
-223	1383	-1963
-273	1414	-2009
-238	1629	-2171
-241	1674	-2380
-355	1655	-2614
-542	1502	-2826
-731	1152	-3006
-778	884	-3176
-795	620	-3322
-786	495	-3442
-743	466	-3520
-644	561	-3566
-489	701	-3576
-337	786	-3567
-202	786	-3571
-152	720	-3575
-117	683	-3607
-172	513	-3637
-169	353	-3686
-137	271	-3751
-107	394	-3809
-28	590	-3861
-26	808	-3864
114	956	-3885
111	1109	-3893
232	1280	-3950
179	1318	-4000
225	1399	-4021
293	1372	-4098
302	1457	-4176
353	1407	-4279
165	1360	-4333
173	1423	-4386
69	1367	-4446
181	1390	-4517
74	1137	-4563
-92	1026	-4540
-55	983	-4496
-367	922	-4439
-321	1004	-4370
-673	825	-4300
-1043	520	-4203
-877	392	-4100
-685	620	-3874
-15	1399	-3600
442	1988	-3217
470	1729	-2792
-105	830	-2522
-95	282	-2477
-6	469	-2469
-159	413	-2246
-180	-244	-1904
-192	-733	-1539
-412	-585	-1191
-708	-290	-956
-604	-111	-686
-562	-157	-275
-670	-64	122
-650	49	519
-566	-66	934
-516	-305	1352
-593	-465	1688
-589	-790	1974
-537	-886	2200
-503	-855	2325
-502	-844	2463
-491	-849	2520
-465	-561	2626
-475	-244	2721
-458	90	2871
-420	99	3029
-282	126	3248
-254	38	3537
-127	-284	3893
-77	-658	4294
-34	-827	4627
-175	-1067	5065
-110	-856	5516
22	-890	6069
127	-1232	6677
288	-1264	7213
321	-2335	7666
695	-3220	8024
772	-3554	8181
780	-3446	8088
912	-2681	7895
1162	-1692	7750
1360	-735	7624
1501	-22	7481
1237	86	7357
1721	-222	7017
1527	-361	6636
1639	-822	6116
1230	-909	5669
950	-460	5343
492	303	5028
198	627	4775
446	750	4483
641	358	4196
733	359	3884
955	-20	3567
1025	-4	3205
1267	-52	2847
1581	377	2536
1429	117	2336
1419	-126	2222
1592	-328	2134
1317	-473	1956
1157	-791	1708
1105	-440	1444
902	-225	1157
640	210	904
706	245	671
717	498	358
743	917	-107
669	1168	-700
537	1342	-1280
463	1515	-1740
321	1695	-2064
265	1953	-2294
214	2103	-2501
199	2132	-2686
159	1801	-2839
505	895	-2907
578	-89	-2879
-16	-440	-2694
-216	-387	-2501
-247	14	-2350
-58	578	-2228
226	1084	-2111
386	1277	-2012
284	1012	-1967
113	558	-1998
-52	137	-2079
-203	-89	-2199
-298	-268	-2307
-108	-353	-2432
246	-40	-2624
527	574	-2769
311	606	-2811
108	54	-2851
55	-418	-2883
-100	-350	-2973
-40	175	-3117
-39	886	-3268
-289	1413	-3348
-394	1604	-3440
-135	1721	-3499
-61	1386	-3451
293	1002	-3492
257	323	-3676
311	241	-3774
203	532	-3741
334	575	-3711
355	372	-3681
310	297	-3511
277	12	-3387
-93	-234	-3258
-319	-63	-3140
-377	67	-2957
-516	-36	-2672
-602	144	-2374
-755	250	-2007
-752	232	-1660
-926	366	-1264
-884	378	-867
-965	447	-393
-852	472	41
-901	403	482
-852	307	894
-771	158	1324
-685	-266	1668
-645	-314	1981
-673	-555	2334
-593	-681	2688
-542	-802	3057
-498	-836	3398
-381	-1193	3808
-304	-1637	4180
-244	-1829	4573
-184	-1676	4920
-304	-1968	5283
-157	-1995	5550
-43	-2190	5772
150	-1791	5965
362	-1925	6088
486	-1723	6140
332	-1332	6137
295	-920	6111
617	-895	5959
820	-1424	5861
787	-1382	5807
793	-766	5840
1030	-645	5765
936	-918	5717
1281	-995	5599
1304	-953	5491
1165	-1342	5388
1497	-1574	5366
1790	-1377	5292
1867	-1417	5108
1678	-1623	4879
1700	-1408	4586
1623	-1153	4337
1279	-1337	4189
1269	-1081	4039
1542	-856	3855
1401	-616	3553
1248	-342	3182
1207	-80	2837
1185	231	2487
1183	355	2165
1118	475	1798
1014	648	1463
1081	559	1102
1162	329	682
1092	528	174
893	1245	-347
604	1890	-877
347	2075	-1414
112	2013	-1962
-59	1783	-2523
-103	1566	-3048
-128	1441	-3465
-226	1502	-3765
-409	1670	-3955
-647	1882	-4059
-805	2067	-4098
-786	2198	-4092
-673	2285	-4077
-614	2301	-4127
-646	2129	-4209
-739	1892	-4292
-791	1610	-4374
-685	1303	-4460
-530	1053	-4539
-382	861	-4572
-263	625	-4577
-93	530	-4575
-20	411	-4566
101	323	-4610
135	-32	-4678
59	-416	-4760
56	-238	-4824
100	-34	-4939
61	281	-5050
120	634	-5149
91	799	-5093
-22	611	-4838
237	157	-4634
207	-666	-4500
-59	-680	-4489
-16	-44	-4480
221	251	-4445
459	712	-4334
101	1477	-4176
-30	1407	-3992
-138	666	-3654
-307	-224	-3374
-339	-169	-3228
-386	357	-3093
-396	721	-2865
-556	987	-2517
-659	957	-2208
-749	985	-1814
-738	962	-1444
-722	973	-1056
-644	857	-606
-527	638	-154
-517	398	323
-457	-19	757
-536	-482	1259
-439	-932	1703
-539	-1064	2169
-572	-1323	2582
-527	-1430	3005
-565	-1663	3417
-533	-1099	3807
-631	-1248	4186
-607	-904	4551
-742	-874	4910
-680	-528	5268
-644	-598	5597
-445	-420	5877
-602	-603	6054
-533	-543	6225
-306	-864	6319
-145	-1129	6359
136	-1308	6354
480	-1290	6244
876	-966	6113
776	-1409	5985
710	-1713	5853
817	-1881	5711
1190	-2150	5564
1449	-2289	5437
1485	-2544	5297
1765	-2194	5204
1772	-2419	5187
1578	-2312	5250
1580	-2276	5338
1536	-1937	5311
1378	-1298	5150
1247	-750	4972
915	-571	4842
754	-21	4575
806	695	4252
946	1398	3847
1020	2074	3378
1012	2436	2906
977	2444	2398
1130	2416	1863
1229	2227	1331
1252	1706	803
1404	1302	247
1475	1284	-347
1382	1595	-963
1062	1956	-1640
726	2258	-2312
419	2126	-2942
149	1776	-3520
-118	1499	-4002
-317	1270	-4379
-462	986	-4643
-506	632	-4771
-502	176	-4829
-428	-340	-4849
-359	-647	-4845
-267	-907	-4840
-192	-1280	-4823
-251	-1629	-4754
-365	-1845	-4671
-402	-1894	-4594
-331	-1803	-4562
-324	-1580	-4537
-335	-1263	-4529
-357	-692	-4559
-244	-318	-4650
-195	-73	-4760
-164	109	-4917
-175	377	-5060
-299	582	-5189
-417	994	-5273
-504	1646	-5260
-161	2395	-5226
302	3142	-5064
572	3328	-4868
793	3009	-4839
592	2884	-4845
213	2850	-4564
55	2154	-4312
155	618	-4315
-81	348	-4282
129	1141	-4190
330	320	-4408
425	711	-4318
551	1693	-4257
532	1158	-4074
365	535	-3727
357	-315	-3392
318	-1229	-3174
411	-1605	-3001
406	-1434	-2743
369	-1099	-2443
210	-757	-2016
80	-757	-1535
-64	-782	-1044
-202	-820	-584
-216	-705	-137
-346	-641	334
-337	-585	739
-494	-560	1208
-485	-714	1659
-543	-590	2141
-504	-722	2598
-499	-622	3048
-515	-862	3500
-428	-730	3955
-401	-963	4430
-227	-863	4863
-361	-1140	5278
-424	-1517	5691
-341	-1559	6081
-216	-1743	6403
160	-1539	6660
80	-1480	6860
379	-1427	6904
392	-1628	6898
464	-1684	6857
562	-1869	6775
594	-1911	6646
969	-1633	6554
1419	-1185	6355
1645	-1201	6187
1439	-1835	6013
1638	-1770	5747
1724	-1328	5571
1803	-1331	5305
1931	-1647	5125
2068	-1908	4995
1881	-1956	4851
1671	-1891	4692
1314	-1479	4443
1040	-983	4178
778	-402	3821
808	316	3496
972	999	3115
1265	1553	2726
1476	1753	2314
1515	1952	1896
1448	2279	1459
1566	2387	1015
1700	2316	512
1700	2227	-40
1562	2404	-624
1147	3002	-1204
733	3280	-1783
225	2953	-2382
-288	2110	-2920
-588	1389	-3380
-764	1100	-3727
-746	1224	-4043
-882	1538	-4241
-1249	1714	-4343
-1661	1952	-4280
-1438	2120	-4138
-514	2308	-4061
318	2298	-4148
94	1897	-4365
-586	1157	-4594
-694	472	-4796
-339	-3	-4964
-135	-465	-5056
-32	-709	-5104
-7	-858	-5139
-71	-890	-5200
49	-847	-5308
264	-889	-5451
540	-1131	-5566
599	-871	-5676
231	-184	-5743
-30	961	-5718
-20	2133	-5441
169	2371	-5100
384	1838	-4887
114	1026	-4724
-256	1114	-4607
271	961	-4436
585	1009	-4403
60	1641	-4237
-122	2588	-4053
-72	1668	-3851
-254	1155	-3532
-370	522	-3235
-507	244	-3088
-487	533	-3010
-588	397	-2924
-677	231	-2801
-833	254	-2617
-809	178	-2427
-862	54	-2166
-848	6	-1790
-712	110	-1309
-674	21	-695
-629	-125	-90
-666	-162	587
-589	-315	1163
-631	-345	1734
-601	-749	2227
-593	-930	2692
-659	-1508	3132
-580	-1570	3629
-622	-1935	4084
-475	-1634	4423
-464	-1610	4739
-459	-1388	5048
-568	-1613	5313
-477	-1140	5584
-223	-1099	5831
-400	-1362	6122
-205	-1272	6296
262	-580	6357
440	-195	6340
487	-760	6352
752	-1240	6306
619	-1641	6234
574	-1802	6182
876	-1333	6191
1186	-1337	6177
1334	-1595	6186
1306	-2349	6163
1290	-2512	5988
1078	-2109	5867
908	-2235	5675
1012	-1836	5525
1068	-1195	5309
990	-834	5051
952	-310	4772
915	177	4431
1041	543	4064
1164	823	3685
1115	1091	3392
947	1109	3072
724	1090	2751
767	1064	2341
1066	1122	1830
1304	1128	1286
1488	1102	656
1568	1385	9
1548	1897	-687
1464	2326	-1375
1279	2489	-2093
954	2477	-2802
569	2240	-3477
96	2070	-4029
-298	1616	-4535
-668	1169	-4855
-690	768	-5084
-496	695	-5109
-227	718	-5035
-28	871	-4929
-32	1075	-4883
-380	879	-4872
-767	705	-4899
-836	742	-4982
-744	795	-5090
-648	846	-5184
-591	952	-5247
-523	954	-5272
-375	603	-5272
-233	229	-5258
-204	-239	-5286
-203	-769	-5347
-340	-1446	-5423
-181	-1754	-5564
-34	-1297	-5670
26	-286	-5595
106	797	-5186
449	1267	-4843
136	452	-4810
18	-342	-4840
203	830	-4793
-10	2391	-4683
114	2471	-4370
111	2177	-4118
-55	2328	-3936
135	2575	-3789
66	1458	-3605
-211	678	-3356
-165	502	-3168
-149	346	-2989
-225	220	-2761
-370	149	-2478
-437	24	-2218
-561	-294	-1962
-753	-380	-1628
-767	-410	-1302
-809	-463	-892
-853	-423	-444
-869	-441	57
-914	-648	574
-913	-700	1055
-991	-656	1554
-1008	-738	2006
-1072	-855	2451
-1185	-1157	2883
-1141	-1050	3336
-1195	-1157	3795
-1160	-881	4237
-1304	-1225	4575
-1237	-781	4872
-1175	-661	5163
-1176	-748	5462
-996	-793	5754
-743	-418	5992
-327	-626	6144
-371	-545	6283
103	-418	6351
177	-983	6466
545	-1606	6610
1024	-2620	6662
1057	-3239	6729
1279	-2646	6814
1606	-2591	6913
1635	-3633	6921
1856	-3526	6928
1908	-2782	6960
1619	-2380	6909
1381	-2046	6824
1059	-1008	6628
926	-136	6435
739	53	6230
367	347	6012
273	680	5669
496	1223	5282
955	1878	4824
1266	2319	4338
1427	2416	3858
1569	2357	3433
1668	2377	2992
1870	1876	2508
1980	1216	1943
1915	506	1348
1653	8	742
1342	28	80
694	545	-541
15	928	-1235
-519	937	-2017
-759	735	-2832
-859	573	-3670
-1035	551	-4380
-1483	522	-4876
-1716	616	-5072
-1536	1077	-5109
-1361	1752	-5100
-1426	1420	-5154
-1301	832	-5207
-786	387	-5229
377	509	-5444
1021	460	-5751
549	-4	-6018
-272	-274	-6107
-409	206	-6089
-243	1216	-6031
-122	2076	-6001
-96	2489	-6042
-122	2597	-6091
-85	2599	-6147
98	2456	-6195
231	2203	-6162
294	2234	-6104
283	2353	-5984
245	2365	-5905
92	2304	-5844
385	1818	-5891
701	1440	-5860
609	1140	-5512
601	135	-5154
713	-2077	-4878
1333	-3364	-4788
843	-2884	-4864
870	-975	-4846
326	247	-4455
-233	257	-3893
-542	615	-3408
-697	177	-2982
-987	-56	-2511
-1166	22	-2175
-1038	568	-1933
-1143	688	-1685
-1156	617	-1434
-1240	659	-1072
-1237	506	-721
-1287	595	-381
-1345	707	28
-1181	719	399
-1132	608	823
-996	244	1206
-868	-57	1660
-673	-754	2108
-410	-828	2526
-334	-1741	3045
-39	-2466	3541
33	-2998	4091
33	-3447	4595
238	-3418	5019
170	-3494	5395
417	-2916	5699
367	-2929	5947
557	-2373	6092
626	-1841	6121
733	-1635	6113
856	-1693	6065
777	-857	6065
565	-326	5969
549	-428	5874
1057	-580	5747
1588	-355	5828
1558	-282	5978
1214	-687	6081
1428	-930	6046
1182	-1342	5994
1141	-1443	5788
1302	-1051	5642
1305	-1201	5590
1451	-776	5408
1394	-562	5099
1230	-454	4735
1138	-62	4311
961	327	3909
936	560	3474
814	584	3039
729	438	2568
587	283	2080
427	-11	1570
554	-266	997
818	-219	373
979	243	-272
985	847	-883
873	1326	-1515
738	1590	-2169
494	1890	-2804
158	2085	-3372
-185	2133	-3834
-443	1972	-4144
-641	1757	-4318
-742	1393	-4429
-744	922	-4485
-746	407	-4486
-673	30	-4496
-508	-215	-4523
-360	-268	-4551
-302	-74	-4605
-314	139	-4664
-368	374	-4732
-385	636	-4819
-329	756	-4900
-341	691	-4964
-223	781	-5015
-159	860	-5072
-209	903	-5129
-145	1091	-5183
-203	1248	-5237
-71	1314	-5307
231	1883	-5361
492	2552	-5274
62	2630	-4955
572	2114	-4694
414	142	-4573
375	-639	-4542
381	165	-4631
704	647	-4604
850	1336	-4634
153	1776	-4425
411	1694	-4142
365	695	-3891
71	-347	-3749
98	-767	-3779
250	-832	-3819
207	-664	-3822
65	-373	-3631
-61	-182	-3293
-145	-104	-2863
-162	-57	-2374
-170	157	-1780
-269	244	-1074
-266	196	-356
-311	233	342
-439	72	1023
-451	-6	1597
-443	-156	2143
-498	-494	2592
-474	-428	2995
-570	-753	3461
-628	-805	3974
-812	-1359	4482
-777	-1381	4969
-483	-1174	5423
-557	-1198	5789
-468	-1107	6080
-632	-1029	6365
-629	-1062	6723
-342	-1952	7102
69	-2205	7381
196	-2325	7518
207	-2263	7522
329	-2060	7364
354	-2183	7207
543	-1947	7063
940	-1765	6908
1289	-1988	6728
1249	-2111	6575
1262	-1708	6383
1327	-1147	6072
1587	-581	5777
1524	-366	5436
1342	-78	5143
1391	126	4820
1445	101	4497
1461	139	4123
1272	6	3698
1158	34	3283
1210	61	2787
1296	51	2265
1360	219	1710
1394	179	1115
1733	-22	438
1896	220	-253
1728	1029	-926
1454	2002	-1575
1144	2769	-2217
772	2868	-2857
384	2265	-3456
453	1333	-3836
426	566	-3973
145	518	-4027
-10	469	-4080
-243	537	-4118
-545	752	-4146
-726	958	-4188
-928	1077	-4175
-1024	1174	-4131
-1040	1103	-4085
-1066	861	-4065
-1043	665	-4056
-928	588	-4055
-801	593	-4082
-760	624	-4091
-722	625	-4090
-707	472	-4129
-846	348	-4254
-849	471	-4479
-690	550	-4734
-471	954	-4864
-339	1886	-4894
-30	2591	-4812
127	2483	-4677
0	1504	-4638
-494	736	-4577
-34	1181	-4639
-45	1075	-4719
-189	403	-4735
14	578	-4642
347	1447	-4526
139	1988	-4363
-100	1641	-4247
-278	710	-4015
-200	23	-3781
-222	-411	-3668
-284	-231	-3554
-300	-543	-3417
-392	-584	-3226
-562	-451	-2940
-666	-238	-2536
-829	-167	-2150
-907	-50	-1697
-941	87	-1171
-1011	224	-625
-1092	396	49
-1052	225	702
-995	341	1339
-903	208	1961
-901	-1	2476
-745	-132	3014
-586	-788	3563
-269	-1074	4077
-215	-1784	4576
-170	-2029	5025
-80	-2408	5478
-156	-2771	5875
197	-2346	6248
305	-2516	6621
542	-2197	6832
743	-2319	6891
667	-2571	6852
727	-2612	6569
491	-2203	6322
624	-1716	6116
1057	-1240	6039
1281	-1190	6035
1256	-1677	6137
1478	-1629	6184
1425	-2106	6066
1446	-2264	5949
1469	-2339	5841
1307	-2524	5715
1271	-2375	5565
1307	-2012	5392
1318	-1326	5256
1478	-642	5081
1650	32	4874
1910	401	4528
1987	920	3985
2024	1526	3442
2100	1856	2934
2041	2098	2423
1746	2430	1937
1359	2700	1448
1110	3088	928
695	3455	347
96	3473	-291
-447	3192	-1004
-856	2536	-1779
-1149	1791	-2587
-1420	1370	-3278
-1698	1218	-3743
-1809	1242	-3876
-1481	1576	-3860
-937	2163	-3921
-934	2478	-4142
-1225	2449	-4415
-1415	2394	-4625
-784	1932	-4770
379	1498	-4994
1008	1061	-5302
394	285	-5517
-207	-383	-5616
-12	-568	-5612
197	-696	-5596
125	-658	-5568
-38	-499	-5574
-93	-197	-5610
-149	159	-5678
-251	649	-5778
-355	1002	-5845
-569	1182	-5877
-736	1715	-5895
-244	2389	-5984
637	3177	-5985
791	3275	-5600
760	2646	-5165
108	485	-4848
151	-283	-4598
24	-518	-4637
617	-185	-4665
283	60	-4682
-121	422	-4418
37	845	-4156
-274	-187	-3787
-571	-514	-3379
-793	-496	-3087
-920	-253	-2766
-1205	-44	-2477
-1434	313	-2136
-1576	472	-1731
-1783	340	-1339
-1968	516	-892
-2059	720	-415
-2239	815	117
-2226	827	625
-2227	1029	1116
-2053	695	1545
-1907	507	1952
-1664	52	2445
-1402	-359	2932
-983	-923	3488
-656	-1364	4026
-215	-1540	4509
-74	-2065	4966
161	-1961	5352
539	-1867	5812
859	-2037	6335
1120	-2405	6774
1071	-2849	7108
1799	-2999	7203
1866	-3288	7234
2083	-3159	7167
2098	-3175	6967
2071	-3280	6774
1870	-3584	6705
1781	-3442	6634
1523	-3361	6570
1233	-3338	6586
1182	-3210	6524
1168	-2835	6325
987	-2634	6127
877	-2175	5910
857	-1201	5698
947	-351	5526
734	254	5321
679	1005	4971
926	1753	4513
1237	2415	3891
1337	2666	3220
1308	2447	2556
1303	1868	1940
1294	1249	1406
1443	435	838
1688	-397	155
1727	-933	-559
1639	-832	-1244
1291	-265	-1912
935	336	-2612
565	731	-3345
260	889	-4046
-114	1104	-4615
-374	1335	-5014
-499	1467	-5163
-389	1437	-5166
-60	1464	-5091
293	1261	-5036
577	833	-4991
503	441	-4951
115	72	-4914
-198	-344	-4860
-213	-535	-4788
-202	-556	-4702
-288	-583	-4605
-399	-480	-4519
-460	-98	-4488
-487	403	-4556
-619	703	-4682
-728	848	-4901
-834	870	-5100
-758	711	-5293
-869	670	-5466
-1075	1264	-5514
-654	2732	-5252
-129	4059	-4877
401	3870	-4674
161	2501	-4794
-516	1560	-4917
11	1803	-5131
601	2128	-5226
876	1230	-5046
574	375	-5010
474	632	-5058
647	644	-5065
762	139	-4952
954	-126	-4713
663	-771	-4442
295	-1329	-4238
228	-1281	-4007
132	-983	-3700
19	-744	-3286
-157	-614	-2795
-321	-249	-2255
-455	-156	-1663
-715	-284	-1030
-844	-397	-367
-871	-414	286
