0
0
8
8
-8
-8
-24
-24
-32
-32
-54
-54
-76
-76
-93
-93
-93
-93
-76
-76
-59
-59
-42
-42
-36
-36
-32
-32
-36
-36
-54
-54
-63
-63
-50
-50
-18
-18
11
11
56
56
104
104
138
138
180
180
204
204
251
251
289
289
321
321
371
371
406
406
448
448
503
503
555
555
593
593
639
639
664
664
676
676
685
685
648
648
641
641
596
596
550
550
490
490
449
449
425
425
402
402
392
392
382
382
349
349
308
308
286
286
275
275
272
272
231
231
205
205
168
168
158
158
135
135
116
116
56
56
-17
-17
-90
-90
-177
-279
-361
-427
-462
-492
-519
-525
-515
-517
-487
-467
-420
-405
-377
-374
-347
-321
-306
-306
-256
-225
-196
-187
-187
-197
-211
-267
-328
-362
-381
-399
-409
-434
-441
-463
-452
-456
-453
-417
-390
-392
-362
-326
-318
-323
-328
-317
-317
-309
-295
-273
-261
-252
-233
-202
-166
-129
-108
-77
-41
2
51
97
136
172
198
208
215
219
220
255
271
299
364
439
498
590
723
857
851
761
663
522
497
580
731
954
1229
1443
1624
1790
1927
1987
1972
1912
1790
1663
1574
1537
1525
1543
1587
1685
1777
1891
1997
2073
2100
2093
2061
1978
1896
1794
1637
1469
1349
1286
1255
1197
1115
995
882
778
691
553
380
213
102
49
11
-38
-112
-179
-206
-150
-107
-81
-36
-42
-27
28
124
252
379
477
582
710
852
987
1139
1274
1431
1549
1677
1825
1942
2040
2102
2155
2180
2185
2166
2131
2064
1948
1786
1605
1422
1231
1043
879
738
678
715
810
926
1031
1085
1119
1202
1353
1605
1929
2173
2305
2234
1923
1444
921
445
34
-347
-688
-1003
-1300
-1572
-1774
-1998
-2228
-2353
-2328
-2179
-1969
-1814
-1655
-1480
-1281
-1130
-1032
-910
-793
-672
-554
-415
-290
-135
14
135
246
321
369
424
520
670
836
1008
1176
1308
1425
1514
1590
1622
1604
1543
1440
1322
1184
1026
885
804
746
718
712
757
797
784
751
703
668
667
636
573
488
342
178
-42
-259
-493
-707
-922
-1124
-1314
-1428
-1529
-1601
-1644
-1610
-1544
-1457
-1357
-1201
-1054
-898
-795
-786
-865
-1025
-1270
-1572
-1875
-2187
-2552
-2871
-3200
-3504
-3783
-4057
-4347
-4650
-4997
-5336
-5680
-6006
-6325
-6630
-6942
-7237
-7536
-7820
-8074
-8305
-8499
-8630
-8742
-8777
-8805
-8824
-8857
-8889
-8936
-8984
-9072
-9166
-9305
-9543
-9771
-10024
-10330
-10671
-11055
-11392
-11794
-12220
-12665
-13077
-13432
-13704
-13967
-14211
-14485
-14760
-15052
-15380
-15670
-15980
-16265
-16532
-16771
-17054
-17381
-17709
-18063
-18441
-18833
-19250
-19620
-19918
-20177
-20375
-20498
-20632
-20756
-20934
-21077
-21235
-21410
-21571
-21683
-21832
-21952
-21971
-21961
-21929
-21930
-21944
-21915
-21785
-21666
-21505
-21363
-21220
-20976
-20702
-20355
-19951
-19518
-19033
-18496
-17843
-17106
-16298
-15493
-14877
-14193
-13340
-12487
-11634
-10796
-10032
-9254
-8458
-7663
-6852
-6124
-5480
-4848
-4262
-3750
-3265
-2791
-2330
-1919
-1526
-1156
-780
-453
-172
48
319
638
1071
1572
2119
2549
2914
3306
3730
4125
4458
4711
4934
5118
5252
5384
5441
5490
5504
5494
5465
5454
5399
5348
5320
5302
5285
5280
5335
5443
5593
5726
5868
6037
6236
6431
6607
6805
7011
7259
7481
7715
7990
8313
8665
8963
9221
9452
9703
9942
10184
10454
10754
11111
11464
11844
12275
12731
13178
13557
13962
14354
14763
15168
15575
16029
16495
16941
17350
17801
18241
18643
19021
19423
19864
20315
20812
21421
22091
22568
22955
23426
24235
25782
27466
28747
29665
30174
30347
30472
30418
30018
29434
28746
28007
27225
26436
25656
24888
24155
23386
22519
21586
20538
19400
18212
16951
15585
14076
12450
10806
9140
7492
5855
4286
2875
1604
427
-737
-1773
-2490
-2879
-2985
-2936
-2889
-3000
-3453
-4245
-5495
-7024
-8723
-10456
-12219
-13937
-15609
-17084
-18458
-19747
-20978
-22191
-23347
-24397
-25335
-26100
-26687
-27166
-27452
-27536
-27385
-27005
-26385
-25644
-24994
-24469
-24300
-24437
-24933
-25760
-26703
-27697
-28638
-29332
-29779
-29896
-29769
-29326
-28687
-27891
-26936
-25832
-24710
-23776
-23034
-22499
-22268
-22192
-22157
-21984
-21491
-20792
-19955
-19064
-18146
-17217
-16269
-15376
-14467
-13471
-12446
-11436
-10406
-9458
-8598
-7804
-7024
-6301
-5667
-5009
-4335
-3707
-3159
-2744
-2539
-2394
-2228
-1987
-1659
-1235
-823
-377
48
441
838
1330
1854
2437
3020
3641
4271
4912
5547
6113
6463
6766
7078
7401
7832
8304
8765
9251
9745
10189
10621
11042
11448
11816
12144
12394
12605
12779
12966
13178
13387
13625
13886
14162
14567
15046
15554
16088
16602
17109
17588
18127
18689
19221
19736
20246
20713
21078
21445
21853
22292
22885
23563
24182
24733
25266
25695
25987
26291
26543
26671
26795
26929
27041
27159
27199
27159
26968
26618
26115
25475
24674
23726
22585
21323
19946
18469
16938
15417
13891
12283
10647
8921
7131
5433
3768
2059
258
-1517
-3189
-4654
-6083
-7522
-9061
-10694
-12359
-14005
-15621
-17234
-18842
-20434
-22015
-23609
-25138
-26625
-27946
-29156
-30198
-31034
-31668
-32121
-32475
-32704
-32879
-32873
-32740
-32560
-32348
-32100
-31935
-31846
-31769
-31693
-31580
-31310
-30984
-30666
-30200
-29603
-28887
-27992
-27013
-25780
-24404
-22942
-21523
-19989
-18309
-16589
-14883
-13343
-11964
-10854
-9988
-9238
-8544
-8029
-7599
-7215
-6836
-6316
-5650
-4855
-3863
-2893
-2003
-1176
-565
-82
354
721
1020
1284
1507
1720
1960
2281
2647
3124
3650
4224
4849
5443
5974
6543
7185
7917
8719
9389
9927
10361
10691
10978
11250
11610
12099
12671
13356
14076
14794
15505
16175
16791
17404
17941
18499
19110
19726
20392
21145
21899
22669
23489
24434
25497
26680
27842
28894
29903
30731
31213
31431
31397
31159
30856
30559
30283
30112
29949
29691
29400
28986
28419
27679
26780
25788
24762
23643
22442
21178
19825
18357
16737
14962
13006
10879
8613
6258
3824
1379
-979
-3300
-5633
-8023
-10441
-12983
-15537
-18026
-20428
-22728
-24860
-26751
-28404
-29668
-30664
-31384
-31984
-32691
-33379
-34070
-34659
-35066
-35323
-35430
-35415
-35222
-34973
-34675
-34378
-34114
-33802
-33356
-32775
-32109
-31380
-30441
-29250
-27859
-26177
-24341
-22588
-20954
-19450
-18031
-16644
-15279
-14073
-12961
-11918
-10868
-9860
-8893
-8064
-7296
-6544
-5788
-5109
-4464
-3857
-3312
-2830
-2369
-1884
-1329
-755
-81
640
1350
2028
2627
3201
3775
4226
4598
4884
5186
5552
5951
6378
6873
7420
8004
8648
9328
9986
10719
11459
12178
12877
13486
14064
14667
15315
15949
16573
17197
17765
18333
18899
19420
19946
20439
20956
21528
22080
22670
23323
23958
24657
25368
26048
26697
27319
27837
28300
28537
28566
28474
28298
28035
27780
27490
27140
26681
26102
25435
24635
23723
22745
21715
20575
19301
17926
16294
14495
12503
10368
8135
5860
3591
1380
-852
-3105
-5372
-7627
-9810
-12005
-14191
-16245
-18138
-19849
-21452
-22899
-24235
-25484
-26673
-27844
-28880
-29815
-30624
-31355
-32142
-32896
-33621
-34361
-34912
-35330
-35539
-35524
-35403
-35131
-34776
-34346
-33777
-32950
-31857
-30438
-28790
-26943
-25034
-23087
-21086
-19162
-17217
-15396
-13704
-11995
-10435
-8971
-7747
-6688
-5770
-5042
-4474
-4042
-3713
-3532
-3448
-3372
-3234
-3107
-2918
-2633
-2302
-1862
-1379
-802
-167
491
1124
1747
2333
2862
3406
3975
4561
5143
5787
6446
7189
7958
8740
9509
10293
11082
11870
12619
13358
14103
14871
15692
16620
17622
18748
19936
21161
22404
23623
24745
25633
26271
26601
26717
26727
26727
26707
26724
26845
27012
27248
27567
27938
28418
29077
29997
30993
31860
32550
32962
32940
32482
31600
30390
28846
27143
25248
23278
21281
19235
17147
15101
13145
11247
9336
7563
5924
4315
2678
913
-1014
-3085
-5204
-7373
-9505
-11615
-13664
-15652
-17595
-19443
-21263
-23075
-24855
-26610
-28311
-29942
-31517
-32856
-33977
-34890
-35586
-36101
-36368
-36390
-36261
-35966
-35629
-35182
-34682
-34191
-33679
-33191
-32524
-31613
-30540
-29282
-27901
-26493
-25062
-23559
-21917
-20159
-18396
-16551
-14617
-12803
-11174
-9704
-8386
-7242
-6253
-5527
-4909
-4358
-3849
-3343
-2842
-2377
-2008
-1672
-1255
-714
-70
643
1382
2065
2732
3365
4077
4847
5644
6489
7319
8136
8890
9574
10203
10801
11367
11919
12469
13049
13644
14249
14862
15497
16164
16855
17556
18278
19002
19727
20439
21094
21729
22356
22980
23625
24273
24883
25457
25975
26495
27072
27496
27750
27859
27894
28082
28459
28940
29516
30089
30473
30655
30605
30419
29990
29337
28419
27339
25885
24204
22271
20174
18049
15952
13874
11871
9942
8102
6327
4565
2763
790
-1396
-3739
-6155
-8469
-10694
-12882
-15061
-17127
-19051
-20719
-22196
-23677
-25203
-26676
-28098
-29457
-30772
-31989
-33094
-34045
-34798
-35276
-35580
-35709
-35622
-35396
-35065
-34650
-34177
-33769
-33363
-32899
-32358
-31799
-31132
-30369
-29426
-28282
-26877
-25275
-23439
-21510
-19634
-17944
-16489
-15179
-14023
-13119
-12246
-11348
-10505
-9702
-8914
-8184
-7385
-6475
-5505
-4450
-3460
-2645
-1985
-1350
-669
99
949
1825
2728
3638
4489
5253
5904
6472
6987
7482
7985
8497
9057
9645
10253
10903
11602
12304
13002
13681
14292
14851
15361
15821
16263
16738
17251
17801
18409
19042
19729
20411
21077
21746
22337
22811
23124
23291
23462
23659
23813
23952
24043
24076
24137
24192
24378
24683
25024
25356
25607
25635
25531
25310
24849
24193
23394
22465
21407
20221
18944
17673
16497
15320
14088
12834
11530
10123
8592
7013
5271
3324
1226
-977
-3007
-4976
-7006
-9026
-11049
-13117
-15109
-17093
-19074
-20910
-22615
-24291
-25898
-27353
-28714
-29928
-30920
-31777
-32496
-33087
-33525
-33860
-34013
-33972
-33712
-33308
-32765
-32227
-31638
-31065
-30500
-29964
-29321
-28562
-27713
-26910
-26115
-25283
-24432
-23423
-22244
-20962
-19598
-18233
-16918
-15580
-14310
-13196
-12262
-11381
-10494
-9642
-8899
-8255
-7666
-7038
-6340
-5639
-4856
-4132
-3437
-2729
-2051
-1313
-621
-5
586
1076
1636
2265
2897
3560
4189
4833
5459
6085
6743
7455
8180
8957
9747
10549
11420
12430
13514
14720
15940
17088
18197
19247
20281
21303
22300
23276
24190
25045
25848
26581
27219
27772
28249
28660
28999
29259
29504
29708
29947
30173
30316
30316
30257
30140
30079
30022
29872
29705
29430
28857
28171
27398
26608
25819
25027
24259
23473
22470
21275
19876
18291
16600
14715
12794
10928
9027
7017
5018
3193
1487
-238
-1889
-3489
-4958
-6452
-8005
-9617
-11239
-12851
-14464
-16150
-17787
-19297
-20729
-22007
-23171
-24282
-25368
-26517
-27622
-28687
-29789
-30878
-31837
-32624
-33228
-33642
-33822
-33828
-33726
-33504
-33205
-32846
-32522
-32158
-31751
-31180
-30501
-29655
-28673
-27609
-26636
-25499
-24181
-22585
-20734
-18854
-16955
-15202
-13654
-12164
-10807
-9616
-8555
-7630
-6891
-6305
-5766
-5207
-4684
-4208
-3817
-3466
-3083
-2623
-2084
-1463
-782
-10
776
1618
2492
3291
4063
4871
5697
6502
7368
8194
9028
9912
10770
11605
12490
13396
14300
15270
16272
17313
18298
19155
19893
20502
21060
21599
22106
22561
22979
23380
23788
24237
24732
25219
25773
26332
26906
27573
28302
29085
29889
30534
31071
31423
31572
31515
31344
30901
30373
29796
29072
28311
27405
26428
25434
24371
23222
22017
20773
19504
18206
16850
15412
13961
12405
10787
9097
7389
5765
4141
2592
1112
-470
-2235
-4012
-5704
-7381
-9108
-10785
-12413
-14139
-15954
-17886
-19832
-21770
-23579
-25294
-26916
-28469
-29960
-31407
-32701
-33816
-34702
-35409
-35859
-36024
-35945
-35658
-35189
-34758
-34377
-34001
-33553
-33091
-32608
-32033
-31316
-30562
-29829
-28938
-27942
-26791
-25432
-23931
-22317
-20601
-18879
-17130
-15541
-14075
-12695
-11436
-10227
-9088
-8053
-7091
-6278
-5499
-4721
-4090
-3555
-3182
-2959
-2620
-2164
-1614
-1034
-488
123
745
1414
2120
2790
3394
4045
4725
5422
6174
6900
7597
8284
8960
9666
10355
11020
11699
12407
13120
13846
14569
15279
15993
16708
17418
18108
18791
19493
20184
20882
21583
22294
23047
23809
24600
25417
26229
27059
27794
28450
28946
29265
29435
29480
29396
29260
29196
29291
29460
29613
29662
29578
29294
28657
27819
26868
25815
24667
23412
21932
20232
18290
16207
14002
11630
9328
7197
5240
3481
1950
510
-907
-2165
-3454
-4664
-5896
-7311
-8847
-10602
-12525
-14474
-16512
-18510
-20630
-22844
-24977
-27045
-29087
-31052
-32890
-34559
-36001
-37221
-38119
-38729
-39093
-39111
-38860
-38291
-37464
-36596
-35797
-35172
-34587
-33959
-33160
-32120
-30868
-29522
-28137
-26738
-25313
-23838
-22219
-20478
-18602
-16675
-14765
-12965
-11283
-9814
-8547
-7484
-6533
-5689
-4900
-4331
-3909
-3542
-3299
-3042
-2788
-2526
-2198
-1874
-1510
-1112
-703
-315
119
569
1113
1717
2386
3115
3917
4813
5756
6690
7523
8344
9050
9737
10429
11111
11860
12638
13442
14259
15086
15900
16756
17559
18330
19066
19785
20479
21200
21931
22712
23554
24423
25253
26031
26693
27290
27766
28166
28548
28862
29097
29400
29865
30540
31070
31326
31367
31216
30943
30603
30111
29491
28772
27918
26873
25680
24344
22935
21419
19828
18137
16302
14347
12300
10265
8192
6050
3971
1893
-146
-2195
-4292
-6391
-8422
-10407
-12231
-14000
-15601
-17192
-18885
-20558
-22278
-23925
-25557
-27186
-28709
-30127
-31379
-32498
-33471
-34294
-34942
-35488
-35850
-36114
-36190
-36113
-35983
-35749
-35493
-35226
-34849
-34387
-33703
-32524
-30895
-28817
-26438
-24096
-22010
-20399
-19271
-18402
-17695
-16999
-16242
-15444
-14574
-13635
-12673
-11752
-10875
-9955
-8986
-7993
-6956
-5942
-5035
-4231
-3454
-2729
-2115
-1589
-1074
-631
-234
198
608
1030
1517
2062
2643
3259
3892
4631
5446
6311
7284
8265
9214
10089
10898
11661
12431
13199
13991
14781
15581
16399
17323
18245
19227
20202
21127
22022
22933
23814
24723
25620
26489
27414
28274
29040
29725
30227
30551
30806
31017
31257
31559
31879
32228
32494
32640
32645
32484
32261
31844
31220
30253
29100
27815
26494
25190
23836
22511
21200
19776
18238
16632
14870
12999
11046
9036
6866
4728
2607
537
-1448
-3478
-5460
-7434
-9396
-11232
-12926
-14499
-15939
-17414
-18948
-20537
-22214
-23833
-25451
-27039
-28493
-29851
-31207
-32472
-33629
-34691
-35567
-36295
-36892
-37270
-37450
-37449
-37335
-37065
-36722
-36244
-35584
-34858
-34064
-33110
-32167
-31075
-29876
-28608
-27171
-25666
-24091
-22493
-20813
-19085
-17268
-15574
-13974
-12473
-11116
-9874
-8711
-7538
-6461
-5452
-4568
-3868
-3200
-2588
-2069
-1665
-1347
-1015
-596
-173
306
824
1335
1866
2418
2959
3557
4117
4710
5298
5873
6454
7061
7727
8410
9151
9955
10722
11511
12287
13048
13842
14616
15419
16236
17083
17858
18583
19272
19968
20620
21189
21721
22251
22817
23436
24085
24746
25505
26260
26992
27713
28313
28756
29106
29271
29362
29390
29274
29132
28995
28803
28496
28069
27538
26991
26356
25666
24885
24022
23067
22032
20904
19590
18089
16425
14586
12493
10288
8026
5719
3534
1519
-373
-2290
-4075
-5735
-7359
-9002
-10755
-12516
-14328
-16199
-18040
-19905
-21753
-23550
-25298
-26966
-28511
-29940
-31218
-32417
-33441
-34208
-34661
-34930
-34990
-34848
-34573
-34164
-33665
-33062
-32580
-32106
-31679
-31105
-30412
-29579
-28744
-27871
-26820
-25593
-24136
-22446
-20566
-18700
-16936
-15235
-13672
-12284
-11096
-10078
-9148
-8340
-7640
-7075
-6559
-6090
-5577
-5093
-4696
-4414
-4101
-3729
-3303
-2837
-2262
-1665
-1029
-426
195
846
1463
2051
2625
3260
3975
4724
5473
6170
6880
7560
8256
8960
9651
10395
11149
11945
12733
13547
14378
15212
16011
16774
17510
18231
18890
19595
20293
21000
21739
22429
22990
23407
23860
24631
26092
27826
29537
31059
32215
32923
33381
33697
33905
33801
33363
32830
32197
31510
30753
29896
29091
28385
27721
27087
26375
25585
24633
23442
22042
20435
18659
16687
14614
12560
10475
8324
6173
3933
1739
-509
-2848
-5195
-7475
-9739
-11885
-13977
-15873
-17660
-19409
-21054
-22634
-24222
-25777
-27324
-28827
-30275
-31664
-32865
-33900
-34736
-35382
-35882
-36320
-36676
-36929
-37095
-37043
-36836
-36426
-35912
-35305
-34599
-33706
-32639
-31460
-30237
-29009
-27786
-26524
-25143
-23640
-22007
-20278
-18557
-16878
-15279
-13835
-12594
-11549
-10603
-9741
-8970
-8213
-7447
-6635
-5732
-4763
-3808
-2940
-2227
-1578
-991
-437
137
635
1119
1604
2077
2589
3153
3690
4296
4944
5555
6201
6857
7502
8137
8733
9327
9947
10622
11356
12169
13049
13952
14890
15760
16599
17389
18095
18716
19342
19944
20558
21188
21811
22437
23053
23597
24102
24560
25017
25536
26153
26863
27791
28825
30057
31396
32636
33716
34536
34748
34439
33705
32583
31338
30037
28806
27685
26540
25284
24008
22898
22008
21381
20833
20053
18925
17445
15673
13801
11988
10126
8238
6232
4102
1885
-256
-2405
-4816
-7296
-9638
-11815
-13800
-15570
-17266
-18908
-20556
-22331
-24053
-25625
-27157
-28568
-29936
-31167
-32293
-33169
-33808
-34297
-34597
-34768
-34695
-34478
-34301
-34151
-34050
-33958
-33869
-33777
-33649
-33385
-33032
-32504
-31747
-30666
-29444
-28090
-26591
-24873
-23036
-21071
-19102
-17205
-15467
-13820
-12232
-10782
-9500
-8471
-7658
-6949
-6312
-5564
-4872
-4300
-3815
-3395
-2936
-2463
-1988
-1463
-929
-373
198
731
1308
1892
2442
3019
3684
4401
5174
5967
6735
7484
8254
9055
9887
10729
11520
12338
13132
13910
14728
15580
16368
17137
17852
18502
19125
19707
20279
20864
21419
21907
22386
22857
23409
23984
24608
25286
25997
26744
27599
28375
29037
29519
29909
30289
30587
30809
30918
30765
30343
29668
28762
27845
26939
25977
25043
24106
23118
22006
20765
19410
17901
16315
14577
12675
10597
8437
6236
3983
1684
-529
-2675
-4867
-7030
-9228
-11545
-13813
-16007
-18094
-20070
-21990
-23758
-25492
-27217
-28849
-30357
-31688
-32796
-33684
-34254
-34465
-34406
-34262
-34133
-34041
-34087
-34301
-34600
-34982
-35297
-35547
-35562
-35193
-34465
-33277
-31969
-30548
-28885
-26942
-24844
-22678
-20326
-17960
-15717
-13652
-11947
-10432
-9097
-8033
-7256
-6753
-6457
-6330
-6312
-6255
-6106
-6004
-5906
-5688
-5456
-5233
-4871
-4328
-3569
-2643
-1604
-559
460
1432
2343
3170
3859
4423
4879
5277
5706
6139
6530
6900
7292
7660
8046
8533
9119
9736
10309
10776
11178
11560
11973
12416
12854
13301
13866
14628
15578
16667
17862
19087
20351
21581
22764
23849
24769
25558
26304
27037
27773
28504
29177
29744
30224
30578
30828
30871
30696
30336
29705
28906
27949
26925
26033
25295
24706
24136
23472
22734
21877
20883
19724
18461
17187
15907
14578
13191
11740
10166
8505
6739
4865
2886
787
-1332
-3512
-5710
-7932
-10231
-12518
-14769
-17005
-19163
-21268
-23308
-25209
-27021
-28714
-30223
-31524
-32650
-33773
-34773
-35604
-36350
-36818
-37142
-37156
-36970
-36675
-36155
-35428
-34552
-33531
-32476
-31349
-30173
-28994
-27798
-26633
-25453
-24234
-22936
-21480
-19766
-17845
-15883
-13970
-12337
-10934
-9701
-8699
-7853
-7110
-6435
-5794
-5127
-4426
-3729
-3100
-2600
-2240
-1891
-1540
-1174
-746
-231
343
1006
1671
2361
3059
3696
4345
4996
5650
6339
6987
7620
8198
8731
9252
9823
10408
11135
12043
13011
13957
14836
15549
16164
16725
17191
17656
18148
18666
19206
19770
20320
20838
21243
21597
21973
22314
22696
23109
23553
24098
24656
25189
25822
26521
27277
28065
28791
29457
30050
30456
30706
30778
30581
30307
30038
29627
29017
28070
26822
25200
23355
21329
19153
16870
14572
12296
10124
8080
6048
4084
2165
223
-1656
-3543
-5469
-7446
-9440
-11337
-13081
-14607
-15814
-16872
-17847
-18860
-19925
-21079
-22279
-23465
-24675
-25928
-27189
-28430
-29655
-30828
-31989
-33000
-33828
-34417
-34699
-34787
-34685
-34444
-34198
-33942
-33600
-33056
-32245
-31380
-30510
-29587
-28598
-27464
-26123
-24599
-23061
-21609
-20290
-18992
-17825
-16842
-16028
-15289
-14326
-13029
-11490
-9764
-8145
-6705
-5343
-4264
-3428
-2775
-2225
-1695
-1186
-726
-236
243
762
1306
1798
2250
2681
3132
3653
4251
4928
5713
6491
7289
8131
9000
9939
10897
11864
12850
13831
14791
15707
16566
17445
18369
19385
20484
21631
22842
24069
25342
26509
27430
28078
28514
28763
28868
28749
28541
28304
27983
27763
27646
27619
27675
27823
28055
28415
28837
29239
29606
29888
30013
29996
29768
29283
28529
27521
26317
24864
23293
21625
19941
18256
16535
14817
13026
11279
9486
7625
5671
3754
1833
10
-1688
-3439
-5396
-7417
-9433
-11359
-13329
-15313
-17285
-19322
-21337
-23349
-25330
-27152
-28929
-30624
-32251
-33798
-35168
-36235
-36944
-37295
-37389
-37342
-37192
-37027
-36821
-36650
-36585
-36571
-36582
-36523
-36247
-35611
-34496
-33030
-31343
-29448
-27518
-25627
-23778
-21916
-20034
-18256
-16633
-15130
-13793
-12642
-11723
-11020
-10377
-9751
-9066
-8374
-7738
-7117
-6508
-5910
-5351
-4822
-4256
-3674
-3049
-2403
-1743
-1063
-386
284
993
1681
2457
3305
4225
5134
5972
6735
7370
7910
8349
8712
8975
9161
9290
9474
9808
10289
10949
11814
12834
14056
15397
16686
17922
19102
20263
21465
22579
23626
24584
25453
26161
26772
27197
27575
27917
28204
28466
28699
28861
28909
28895
28794
28726
28639
28560
28388
28101
27760
27397
26957
26526
26072
25546
24983
24262
23350
22284
21128
19905
18643
17284
15859
14336
12738
11099
9438
7753
6011
4195
2196
20
-2149
-4317
-6505
-8667
-10852
-13013
-15108
-17115
-19043
-20909
-22655
-24278
-25796
-27243
-28621
-29874
-31029
-32013
-32767
-33379
-33862
-34251
-34625
-34901
-35151
-35323
-35402
-35412
-35214
-34743
-34019
-33134
-32154
-31105
-29998
-28697
-27298
-25784
-24055
-22232
-20442
-18755
-17189
-15693
-14249
-12899
-11694
-10622
-9717
-8964
-8368
-7849
-7385
-6902
-6500
-6155
-5761
-5299
-4755
-4150
-3507
-2806
-2123
-1465
-803
-199
367
958
1541
2133
2722
3289
3845
4453
5118
5916
6872
7807
8572
9285
9970
10622
11215
11782
12356
13059
13952
14945
15919
16896
17875
18796
19593
20238
20770
21228
21713
22244
22834
23530
24310
25089
25885
26630
27363
28050
28638
29151
29672
30038
30201
30245
30188
30039
29960
29762
29434
28919
28212
27387
26500
25499
24354
23055
21526
19926
18113
16067
13948
11843
9956
8207
6484
4684
2733
832
-896
-2602
-4398
-6289
-8173
-10083
-11984
-13812
-15637
-17383
-19098
-20817
-22452
-24075
-25620
-27020
-28348
-29510
-30441
-31226
-31753
-32110
-32380
-32571
-32724
-32921
-33066
-33062
-32950
-32759
-32541
-32238
-31866
-31488
-31020
-30445
-29847
-29089
-28088
-26930
-25599
-24107
-22309
-20433
-18571
-16754
-15014
-13213
-11487
-9981
-8622
-7492
-6575
-5867
-5296
-4884
-4588
-4330
-4031
-3736
-3489
-3319
-3223
-3005
-2704
-2350
-1963
-1577
-1128
-617
-101
402
892
1384
1893
2429
3020
3641
4293
4914
5613
6403
7246
8139
9038
9941
10884
11872
12803
13706
14553
15360
16053
16653
17128
17582
18021
18483
18968
19455
19940
20427
20904
21346
21829
22438
23129
23850
24596
25423
26286
27024
27682
28223
28645
28939
28987
28839
28490
27968
27352
26613
25758
24929
24034
23041
22015
20881
19662
18367
16999
15577
14138
12617
11053
9381
7603
5752
3663
1343
-1165
-3757
-6342
-8827
-11325
-13782
-15940
-17848
-19597
-21031
-22237
-23073
-23661
-24022
-24225
-24337
-24487
-24701
-25002
-25406
-25882
-26465
-27138
-27922
-28740
-29527
-30249
-30825
-31091
-31106
-30825
-30257
-29573
-28688
-27642
-26633
-25494
-24113
-22579
-20885
-19204
-17779
-16559
-15638
-14839
-14158
-13607
-13099
-12652
-12195
-11652
-11062
-10389
-9625
-8771
-7873
-6936
-5947
-4863
-3801
-2796
-1838
-882
52
868
1668
2447
3139
3720
4229
4735
5240
5704
6131
6492
6887
7351
7983
8729
9569
10400
11223
12027
12839
13619
14379
15105
15771
16448
17176
17905
18671
19464
20233
21009
21736
22457
23220
23984
24711
25418
26073
26697
27269
27667
27943
28103
28187
28265
28321
28315
28194
27952
27591
27146
26593
26152
25891
25590
25265
24945
24495
23842
22986
21945
20853
19663
18420
17124
15717
14259
12794
11355
10050
8864
7861
7008
6241
5393
4300
3008
1333
-612
-2761
-5102
-7515
-9925
-12369
-14842
-17356
-19864
-22370
-24837
-27174
-29275
-31062
-32461
-33678
-34674
-35387
-35787
-35915
-35867
-35679
-35418
-35140
-34882
-34706
-34710
-34758
-34780
-34845
-34931
-34949
-34770
-34311
-33508
-32386
-30896
-29133
-27149
-25093
-23125
-21281
-19699
-18347
-16992
-15731
-14496
-13406
-12518
-11768
-11122
-10443
-9746
-9063
-8317
-7616
-6984
-6377
-5851
-5267
-4717
-4079
-3430
-2746
-1935
-1124
-292
548
1314
2093
2813
3533
4251
4929
5605
6266
6862
7521
8199
8933
9688
10484
11416
12477
13630
14818
16023
17227
18405
19573
20687
21759
22810
23792
24784
25745
26652
27523
28299
29093
29859
30468
31011
31472
31829
32187
32442
32607
32671
32640
32548
32502
32448
32479
32582
32660
32650
32409
31887
31100
30009
28675
27171
25469
23643
21739
19738
17652
15498
13330
11110
8926
6737
4649
2621
695
-1075
-2779
-4585
-6551
-8569
-10622
-12522
-14248
-15917
-17376
-18737
-20012
-21200
-22373
-23473
-24600
-25810
-27092
-28365
-29670
-30937
-32226
-33380
-34413
-35258
-35957
-36373
-36601
-36535
-36237
-35700
-34944
-34080
-33118
-32098
-31216
-30351
-29476
-28455
-27236
-25817
-24120
-22260
-20285
-18219
-16238
-14352
-12682
-11259
-9996
-8830
-7723
-6708
-5648
-4716
-3828
-2968
-2143
-1465
-888
-369
95
569
1016
1402
1698
1928
2083
2213
2322
2497
2749
3054
3391
3802
4236
4741
5303
5922
6593
7298
8007
8730
9453
10279
11139
12007
12888
13785
14704
15637
16547
17436
18305
19127
19944
20663
21320
21959
22511
23056
23605
24115
24613
25090
25564
26087
26627
27134
27673
28240
28783
29229
29331
29062
28384
27446
26187
24733
23299
22012
20922
20204
19770
19373
18916
18214
17249
15947
14462
12809
11036
9052
6825
4502
2244
108
-1961
-4099
-5945
-7693
-9403
-11096
-12854
-14493
-16053
-17619
-19161
-20779
-22314
-23696
-24958
-26037
-27103
-28198
-29306
-30358
-31286
-32152
-32918
-33510
-33707
-33556
-33056
-32409
-31630
-30815
-30060
-29257
-28366
-27414
-26439
-25415
-24314
-23130
-21798
-20281
-18693
-17082
-15373
-13776
-12319
-11053
-9867
-8815
-7807
-6858
-5992
-5208
-4584
-4091
-3768
-3747
-4021
-4383
-4777
-5121
-5312
-5293
-5097
-4707
-4199
-3450
-2580
-1703
-840
-1
818
1712
2609
3503
4328
5159
6069
7020
7985
8945
9890
10833
11718
12566
13398
14237
15084
15941
16790
17646
18568
19518
20489
21464
22469
23490
24456
25464
26487
27478
28503
29456
30376
31318
32153
32970
33629
34046
34247
34122
33867
33544
33075
32459
31787
30966
29986
28818
27633
26565
25555
24684
23836
22821
21509
19836
17802
15514
13076
10590
8166
5873
3669
1375
-947
-3243
-5554
-7829
-10072
-12401
-14600
-16691
-18678
-20482
-22316
-24097
-25791
-27426
-28922
-30299
-31528
-32520
-33394
-34126
-34652
-34940
-34946
-34718
-34243
-33572
-32812
-32125
-31441
-30643
-29739
-28711
-27573
-26407
-25325
-24541
-23972
-23413
-22784
-22029
-21175
-20263
-19280
-18262
-17225
-16232
-15364
-14519
-13609
-12582
-11589
-10704
-9883
-9023
-8139
-7287
-6475
-5629
-4704
-3786
-2852
-1744
-565
442
1361
2104
2684
3152
3588
4024
4534
5122
5812
6581
7487
8503
9491
10402
11189
11901
12563
13175
13767
14399
15113
15978
16933
17916
18898
19821
20713
21579
22394
23180
23970
24772
25664
26522
27333
28019
28543
28986
29357
29512
29583
29654
29792
29868
29790
29558
29237
28687
28029
27300
26586
25933
25336
24740
24067
23304
22372
21314
20057
18574
16852
14909
12771
10497
8177
5871
3578
1286
-989
-3221
-5361
-7375
-9375
-11400
-13401
-15347
-17186
-19026
-20738
-22422
-24102
-25697
-27162
-28489
-29653
-30726
-31775
-32733
-33608
-34376
-35082
-35606
-35979
-36126
-36065
-35759
-35208
-34485
-33687
-32925
-32189
-31332
-30464
-29508
-28378
-27134
-25823
-24341
-22646
-20758
-18749
-16790
-14886
-13099
-11482
-10075
-8834
-7747
-6813
-6045
-5387
-4814
-4210
-3528
-3015
-2811
-2673
-2430
-2102
-1761
-1325
-876
-412
42
501
975
1467
2006
2562
3199
3895
4662
5490
6355
7236
8128
9059
9998
10953
11901
12863
13813
14772
15680
16527
17314
18113
18836
19504
20149
20778
21414
22080
22741
23397
24069
24806
25597
26313
26985
27631
28292
28984
29729
30554
31517
32674
33967
35121
36002
36364
36158
35508
34446
33094
31543
29800
27895
25899
23877
21906
20042
18236
16503
14839
13284
11722
9939
8064
6187
4192
2075
-115
-2277
-4523
-6762
-9028
-11329
-13590
-15795
-17906
-19992
-22117
-24263
-26397
-28387
-30343
-32156
-33800
-35191
-36466
-37573
-38457
-39046
-39428
-39627
-39623
-39557
-39437
-39327
-39196
-38949
-38669
-38143
-37315
-36147
-34632
-32857
-30749
-28489
-26101
-23522
-20932
-18324
-15784
-13540
-11502
-9927
-8622
-7644
-6928
-6389
-5913
-5469
-5112
-4753
-4365
-3898
-3392
-2867
-2133
-1281
-381
498
1319
2169
3006
3886
4759
5640
6537
7402
8239
9100
10022
10997
12008
13058
14091
15107
16033
16818
17468
17965
18254
18459
18595
18726
18930
19174
19500
19964
20468
21069
21722
22422
23129
23805
24516
25272
25993
26718
27419
28075
28719
29295
29719
30116
30371
30455
30334
30045
29476
28672
27697
26739
25806
24926
24040
23177
22249
21197
20011
18774
17437
15928
14247
12378
10394
8232
5919
3605
1314
-918
-3088
-5219
-7416
-9582
-11721
-13694
-15525
-17273
-18845
-20324
-21762
-23109
-24517
-25874
-27293
-28630
-29886
-31035
-32127
-33204
-34270
-35272
-36086
-36708
-37154
-37498
-37711
-37890
-37896
-37813
-37645
-37312
-36758
-35921
-34905
-33645
-32150
-30348
-28467
-26624
-24869
-23330
-21934
-20721
-19553
-18298
-16945
-15503
-14068
-12731
-11415
-10057
-8720
-7396
-6088
-4866
-3736
-2819
-2178
-1749
-1351
-951
-588
-256
125
545
1074
1663
2287
2908
3605
4410
5264
6082
6919
7771
8616
9445
10266
11092
11963
12853
13712
14590
15504
16454
17510
18659
19891
21214
22576
23950
25327
26658
27912
28982
29899
30733
31410
31990
32514
32971
33464
33918
34246
34495
34549
34485
34243
33761
33113
32281
31333
30300
29238
28217
27235
26299
25350
24325
23165
21854
20341
18683
16978
15174
13141
11053
8804
6403
4083
1895
-319
-2539
-4693
-6692
-8546
-10413
-12412
-14491
-16677
-18737
-20492
-21965
-23213
-24256
-25195
-26025
-26855
-27583
-28173
-28732
-29239
-29786
-30383
-31043
-31881
-32790
-33776
-34648
-35227
-35541
-35519
-35217
-34713
-33916
-32921
-31713
-30319
-28737
-26965
-25074
-23115
-21111
-19165
-17341
-15860
-14545
-13330
-12168
-11026
-9920
-8864
-7823
-6796
-5793
-4840
-3971
-3270
-2745
-2198
-1568
-933
-258
378
977
1520
2036
2479
2914
3383
3881
4511
5193
5904
6609
7400
8229
9118
10047
10969
11893
12865
13819
14742
15641
16487
17254
17982
18666
19379
20117
20771
21392
21920
22453
23089
23813
24538
25184
25677
26072
26320
26574
26814
26888
26861
26685
26467
26142
25718
25253
24812
24392
23956
23550
23125
22578
21927
21228
20378
19301
17886
16182
14222
12254
10254
8331
6489
4619
2729
858
-895
-2492
-4160
-5943
-7768
-9629
-11536
-13614
-15649
-17666
-19623
-21406
-23022
-24459
-25699
-26779
-27753
-28659
-29482
-30268
-31011
-31692
-32232
-32729
-33082
-33326
-33446
-33512
-33486
-33225
-32892
-32347
-31596
-30671
-29641
-28522
-27334
-25988
-24333
-22283
-20091
-17868
-15728
-13727
-11847
-10077
-8289
-6593
-5102
-3748
-2572
-1587
-762
-157
304
564
675
589
492
391
355
409
551
820
1150
1542
2038
2544
3038
3517
4036
4580
5239
6015
6859
7718
8596
9495
10390
11287
12163
13007
13845
14624
15346
16017
16718
17359
17922
18391
18843
19275
19728
20208
20737
21220
21663
22123
22620
23196
23815
24411
24923
25324
25634
25681
25576
25297
24919
24470
23894
23334
22773
22170
21439
20537
19475
18363
17316
16357
15404
14420
13299
12006
10533
8851
7028
5072
3118
1059
-1025
-3136
-5379
-7669
-10027
-12442
-14871
-17327
-19818
-22278
-24513
-26460
-28209
-29836
-31390
-32872
-34224
-35384
-36144
-36622
-36796
-36720
-36369
-35904
-35468
-35091
-34791
-34499
-34102
-33454
-32597
-31371
-29716
-27676
-25185
-22364
-19306
-16377
-13567
-10930
-8549
-6372
-4554
-2970
-1813
-1014
-523
-364
-490
-852
-1278
-1697
-2110
-2395
-2537
-2569
-2550
-2345
-2002
-1617
-1074
-483
171
909
1762
2612
3476
4325
5163
5950
6717
7488
8248
8975
9618
10185
10744
11312
11890
12528
13159
13822
14549
15301
16075
16873
17739
18661
19618
20619
21571
22521
23432
24307
25087
25837
26550
27198
27759
28280
28751
29093
29440
29619
29698
29716
29648
29475
29070
28480
27805
27024
26303
25597
24856
24056
23240
22332
21288
20129
18746
17218
15538
13697
11733
9640
7429
5054
2622
193
-2293
-4659
-6971
-9386
-11893
-14388
-16767
-19006
-21066
-22983
-24830
-26425
-27772
-28893
-29749
-30517
-31150
-31678
-32118
-32551
-33037
-33537
-34083
-34643
-35180
-35622
-35898
-35892
-35491
-34788
-33867
-32735
-31372
-29875
-28107
-26047
-23714
-21132
-18548
-16129
-14097
-12340
-10833
-9676
-8723
-7970
-7301
-6692
-6169
-5689
-5137
-4436
-3598
-2960
-2455
-1965
-1370
-795
-235
322
913
1621
2416
3309
4301
5255
6169
7057
7898
8747
9618
10447
11322
12179
13005
13844
14681
15547
16478
17424
18374
19318
20196
21028
21866
22657
23409
24164
24860
25507
26061
26532
26905
27220
27472
27652
27836
28035
28324
28669
28977
29244
29448
29548
29444
29036
28427
27746
27168
26671
26155
25504
24614
23558
22365
21142
19921
18691
17448
16052
14492
12719
10803
8737
6601
4412
2176
-181
-2645
-5164
-7681
-10081
-12355
-14528
-16600
-18567
-20416
-22155
-23715
-25198
-26583
-27899
-29218
-30544
-31878
-33108
-34235
-35171
-35938
-36599
-37187
-37660
-37956
-38034
-37981
-37707
-37226
-36594
-35706
-34597
-33311
-31815
-30112
-28277
-26492
-24783
-23071
-21356
-19678
-17998
-16264
-14627
-13106
-11808
-10787
-10003
-9316
-8670
-7910
-7096
-6129
-5019
-3844
-2741
-1833
-1016
-161
667
1438
2182
2870
3498
4139
4775
5383
5976
6558
7125
7713
8318
8930
9546
10172
10821
11520
12282
13070
13887
14646
15425
16191
16955
17622
18151
18571
18920
19229
19517
19745
20021
20309
20671
21146
21646
22195
22736
23255
23841
24455
25055
25653
26236
26784
27330
27704
28098
28458
28663
28649
28449
28032
27386
26608
25755
24703
23559
22142
20503
18680
16807
14803
12836
10991
9379
7796
6385
4914
3450
1988
416
-1349
-3349
-5477
-7674
-9956
-12219
-14474
-16697
-18837
-20887
-22844
-24724
-26485
-28101
-29658
-31101
-32404
-33594
-34630
-35559
-36415
-37104
-37580
-37885
-38079
-38043
-37843
-37601
-37194
-36577
-35715
-34497
-33090
-31675
-30086
-28342
-26233
-23739
-21226
-18876
-16738
-14743
-12964
-11515
-10281
-9272
-8433
-7661
-6950
-6273
-5555
-4912
-4241
-3606
-3081
-2562
-2010
-1453
-770
48
913
1784
2618
3444
4249
5008
5773
6534
7283
8038
8777
9475
10175
10884
11637
12408
13252
14114
14997
15868
16808
17900
18914
19661
20325
20984
21603
22144
22648
23188
24147
25425
26642
27697
28565
29126
29404
29413
29308
29131
28922
28762
28580
28408
28228
28100
28005
27860
27751
27606
27357
26972
26363
25505
24460
23202
21801
20230
18604
16922
15214
13451
11632
9608
7534
5343
3026
649
-1681
-3981
-6128
-8087
-9891
-11724
-13541
-15248
-16923
-18564
-20081
-21536
-22934
-24278
-25477
-26540
-27512
-28451
-29308
-30043
-30833
-31704
-32511
-33196
-33803
-34114
-34213
-34135
-33911
-33564
-33010
-32382
-31700
-30970
-30100
-29087
-27967
-26627
-25037
-23120
-21001
-18880
-16858
-15106
-13651
-12533
-11664
-10978
-10404
-9870
-9372
-8924
-8494
-8015
-7529
-7089
-6622
-6078
-5380
-4499
-3562
-2569
-1577
-635
353
1257
2120
2927
3732
4581
5449
6369
7331
8324
9322
10333
11296
12251
13129
13935
14723
15543
16367
17215
18135
19042
19951
20872
21830
22809
23773
24684
25546
26387
27221
28091
28978
29868
30687
31419
32028
32385
32507
32480
32247
31859
31283
30606
29881
29136
28401
27634
26889
26155
25441
24755
24008
23110
21923
20439
18705
16673
14450
12187
9931
7759
5597
3406
1158
-1183
-3795
-6536
-9269
-11842
-14338
-16752
-18931
-20940
-22811
-24444
-25991
-27382
-28728
-29958
-31138
-32119
-32903
-33517
-33959
-34238
-34496
-34699
-34864
-34961
-34921
-34709
-34247
-33484
-32504
-31299
-29850
-28275
-26652
-24923
-23058
-21371
-19797
-18382
-17042
-15877
-14827
-13831
-12986
-12392
-12054
-11892
-11459
-10944
-10709
-10403
-9793
-9059
-8243
-7337
-6413
-5451
-4346
-3191
-1992
-857
279
1422
2480
3479
4424
5274
6048
6742
7409
8112
8819
9539
10328
11092
11802
12466
13172
13952
14699
15408
16084
16765
17392
17970
18542
19185
19861
20582
21348
22098
22834
23556
24313
25087
25884
26733
27605
28483
29257
29862
30297
30604
30832
30933
30874
30643
30200
29568
28768
27805
26665
25397
24112
22785
21432
20011
18535
17065
15545
13876
12059
9932
7519
4968
2227
-482
-3039
-5481
-7995
-10587
-13091
-15342
-17442
-19422
-21184
-22698
-23917
-25032
-26065
-27059
-27881
-28527
-28954
-29252
-29712
-30398
-31399
-32615
-33867
-34956
-35656
-36088
-36273
-36170
-35835
-35293
-34539
-33667
-32403
-30805
-28940
-26667
-24187
-21854
-19833
-18031
-16512
-15220
-14066
-13112
-12318
-11634
-10910
-10123
-9217
-8253
-7330
-6490
-5662
-4976
-4314
-3616
-2993
-2374
-1591
-676
295
1340
2342
3323
4278
5185
6080
6979
7857
8709
9521
10381
11287
12208
13019
13807
14662
15507
16353
17170
18007
18926
19917
20981
22126
23285
24493
25734
26985
28276
29551
30815
32003
32967
33754
34339
34692
34844
34662
34240
33580
32711
31637
30406
28983
27420
25822
24254
22768
21333
20032
19005
18243
17755
17350
17014
16504
15544
14164
12329
10124
7623
4880
1990
-877
-3774
-6591
-9239
-11789
-14223
-16571
-18931
-21340
-23714
-25970
-28037
-29978
-31699
-33149
-34230
-34996
-35388
-35512
-35381
-35197
-35209
-35523
-36141
-36834
-37524
-37795
-37483
-36892
-36104
-35015
-33639
-32063
-30535
-29003
-27371
-25813
-24286
-22775
-21453
-20190
-18609
-16660
-14727
-12983
-11561
-10265
-8994
-7700
-6485
-5389
-4366
-3387
-2395
-1504
-679
10
486
937
1466
2075
2754
3426
4072
4740
5386
6018
6602
7165
7678
8172
8685
9208
9738
10281
10831
11395
12017
12709
13446
14160
14832
15497
16223
17046
17933
18726
19451
20132
20828
21520
22141
22663
23137
23538
23820
24059
24325
24679
25156
25617
25989
26294
26438
26451
26263
25867
25284
24444
23422
22094
20558
18904
17167
15502
14025
12812
11986
11350
10699
9910
8959
7940
6872
5793
4680
3540
2265
870
-687
-2554
-4665
-6792
-8981
-11219
-13445
-15622
-17648
-19492
-21241
-22820
-24152
-25263
-26224
-27121
-27863
-28464
-28912
-29262
-29579
-29824
-29909
-29801
-29467
-28740
-27840
-26951
-25881
-24744
-23543
-22506
-21562
-20520
-19414
-18267
-16948
-15489
-14004
-12639
-11417
-10314
-9434
-8736
-8125
-7582
-7047
-6585
-6197
-5787
-5375
-4854
-4243
-3700
-3096
-2590
-2169
-1754
-1321
-757
-145
471
1181
1912
2593
3328
4160
4989
5792
6660
7570
8491
9433
10409
11377
12355
13283
14197
15031
15796
16604
17435
18266
19098
19884
20634
21340
21980
22554
23117
23660
24185
24680
25122
25505
25806
26095
26342
26557
26723
26836
26865
26877
26944
26983
26823
26555
26167
25676
25089
24430
23707
22948
22150
21344
20498
19544
18498
17325
15986
14389
12547
10429
8135
5722
3201
565
-2034
-4673
-7391
-10163
-12987
-15701
-18116
-20306
-22134
-23726
-25012
-25814
-26327
-26678
-27022
-27442
-27939
-28653
-29470
-30398
-31319
-32099
-32725
-33116
-33266
-33299
-33330
-33191
-32830
-32287
-31513
-30401
-28997
-27198
-24787
-22056
-19139
-16568
-14557
-13009
-11819
-10903
-10284
-9951
-9826
-9830
-9929
-10064
-10169
-10080
-9641
-8974
-8251
-7535
-6801
-6106
-5459
-4839
-4188
-3544
-2913
-2297
-1693
-1045
-412
246
885
1509
2113
2678
3224
3742
4276
4807
5427
6098
6900
7742
8612
9433
10199
10924
11685
12477
13404
14429
15554
16790
18065
19350
20566
21700
22729
23609
24441
25217
25924
26658
27497
28460
29521
30436
31345
32292
33603
35456
37124
38320
38900
38880
38275
37350
36065
34296
32243
29958
27520
24969
22372
19752
17187
14684
12312
10089
7928
5826
3883
1925
-86
-2079
-4012
-5921
-7906
-9962
-12058
-14159
-16259
-18205
-20007
-21576
-23111
-24626
-26040
-27466
-28924
-30476
-32115
-33709
-35183
-36430
-37479
-38372
-39054
-39609
-39975
-40147
-40136
-39890
-39443
-38948
-38363
-37617
-36708
-35655
-34397
-32897
-31186
-29332
-27330
-25212
-23179
-21366
-19656
-17895
-16107
-14302
-12563
-10946
-9568
-8390
-7436
-6620
-5926
-5220
-4625
-4124
-3636
-3081
-2392
-1677
-895
116
1130
2063
2943
3745
4451
5103
5636
6016
6379
6737
7275
7827
8416
9005
9842
10813
11610
12269
12953
13607
14210
14833
15458
16078
16695
17272
17889
18642
19560
20571
21648
22742
23890
25097
26342
27579
28820
30046
31164
32128
32828
33274
33449
33394
33026
32507
31848
30991
30084
29143
28160
27181
26243
25363
24609
23941
23271
22447
21424
20219
18800
17244
15504
13657
11717
9705
7681
5678
3682
1685
-217
-2209
-4367
-6564
-8668
-10653
-12490
-14223
-15852
-17246
-18476
-19586
-20761
-21933
-23039
-24052
-24996
-25992
-26983
-27928
-28788
-29534
-30137
-30645
-31114
-31486
-31672
-31741
-31677
-31474
-31163
-30646
-29962
-28969
-27742
-26231
-24561
-22812
-21030
-19339
-17835
-16558
-15456
-14480
-13633
-12960
-12450
-11969
-11513
-11019
-10387
-9582
-8522
-7408
-6213
-5087
-4118
-3204
-2267
-1349
-456
399
1222
1955
2599
3171
3683
4122
4438
4727
5008
5377
5778
6141
6539
6978
7532
8225
8988
9918
10920
12070
13351
14719
16156
17604
18984
20233
21322
22208
22954
23542
24037
24431
24714
25002
25299
25591
25943
26332
26788
27337
27951
28614
29238
29697
29986
30004
29758
29284
28582
27736
26810
25811
24824
23869
22848
21822
20830
19926
19058
18201
17430
16705
15924
14978
13754
12327
10660
8838
6860
4741
2484
104
-2273
-4574
-6841
-9169
-11568
-13886
-16115
-18224
-20209
-22064
-23717
-25269
-26695
-28036
-29237
-30261
-31064
-31679
-32190
-32697
-33232
-33776
-34220
-34525
-34695
-34596
-34181
-33434
-32523
-31347
-30013
-28615
-27415
-26410
-25710
-25136
-24486
-23683
-22710
-21444
-19898
-18084
-16231
-14514
-13071
-11821
-10717
-9762
-8907
-8165
-7425
-6675
-5983
-5308
-4667
-4076
-3510
-2983
-2480
-1941
-1349
-649
78
784
1461
2084
2679
3260
3823
4410
5000
5649
6476
7468
8657
9920
11231
12440
13544
14506
15388
16104
16681
17136
17504
17857
18260
18672
19025
19299
19521
19761
20049
20424
20906
21406
21942
22514
23097
23757
24430
25101
25747
26349
26946
27472
27908
28335
28683
28883
28906
28772
28479
28048
27467
26830
25993
25085
24066
22819
21397
19850
18131
16276
14307
12260
10113
7941
5754
3618
1462
-665
-2813
-5060
-7244
-9360
-11558
-13834
-16127
-18146
-19866
-21552
-23080
-24368
-25452
-26309
-26961
-27513
-28001
-28439
-28942
-29578
-30326
-31221
-32178
-33111
-34027
-34812
-35308
-35543
-35460
-35015
-34228
-33152
-31763
-30313
-28724
-27054
-25235
-23339
-21365
-19271
-17149
-14980
-12911
-11070
-9501
-8197
-7059
-6199
-5569
-5136
-4792
-4623
-4517
-4482
-4544
-4637
-4674
-4767
-4960
-5081
-4928
-4505
-3891
-3142
-2370
-1560
-763
-3
711
1439
2148
2875
3602
4299
4970
5659
6350
7072
7850
8680
9548
10456
11385
12310
13184
14023
14821
15602
16381
17162
17916
18681
19449
20180
20920
21683
22450
23321
24294
25372
26615
27919
29317
30786
32228
33596
34783
35823
36526
36888
36846
36420
35570
34357
32867
31288
29699
28124
26522
24823
23105
21430
19856
18328
16673
14830
12854
10740
8469
6125
3557
847
-1742
-4238
-6732
-9088
-11158
-13021
-14715
-16323
-17930
-19578
-21236
-22955
-24675
-26378
-28020
-29523
-30919
-32184
-33428
-34708
-35861
-36825
-37615
-38175
-38443
-38333
-37929
-37459
-36971
-36401
-35683
-34740
-33546
-32194
-30613
-28915
-27165
-25348
-23570
-21847
-20251
-18652
-17142
-15672
-14304
-13007
-11712
-10338
-8962
-7651
-6480
-5514
-4643
-3737
-2904
-2286
-1904
-1617
-1304
-983
-591
-198
155
491
867
1312
1734
2143
2589
3116
3691
4330
4947
5594
6335
7154
7979
8838
9720
10627
11543
12444
13336
14265
15219
16164
17116
18074
19059
20065
21096
22099
23059
23971
24774
25507
26195
26893
27594
28266
28960
29674
30250
30676
30877
30943
30842
30517
29972
29279
28482
27636
26783
26018
25385
24833
24292
23695
22962
22107
21162
19989
18615
16996
15085
12815
10146
7346
4472
1719
-846
-3233
-5387
-7442
-9402
-11365
-13406
-15435
-17412
-19355
-21262
-23065
-24800
-26423
-27972
-29481
-30988
-32413
-33674
-34669
-35512
-36309
-37004
-37553
-37856
-37944
-37853
-37488
-36968
-36255
-35117
-33738
-32124
-30283
-28327
-26160
-23914
-21575
-19197
-16906
-14715
-12769
-11038
-9551
-8222
-7063
-6120
-5337
-4798
-4391
-4090
-3927
-3849
-3852
-3873
-3869
-3660
-3389
-3208
-3049
-2891
-2515
-1831
-851
234
1246
2159
3133
4178
5268
6309
7273
8187
9080
10014
11000
12042
13128
14273
15379
16387
17268
18082
18893
19687
20454
21160
21756
22293
22802
23264
23693
24123
24602
25115
25647
26241
26843
27436
27982
28361
28617
28736
28745
28687
28465
28051
27496
26666
25732
24742
23745
22775
21827
20894
19931
18804
17563
16234
14864
13489
12087
10568
8984
7351
5651
3900
2098
209
-1729
-3716
-5750
-7885
-10054
-12307
-14622
-16921
-19194
-21425
-23578
-25641
-27459
-29050
-30407
-31597
-32546
-33302
-33949
-34515
-35012
-35450
-35899
-36320
-36510
-36549
-36538
-36417
-36128
-35561
-34744
-33491
-31946
-30057
-27930
-25537
-22962
-20385
-18142
-16166
-14553
-13056
-11691
-10384
-9074
-7887
-6769
-5750
-4836
-4022
-3271
-2671
-2126
-1664
-1274
-951
-641
-243
221
760
1385
2014
2697
3485
4320
5118
5879
6607
7323
8046
8744
9432
10105
10741
11344
11928
12529
13160
13722
14325
14952
15670
16451
17256
18029
18844
19686
20491
21111
21605
22086
22678
23300
23853
24261
24492
24507
24333
24094
23812
23479
23161
22881
22619
22311
21977
21487
20908
20374
19850
19290
18770
18284
17770
17109
16302
15316
14265
13166
12063
10992
10005
9136
8179
7125
5954
4627
3110
1327
-766
-3117
-5594
-8084
-10523
-12822
-15000
-17235
-19513
-21673
-23636
-25398
-26944
-28215
-29275
-29965
-30331
-30376
-30084
-29604
-29030
-28518
-27969
-27509
-27247
-27053
-26868
-26662
-26419
-26178
-25735
-25026
-23964
-22321
-20301
-17966
-15632
-13588
-11760
-10170
-8804
-7686
-6848
-6284
-6019
-5993
-6200
-6484
-6815
-7018
-6827
-6444
-5933
-5444
-5004
-4537
-3919
-3033
-2021
-948
220
1439
2666
3859
4984
6067
7114
8093
9100
10155
11210
12230
13175
14084
14941
15808
16725
17732
18803
19893
21000
22138
23299
24316
25159
25784
26342
26752
27032
27218
27368
27572
27836
28172
28454
28698
29086
29707
30525
31305
31753
31955
31827
31414
30681
29749
28793
27824
26812
25847
24865
23787
22575
21168
19568
17879
16079
14134
12100
9913
7713
5499
3283
1131
-1042
-3165
-5341
-7446
-9645
-11842
-13973
-16010
-18001
-19790
-21419
-23008
-24581
-26170
-27731
-29306
-30787
-32152
-33385
-34570
-35755
-36920
-38037
-39038
-39931
-40590
-40824
-40775
-40427
-39815
-38899
-37766
-36324
-34736
-33025
-31202
-29381
-27655
-25950
-24137
-22298
-20439
-18458
-16409
-14373
-12404
-10534
-8840
-7424
-6220
-5209
-4264
-3532
-2963
-2492
-2126
-1927
-1858
-1818
-1737
-1603
-1367
-1107
-754
-340
125
670
1310
1967
2663
3391
4136
4938
5763
6599
7430
8279
9134
10029
10927
11870
12797
13768
14731
15739
16794
17827
18833
19820
20769
21712
22632
23496
24335
25116
25908
26660
27377
28057
28628
29096
29527
29762
29896
29977
30002
29915
29704
29457
29215
29046
28890
28666
28282
27640
26693
25537
24215
22843
21358
19702
17857
15890
13770
11505
9182
6752
4323
1922
-440
-2799
-5116
-7409
-9612
-11901
-14258
-16570
-18735
-20718
-22600
-24363
-26070
-27674
-29147
-30583
-31850
-32988
-33993
-34868
-35674
-36535
-37358
-38067
-38640
-39051
-39150
-38863
-38305
-37376
-35907
-33882
-31342
-28461
-25516
-22725
-20336
-18447
-17096
-15996
-15075
-14300
-13538
-12685
-11701
-10710
-9778
-9001
-8329
-7619
-6828
-6114
-5490
-4979
-4549
-4207
-3865
-3509
-3094
-2620
-2011
-1288
-521
199
891
1654
2551
3537
4564
5585
6603
7606
8600
9567
10509
11424
12289
13101
13858
14619
15362
16102
16787
17445
18079
18685
19203
19655
20101
20580
21112
21759
22462
23239
24126
25014
25912
26747
27474
28089
28571
28917
29170
29324
29500
29727
30054
30269
30218
29936
29340
28478
27412
26242
25009
23779
22553
21304
19968
18613
17217
15761
14308
12852
11362
9720
7923
5959
3861
1611
-608
-2774
-4832
-6803
-8660
-10397
-12049
-13754
-15517
-17368
-19343
-21316
-23311
-25244
-27198
-29081
-30698
-32060
-33155
-33991
-34638
-35160
-35536
-35704
-35724
-35636
-35281
-34813
-34297
-33723
-33021
-32238
-31452
-30612
-29593
-28513
-27100
-25283
-23159
-20782
-18375
-16130
-14039
-12252
-10798
-9582
-8560
-7796
-7200
-6771
-6473
-6284
-6131
-5780
-5335
-4820
-4253
-3662
-3013
-2411
-1922
-1541
-1276
-1136
-1005
-843
-517
-34
594
1345
2142
2919
3758
4689
5699
6722
7672
8601
9507
10430
11335
12272
13311
14388
15539
16686
17777
18736
19597
20313
21023
21761
22455
23161
23886
24624
25365
26060
26723
27290
27782
28235
28625
28961
29379
29758
30064
30260
30346
30328
30148
29858
29462
28812
27899
26824
25605
24286
22897
21354
19773
18192
16611
14970
13227
11346
9394
7297
5092
2753
281
-2271
-4822
-7376
-9985
-12652
-15329
-17832
-19919
-21608
-22991
-23959
-24600
-25131
-25682
-26302
-27055
-27854
-28526
-29163
-29794
-30438
-31097
-31614
-32036
-32383
-32552
-32602
-32475
-32196
-31838
-31345
-30611
-29774
-28652
-27412
-26028
-24409
-22787
-21111
-19439
-17931
-16471
-15187
-13971
-12823
-11757
-10773
-9837
-8933
-8085
-7226
-6436
-5781
-5138
-4502
-3909
-3390
-2983
-2660
-2336
-1925
-1465
-996
-502
63
665
1308
1958
2584
3156
3723
4349
5058
5790
6603
7448
8352
9314
10285
11255
12217
13160
14136
15176
16322
17612
18960
20307
21657
22922
24110
25217
26176
27020
27763
28499
29246
29942
30620
31188
31617
31899
31956
31878
31717
31455
31146
30736
30209
29591
28910
28222
27560
26869
26045
25085
23916
22660
21300
19956
18588
17193
15745
14146
12245
10071
7626
5047
2348
-300
-2855
-5198
-7459
-9664
-11793
-14006
-16165
-18142
-19902
-21473
-22962
-24361
-25638
-26704
-27589
-28275
-28782
-29256
-29798
-30447
-31149
-31946
-32820
-33628
-34322
-34715
-34823
-34613
-34189
-33565
-32768
-31812
-30738
-29612
-28284
-26879
-25393
-23949
-22633
-21471
-20385
-19285
-18184
-16996
-15803
-14662
-13595
-12564
-11565
-10482
-9356
-8163
-6890
-5592
-4374
-3265
-2321
-1553
-785
-2
849
1696
2515
3276
4047
4796
5467
6097
6690
7301
8008
8721
9417
10101
10768
11457
12147
12820
13540
14267
14953
15606
16289
17047
17862
18755
19682
20655
21673
22674
23602
24397
25003
25480
25851
26106
26226
26325
26399
26511
26618
26670
26702
26733
26776
26864
26987
27103
27025
26699
26235
25453
24491
23449
22437
21417
20271
19106
17910
16661
15298
13882
12387
10808
9191
7393
5202
2767
299
-2085
-4373
-6658
-9076
-11545
-14012
-16440
-18823
-21240
-23583
-25868
-27937
-29728
-31165
-32266
-33125
-33616
-33806
-33761
-33611
-33394
-33178
-33029
-32925
-32892
-32932
-33013
-33177
-33235
-33252
-33022
-32484
-31462
-30140
-28447
-26295
-23805
-21266
-18808
-16564
-14607
-12857
-11273
-9899
-8657
-7637
-6713
-5823
-5072
-4446
-3844
-3402
-3200
-2855
-2503
-2124
-1862
-1639
-1453
-1210
-850
-356
209
895
1691
2589
3526
4446
5364
6314
7265
8229
9207
10221
11269
12309
13298
14276
15303
16330
17416
18569
19750
20912
22031
23037
23970
24871
25660
26365
27028
27649
28274
28828
29425
30036
30558
30983
31238
31331
31288
31155
30943
30652
30313
29961
29548
29094
28533
27771
26697
25381
23929
22313
20589
18804
16998
15206
13450
11830
10336
8894
7449
5821
3968
1984
21
-1945
-3944
-6056
-8355
-10840
-13490
-16219
-18969
-21782
-24566
-27268
-29812
-32069
-33945
-35259
-36197
-36789
-36977
-36667
-36195
-35625
-34983
-34385
-33825
-33413
-33107
-32817
-32325
-31649
-30881
-29915
-28629
-27089
-25203
-23225
-21221
-19259
-17471
-15857
-14383
-12997
-11654
-10548
-9758
-9298
-9008
-8846
-8732
-8603
-8393
-8074
-7600
-7049
-6440
-5622
-4633
-3572
-2479
-1438
-378
654
1668
2604
3466
4289
5125
5974
6803
7591
8382
9168
9975
10819
11673
12602
13536
14451
15328
16157
16983
17806
18647
19544
20491
21458
22441
23404
24270
25015
25681
26313
26837
27286
27692
28069
28455
28783
29060
29250
29318
29279
28993
28545
27976
27268
26609
26007
25448
24837
23973
22986
21699
20167
18490
16903
15418
14104
12833
11460
9901
7958
5583
2796
-260
-3469
-6624
-9684
-12613
-15370
-18013
-20617
-23154
-25604
-27705
-29463
-30837
-31877
-32713
-33443
-34109
-34591
-34979
-35194
-35218
-35060
-34715
-34251
-33678
-32838
-31842
-30560
-29038
-27326
-25532
-23776
-22272
-21042
-20042
-19003
-17891
-16641
-15384
-14114
-12855
-11711
-10764
-10022
-9497
-9084
-8841
-8706
-8529
-8353
-8254
-8131
-8031
-7806
-7469
-7028
-6445
-5698
-4761
-3769
-2725
-1602
-398
807
1997
3126
4176
5111
5976
6861
7852
9015
10282
11568
12891
14248
15666
16994
18283
19533
20709
21841
22877
23784
24630
25422
26115
26780
27333
27798
28223
28648
29082
29519
29923
30232
30402
30535
30640
30625
30510
30197
29706
29015
28157
27194
26099
24916
23571
22207
20902
19663
18532
17405
16144
14793
13407
11956
10333
8424
6270
3717
781
-2389
-5580
-8652
-11501
-14022
-16336
-18545
-20660
-22764
-24851
-26860
-28741
-30410
-31821
-32964
-33747
-34266
-34618
-34933
-35253
-35574
-35962
-36287
-36617
-36972
-37068
-37057
-37079
-37194
-37117
-36536
-35393
-33558
-31101
-28032
-24483
-20693
-16880
-13762
-11714
-10370
-9422
-8710
-8084
-7267
-6687
-6437
-6373
-6327
-6257
-5973
-5465
-4816
-4216
-3741
-3395
-3071
-2664
-2062
-1272
-420
453
1371
2330
3298
4257
5215
6080
6839
7541
8256
8926
9515
10032
10554
11121
11767
12469
13293
14197
15116
16132
17218
18311
19397
20428
21380
22282
23114
24010
24874
25750
26603
27383
28099
28851
29618
30517
31518
32512
33489
34360
35037
35438
35459
35144
34460
33506
32316
30910
29354
27721
26103
24484
22885
21388
20008
18797
17686
16684
15613
14420
13044
11453
9517
7283
4848
2352
-123
-2549
-4977
-7297
-9349
-11245
-13055
-14863
-16670
-18592
-20576
-22643
-24665
-26631
-28516
-30242
-31770
-33138
-34356
-35342
-36088
-36582
-36795
-36789
-36528
-36092
-35567
-34996
-34427
-33780
-33039
-32250
-31377
-30392
-29173
-27742
-26116
-24171
-22033
-19803
-17632
-15660
-13915
-12482
-11302
-10188
-9138
-8210
-7459
-6878
-6372
-5821
-5347
-4926
-4516
-3999
-3409
-2747
-2027
-1241
-439
326
1110
1958
2754
3594
4504
5506
6588
7693
8795
9896
10996
12048
13047
13977
14831
15657
16393
17056
17676
18264
18818
19354
19888
20402
20932
21485
22051
22642
23275
23968
24689
25328
25911
26402
26851
27213
27344
27420
27339
27258
27327
27564
28025
28780
29601
30270
30428
29981
29022
27701
26230
24716
23241
21808
20400
18853
17169
15341
13362
11214
8957
6661
4347
2014
-373
-2833
-5403
-8007
-10483
-12851
-15043
-17095
-18893
-20433
-21839
-23201
-24541
-25955
-27414
-28914
-30346
-31618
-32803
-33773
-34519
-35131
-35675
-36217
-36674
-37062
-37374
-37476
-37354
-36918
-35964
-34651
-32971
-31145
-29239
-27436
-25814
-24321
-22879
-21434
-20005
-18519
-16939
-15379
-13907
-12649
-11545
-10521
-9658
-8870
-8110
-7336
-6560
-5812
-5096
-4429
-3765
-3045
-2118
-1066
37
1183
2304
3468
4661
5819
6906
7919
8913
9852
10756
11631
12439
13209
13869
14465
15086
15774
16508
17242
17871
18465
19073
19715
20383
21020
21634
22332
23094
23842
24592
25420
26296
27184
28018
28796
29476
29986
30338
30564
30624
30660
30642
30592
30507
30307
29936
29298
28428
27431
26253
24970
23594
22121
20565
18991
17456
15930
14420
12920
11344
9600
7674
5579
3441
1328
-790
-2921
-5154
-7487
-9830
-12179
-14545
-16882
-18987
-20901
-22504
-23811
-25056
-26238
-27401
-28674
-29965
-31204
-32352
-33305
-34170
-34849
-35483
-35934
-36168
-36251
-36235
-36159
-35849
-35269
-34365
-33191
-31676
-29874
-27934
-25934
-23822
-21666
-19508
-17478
-15658
-14079
-12725
-11415
-10046
-8656
-7453
-6575
-5903
-5285
-4576
-3910
-3382
-3065
-2856
-2634
-2519
-2411
-2209
-1892
-1458
-993
-485
58
635
1239
1866
2507
3220
4011
4868
5767
6644
7543
8440
9278
10137
11033
11964
12990
14087
15153
16219
17217
18101
18861
19805
20938
22350
24041
25769
27346
28706
29838
30813
31408
31606
31505
31252
30950
30671
30367
30077
29745
29309
28827
28249
27694
27168
26680
26228
25792
25227
24454
23491
22364
20996
19348
17518
15592
13617
11483
9328
7291
5308
3206
1109
-917
-2748
-4470
-6297
-8175
-10165
-12222
-14260
-16292
-18340
-20342
-22214
-24037
-25761
-27323
-28826
-30378
-31934
-33419
-34779
-35983
-37038
-37813
-38399
-38656
-38585
-38202
-37572
-36783
-35841
-34718
-33586
-32654
-31693
-30759
-29790
-28780
-27773
-26564
-25111
-23546
-21972
-20579
-19262
-17919
-16499
-14976
-13308
-11543
-9819
-8130
-6436
-4819
-3341
-2109
-1017
24
866
1490
1959
2348
2603
2753
2826
2841
2896
3038
3263
3666
4220
4969
5831
6790
7793
8821
9868
10841
11792
12714
13593
14455
15389
16473
17757
19163
20647
22107
23455
24651
25671
26422
26983
27334
27495
27540
27508
27497
27514
27649
27926
28163
28154
27918
27504
27011
26517
26031
25630
25128
24455
23648
22673
21627
20541
19445
18385
17326
16268
15095
13828
12558
11245
9648
7838
5925
3913
1884
-113
-2280
-4664
-7030
-9373
-11565
-13682
-15593
-17253
-18715
-20016
-21118
-21922
-22577
-23145
-23715
-24231
-24875
-25615
-26503
-27554
-28602
-29567
-30366
-31151
-31800
-32130
-32133
-31840
-31197
-30351
-29252
-27979
-26576
-24807
-22748
-20381
-18176
-16331
-14763
-13390
-12139
-11123
-10360
-9825
-9393
-9114
-8901
-8682
-8288
-7753
-7028
-6192
-5356
-4598
-3907
-3270
-2508
-1623
-641
435
1572
2724
3939
5108
6233
7266
8204
9085
9900
10758
11661
12587
13556
14526
15452
16362
17200
18012
18776
19474
20135
20797
21505
22268
23082
23877
24624
25283
25851
26374
26824
27304
27750
28128
28526
28867
29112
29412
29791
30198
30464
30425
29984
29201
28263
27236
26143
24986
23871
22682
21420
20089
18628
17049
15340
13515
11423
9108
6554
3905
1261
-1332
-3771
-6139
-8473
-10703
-12955
-15279
-17685
-20085
-22351
-24390
-26256
-28028
-29723
-31227
-32578
-33690
-34617
-35274
-35781
-36125
-36382
-36669
-36836
-37015
-37134
-37142
-36977
-36608
-36043
-35211
-34082
-32675
-30976
-28943
-26638
-24257
-21876
-19529
-17262
-15020
-12939
-11132
-9612
-8433
-7439
-6647
-5962
-5370
-4864
-4384
-3960
-3504
-3016
-2534
-2093
-1645
-1228
-954
-657
-271
174
711
1383
2216
3130
4124
5134
6177
7243
8344
9506
10689
11874
13039
14183
15368
16467
17512
18499
19424
20317
21150
21939
22622
23243
23790
24352
24895
25458
26079
26731
27414
28105
28758
29298
29787
30246
30536
30726
30844
30906
30967
30815
30413
29714
28780
27677
26420
25138
23843
22475
20984
19355
17583
15748
13801
11691
9390
7045
4764
2627
650
-1368
-3403
-5342
-7174
-9039
-10907
-12840
-14850
-16868
-18853
-20795
-22784
-24716
-26561
-28277
-29744
-31033
-32069
-32978
-33767
-34449
-35018
-35653
-36224
-36784
-37341
-37776
-38052
-38101
-37836
-37198
-36199
-34823
-33088
-31062
-28841
-26169
-23192
-20005
-17068
-14620
-12671
-11062
-9671
-8294
-7050
-5923
-4948
-4174
-3609
-3245
-3171
-3257
-3431
-3612
-3735
-3743
-3642
-3351
-2908
-2289
-1487
-528
474
1507
2553
3624
4719
5806
6858
7949
9022
10129
11164
12140
13063
13963
14853
15741
16613
17485
18329
19179
19957
20677
21385
22070
22728
23379
23988
24629
25368
26131
26852
27504
28057
28496
28869
29135
29152
29065
29049
29161
29221
29188
28794
28044
27364
27144
26682
26387
25917
25083
23847
22005
19611
16955
14229
11602
9124
6777
4579
2548
505
-1589
-3759
-6068
-8428
-10829
-13217
-15591
-17925
-20033
-21799
-23087
-24015
-24767
-25467
-26363
-27499
-28790
-30060
-31090
-31948
-32700
-33298
-33708
-33800
-33678
-33359
-33087
-32877
-32684
-32474
-32232
-31837
-31161
-30097
-28682
-26860
-24826
-22667
-20619
-18717
-16807
-14971
-13259
-11769
-10426
-9238
-8175
-7249
-6360
-5555
-4830
-4134
-3451
-2845
-2312
-1862
-1373
-875
-313
249
807
1443
2049
2623
3205
3722
4250
4824
5450
6129
6821
7555
8388
9306
10274
11275
12292
13271
14258
15233
16216
17237
18322
19374
20395
21396
22361
23310
24143
24928
25717
26492
27242
27911
28557
29253
29928
30498
30873
30977
30902
30539
30010
29253
28372
27403
26412
25425
24480
23612
22805
22031
21328
20618
19855
18949
17851
16465
14658
12528
10095
7481
4904
2466
209
-1927
-4098
-6249
-8380
-10551
-12700
-14849
-17100
-19391
-21744
-24097
-26487
-28854
-31095
-33202
-35085
-36736
-38023
-39054
-39853
-40412
-40883
-41144
-41247
-41208
-41099
-40739
-40110
-39215
-38015
-36506
-34771
-32908
-30861
-28599
-26147
-23546
-20821
-18232
-16011
-14158
-12510
-10861
-9117
-7340
-5612
-3999
-2687
-1640
-807
17
912
1655
2297
2636
2814
2860
2820
2724
2653
2663
2683
2738
2988
3318
3753
4307
4945
5639
6385
7184
7974
8740
9479
10149
10787
11492
12219
12946
13699
14526
15387
16310
17257
18256
19369
20508
21593
22570
23395
24088
24648
25158
25565
25909
26149
26249
26287
26273
26228
26232
26371
26748
27241
27802
28336
28742
29014
29046
28888
28617
28227
27686
26869
25678
24101
22264
20173
17964
15719
13431
11248
9146
7024
4842
2573
305
-1933
-4203
-6453
-8565
-10577
-12629
-14709
-16867
-18953
-20980
-22812
-24400
-25778
-27006
-28036
-28869
-29569
-30116
-30590
-30953
-31306
-31649
-31885
-32078
-32146
-31965
-31595
-31014
-30130
-28981
-27499
-25688
-23630
-21473
-19463
-17747
-16383
-15245
-14319
-13500
-12694
-11859
-10982
-10094
-9163
-8342
-7669
-7160
-6715
-6197
-5504
-4707
-3961
-3204
-2350
-1401
-455
445
1269
2053
2774
3456
4122
4786
5476
6238
7106
7982
8822
9648
10427
11201
11985
12726
13452
14111
14669
15147
15585
16030
16458
16900
17383
17911
18489
19099
19819
20579
21477
22431
23331
24073
24603
24890
24854
24575
24200
23735
23274
22881
22518
22147
21720
21328
21039
20840
20830
20999
21281
21485
21469
21099
20264
19008
17452
15754
13922
12010
10048
8063
6005
4022
2090
213
-1575
-3331
-5154
-6883
-8533
-10074
-11580
-13225
-14912
-16632
-18243
-19834
-21322
-22767
-24235
-25610
-26898
-28014
-28859
-29591
-30248
-30776
-31057
-31215
-31248
-31135
-30928
-30570
-30097
-29542
-28910
-28101
-27078
-25973
-24838
-23651
-22404
-21147
-19865
-18584
-17276
-16079
-15003
-14037
-13109
-12077
-10596
-8584
-6597
-5024
-4557
-4332
-4078
-4151
-3989
-3830
-3623
-3241
-2900
-2555
-2188
-1729
-1192
-449
355
1088
1866
2758
3625
4409
5133
5853
6624
7442
8301
9304
10361
11440
12511
13644
14855
16144
17567
19070
20571
22074
23529
24862
26078
27082
27809
28400
28738
28981
29145
29283
29425
29605
29851
30201
30563
30895
31136
31247
31340
31383
31284
30949
30447
29708
28699
27406
25942
24327
22635
20990
19473
18023
16586
15149
13690
12121
10354
8471
6422
4177
1826
-578
-2899
-5080
-7342
-9809
-12360
-14991
-17646
-20271
-22728
-24893
-26880
-28639
-30184
-31461
-32376
-32997
-33336
-33463
-33566
-33612
-33735
-33853
-34141
-34444
-34648
-34928
-35135
-35267
-35227
-34908
-34303
-33269
-31816
-29847
-27504
-24893
-22301
-19928
-17907
-16131
-14552
-13048
-11667
-10483
-9697
-9113
-8679
-8350
-7910
-7579
-7306
-6862
-6353
-5822
-5235
-4605
-3922
-3203
-2472
-1740
-993
-275
425
1124
1820
2525
3228
3953
4670
5420
6209
7034
7815
8583
9389
10220
11054
11882
12717
13601
14522
15449
16404
17337
18214
19039
19787
20494
21138
21735
22375
23006
23678
24370
25030
25662
26269
26910
27606
28308
28935
29496
29817
30030
30161
30239
30222
30077
29849
29509
29029
28313
27423
26378
25224
23923
22477
20932
19228
17447
15596
13624
11527
9278
6877
4389
1692
-1016
-3758
-6569
-9396
-11970
-14285
-16298
-18116
-19643
-21029
-22308
-23558
-24691
-25840
-26890
-27781
-28554
-29324
-30145
-30952
-31787
-32634
-33449
-34238
-34876
-35475
-35995
-36367
-36544
-36522
-36180
-35558
-34591
-33333
-31686
-29736
-27511
-25250
-23277
-21501
-19822
-18130
-16359
-14793
-13387
-12147
-11015
-9973
-8991
-8099
-7231
-6385
-5609
-4856
-4099
-3179
-2228
-1385
-594
130
778
1425
2028
2642
3347
4071
4753
5327
5853
6435
7128
7928
8793
9740
10699
11662
12675
13777
14939
16142
17358
18594
19901
21234
22576
23903
25195
26418
27523
28559
29484
30262
30861
31268
31476
31541
31390
31101
30762
30355
29961
29538
29073
28488
27770
26939
25976
24968
23915
22880
21922
21114
20425
19800
19132
18345
17452
16418
15215
13765
12132
10246
8306
6192
4062
1926
-160
-2236
-4320
-6456
-8720
-11118
-13718
-16280
-18796
-21249
-23547
-25697
-27575
-29181
-30431
-31380
-32082
-32420
-32630
-32695
-32605
-32487
-32358
-32325
-32369
-32456
-32505
-32428
-32403
-32290
-31967
-31405
-30566
-29521
-28137
-26367
-24217
-21755
-19218
-16838
-14667
-12660
-10729
-8920
-7267
-5912
-4833
-3998
-3413
-3176
-3211
-3348
-3436
-3535
-3624
-3686
-3583
-3331
-2962
-2509
-1975
-1400
-738
-73
616
1383
2181
3023
3949
4964
5978
6982
8051
9125
10168
11152
12109
13043
13908
14748
15582
16387
17175
17951
18732
19506
20253
21040
21824
22611
23436
24271
25078
25825
26552
27275
28036
28894
29747
30448
31007
31307
31374
31275
30954
30518
29945
29199
28370
27431
26457
25471
24422
23342
22194
20978
19739
18449
17115
15654
13962
12029
9861
7464
4954
2341
-258
-2691
-5071
-7397
-9670
-11992
-14368
-16718
-18943
-21079
-23053
-24919
-26745
-28479
-30105
-31513
-32659
-33574
-34226
-34664
-35106
-35647
-36233
-36800
-37300
-37585
-37756
-37726
-37633
-37392
-36858
-36013
-34732
-33144
-31287
-29213
-26994
-24534
-21984
-19503
-17127
-14945
-13015
-11243
-9717
-8402
-7250
-6228
-5349
-4602
-3941
-3295
-2668
-2185
-1857
-1510
-1118
-776
-376
62
522
1021
1582
2220
2861
3462
4079
4721
5446
6213
7054
7967
8892
9799
10730
11671
12631
13598
14557
15553
16542
17532
18543
19546
20588
21587
22519
23421
24251
25011
25704
26348
26955
27521
27977
28401
28794
29130
29326
29432
29408
29194
28821
28221
27480
26740
26063
25505
25022
24701
24327
23760
22833
21636
20137
18436
16587
14639
12684
10801
9030
7255
5404
3359
1134
-1196
-3551
-5922
-8315
-10632
-12945
-15150
-17241
-19081
-20790
-22380
-23968
-25517
-26945
-28358
-29630
-30751
-31725
-32528
-33132
-33535
-33739
-33732
-33497
-32913
-32236
-31661
-31258
-31072
-30869
-30492
-30016
-29175
-27951
-26301
-24423
-22476
-20468
-18601
-16891
-15349
-13895
-12372
-10934
-9637
-8575
-7675
-6910
-6244
-5646
-5166
-4752
-4482
-4244
-4017
-3779
-3488
-3241
-3011
-2794
-2557
-2244
-1879
-1403
-786
-31
896
1957
3068
4230
5385
6609
7907
9120
10072
10811
11465
12116
12799
13554
14395
15271
16128
16960
17750
18516
19217
19887
20516
21154
21807
22570
23434
24367
25331
26246
27146
27976
28585
28953
29175
29238
29142
28879
28443
27857
27125
26311
25420
24376
23249
22117
21000
19884
18765
17632
16439
15171
13802
12316
10651
8785
6729
4521
2165
-350
-3084
-5875
-8625
-11321
-13875
-16355
-18877
-21333
-23451
-25209
-26589
-27701
-28526
-29088
-29496
-29792
-29952
-30062
-30107
-30091
-30125
-30246
-30462
-30645
-30717
-30685
-30600
-30290
-29789
-29131
-28042
-26547
-24546
-22176
-19501
-16819
-14356
-12344
-10724
-9489
-8553
-7819
-7260
-6843
-6482
-6166
-5953
-5720
-5491
-5202
-4825
-4492
-4137
-3721
-3108
-2378
-1595
-745
91
909
1740
2548
3298
4077
4819
5558
6296
7111
7936
8810
9739
10713
11678
12596
13464
14322
15138
15920
16622
17289
17931
18608
19302
20023
20800
21595
22353
23056
23705
24268
24750
25143
25438
25669
25820
25969
26086
26190
26279
26318
26388
26425
26538
26847
27134
27241
27109
26633
25806
24842
23822
22768
21566
20177
18665
17101
15487
13793
12091
10382
8566
6532
4285
1843
-673
-3133
-5392
-7478
-9637
-11900
-14447
-16961
-19334
-21656
-23757
-25682
-27383
-28838
-30043
-31006
-31759
-32316
-32767
-33037
-33180
-33281
-33468
-33870
-34353
-34925
-35446
-35634
-35534
-34970
-34067
-32874
-31328
-29532
-27514
-25333
-22901
-20466
-18200
-16169
-14337
-12566
-10946
-9472
-8074
-6821
-5795
-5009
-4336
-3798
-3308
-2804
-2361
-2033
-1876
-1716
-1469
-1194
-755
-178
438
1054
1617
2138
2571
2940
3284
3599
3936
4355
4818
5445
6188
7061
8012
9020
10069
11088
12037
12915
13768
14638
15552
16462
17429
18435
19498
20554
21569
22595
23594
24621
25596
26496
27333
28050
28635
29078
29365
29610
29777
29793
29640
29234
28719
28074
27245
26395
25600
24887
24325
23870
23482
23124
22753
22267
21561
20569
19293
17763
15961
13980
11828
9410
6954
4539
2137
-136
-2311
-4515
-6687
-8836
-10868
-12787
-14637
-16440
-18246
-20151
-22098
-24049
-25942
-27732
-29345
-30812
-32099
-33195
-34214
-35139
-35982
-36745
-37443
-38092
-38573
-38652
-38363
-37626
-36439
-34801
-32938
-31127
-29463
-27814
-26021
-24110
-22091
-20016
-18053
-16138
-14252
-12443
-10645
-8885
-7233
-5651
-4189
-2993
-2055
-1414
-1026
-800
-626
-436
-66
336
710
1116
1516
1929
2283
2613
2928
3228
3490
3703
3965
4315
4734
5234
5846
6536
7318
8222
9204
10181
11147
12111
13108
14072
15065
16055
17032
18009
18960
19819
20518
21113
21619
22086
22610
23148
23628
24120
24638
25175
25785
26294
26725
27038
27185
27261
27250
27126
26993
26937
26956
27030
27115
27105
26981
26672
26078
25213
24132
22835
21415
19842
18076
16151
14009
11634
9190
6794
4477
2261
125
-1984
-4092
-6226
-8408
-10690
-13020
-15316
-17560
-19770
-22004
-24168
-26249
-28281
-30193
-31974
-33698
-35411
-37123
-38624
-39599
-40223
-40458
-39961
-38843
-37558
-36308
-34716
-32934
-31206
-29793
-28839
-28140
-27646
-27089
-26494
-25671
-24405
-22590
-20595
-18737
-17190
-15829
-14489
-13056
-11559
-10074
-8690
-7395
-6192
-5077
-3960
-2867
-1904
-1086
-611
-345
-131
145
469
865
1499
2646
4060
5143
5699
5804
5733
5730
5931
6300
6710
7181
7704
8380
9123
10002
10778
11437
12072
12700
13377
14136
14961
15825
16768
17776
18883
20095
21353
22642
23961
25248
26486
27702
28833
29819
30592
31111
31368
31303
30930
30483
30276
30563
31457
32364
32978
33298
33218
32842
32198
31282
30473
29823
29044
28164
27052
25597
23917
21920
19593
17099
14520
11938
9366
6716
4056
1402
-1147
-3767
-6613
-9417
-11933
-14347
-16531
-18590
-20698
-22580
-24426
-26221
-27855
-29460
-30949
-32322
-33527
-34426
-34959
-35030
-34905
-34730
-34687
-34894
-35365
-36024
-36807
-37624
-38252
-38643
-38789
-38637
-38001
-36938
-35530
-33635
-31409
-28908
-26371
-23878
-21407
-18959
-16543
-14379
-12391
-10563
-8949
-7465
-6229
-5190
-4344
-3582
-2886
-2343
-1878
-1435
-960
-529
-158
185
544
813
1035
1306
1674
2114
2594
3184
3853
4677
5624
6756
8011
9287
10585
11908
13210
14448
15627
16791
17963
19103
20178
21172
22182
23187
24111
24922
25562
26051
26459
26777
27110
27507
27912
28349
28832
29330
29779
30086
30066
29863
29385
28835
28165
27461
26879
26261
25549
24841
24113
23393
22718
22064
21350
20428
19234
17770
16022
14040
11840
9424
6934
4484
2088
-73
-2021
-3907
-5819
-7724
-9708
-11614
-13442
-15380
-17410
-19402
-21382
-23381
-25341
-27220
-29019
-30605
-32010
-33135
-33949
-34516
-34807
-34923
-34796
-34509
-34210
-33838
-33489
-33251
-32870
-32428
-31894
-31320
-30562
-29564
-28226
-26652
-24918
-23076
-21145
-19181
-17241
-15297
-13401
-11625
-9990
-8520
-7173
-6018
-5024
-4169
-3489
-2922
-2393
-1926
-1605
-1479
-1346
-1064
-683
-261
147
573
1026
1492
2031
2569
3056
3539
4048
4601
5206
5839
6514
7237
7972
8739
9590
10517
11514
12661
13876
15022
16033
16969
17825
18669
19545
20482
21510
22689
23892
24995
25964
26871
27566
27978
28147
28068
28011
28041
27997
27928
27838
27794
27806
27752
27736
27794
27998
28263
28463
28517
28318
27858
27205
26334
25254
23855
22178
20227
18108
15946
13781
11570
9345
7117
4838
2525
145
-2243
-4498
-6632
-8677
-10666
-12746
-14803
-16764
-18640
-20441
-22224
-23908
-25583
-27205
-28682
-30092
-31369
-32501
-33401
-34083
-34720
-35214
-35560
-35786
-35812
-35622
-35273
-34631
-33827
-33009
