0
-4
-5
-14
-93
-217
-408
-608
-779
-852
-751
-511
-159
247
680
1067
1302
1392
1314
1113
874
606
296
-10
-385
-840
-1372
-1982
-2567
-3105
-3503
-3655
-3548
-3288
-2924
-2634
-2467
-2456
-2604
-2826
-3078
-3304
-3367
-3241
-2880
-2151
-1097
322
2087
4133
6297
8447
10455
12185
13675
14780
15525
15847
15700
15139
14197
13032
11709
10310
8902
7539
6328
5256
4391
3762
3337
3165
3139
3211
3265
3149
2743
2047
1421
908
408
-112
-724
-1368
-2016
-2648
-3196
-3627
-3981
-4366
-4788
-5146
-5462
-5762
-6027
-6344
-6756
-7202
-7700
-8225
-8739
-9340
-9929
-10386
-10675
-10827
-10952
-11044
-11148
-11310
-11503
-11721
-11934
-12106
-12086
-11856
-11308
-10500
-9560
-8649
-7800
-7002
-6367
-5865
-5490
-5246
-4960
-4535
-4030
-3513
-3025
-2650
-2359
-2085
-1814
-1412
-895
-271
414
1050
1675
2253
2705
3103
3408
3643
3885
4060
4266
4436
4512
4547
4448
4189
3741
3086
2350
1587
816
91
-519
-970
-1263
-1517
-1752
-1988
-2227
-2469
-2735
-3020
-3301
-3538
-3776
-3984
-4106
-4129
-4058
-3873
-3569
-3094
-2507
-1724
-756
367
1615
2850
4013
5058
5954
6670
7241
7600
7643
7564
7425
7196
6934
6642
6403
6162
5968
5748
5515
5287
5040
4810
4547
4226
3724
2981
2084
1068
-67
-1192
-2227
-3110
-3763
-4199
-4352
-4305
-4096
-3857
-3724
-3619
-3516
-3508
-3535
-3596
-3815
-4307
-4985
-5758
-6473
-7151
-7767
-8319
-8970
-9608
-10201
-10692
-10945
-11004
-10884
-10645
-10449
-10252
-10141
-10130
-10140
-10174
-10329
-10610
-11013
-11536
-12009
-12277
-12383
-12247
-11880
-11377
-10539
-9414
-8176
-6895
-5696
-4733
-3909
-3190
-2706
-2339
-2064
-1818
-1470
-1044
-528
114
785
1561
2399
3224
3976
4597
5003
5239
5205
4959
4594
4125
3568
2992
2383
1780
1181
588
23
-542
-1081
-1525
-1929
-2309
-2682
-2967
-3176
-3314
-3357
-3326
-3257
-3102
-2926
-2765
-2610
-2493
-2491
-2537
-2637
-2779
-2808
-2608
-2058
-1143
100
1605
3299
4978
6492
7782
8772
9452
9973
10225
10312
10149
9807
9322
8769
8096
7300
6445
5632
4910
4299
3817
3511
3331
3259
3296
3372
3462
3578
3656
3675
3503
3152
2634
2085
1626
1324
1075
988
935
822
535
-54
-735
-1403
-2109
-2747
-3407
-4100
-4736
-5346
-6037
-6817
-7695
-8550
-9280
-9934
-10317
-10573
-10738
-10923
-11210
-11721
-12137
-12301
-12172
-11843
-11568
-11333
-11272
-11289
-11330
-11415
-11545
-11741
-11949
-12139
-12332
-12513
-12610
-12638
-12399
-11975
-11364
-10576
-9607
-8443
-7159
-5901
-4721
-3711
-2856
-2027
-1237
-507
269
979
1673
2421
3166
3862
4504
5061
5517
5863
6071
6244
6316
6247
6034
5669
5163
4553
3879
3135
2355
1581
861
191
-465
-1058
-1576
-1951
-2230
-2405
-2520
-2587
-2578
-2460
-2301
-2099
-1810
-1444
-967
-376
339
1249
2329
3501
4724
5902
6997
7887
8562
9125
9539
9738
9706
9595
9437
9235
9036
8945
8919
8889
8860
8807
8751
8591
8189
7627
6858
5870
4697
3463
2146
794
-498
-1595
-2437
-2885
-2891
-2372
-1366
98
1698
3238
4569
5494
5926
5918
5524
4761
3579
1992
180
-1641
-3220
-4654
-5878
-6903
-7732
-8458
-9134
-9714
-10190
-10474
-10634
-10641
-10550
-10189
-9705
-9223
-8915
-8807
-8776
-8900
-9166
-9455
-10091
-11057
-12375
-13862
-15327
-16546
-17434
-17944
-18130
-17828
-17049
-15752
-14181
-12401
-10597
-8949
-7539
-6324
-5371
-4541
-3733
-2986
-2210
-1510
-874
-209
464
1238
2129
3034
4025
5036
6027
6954
7765
8409
8879
9080
8968
8464
7637
6522
5286
3977
2716
1553
639
-100
-696
-1146
-1590
-1983
-2285
-2490
-2618
-2658
-2650
-2583
-2498
-2343
-2072
-1660
-1063
-317
568
1506
2474
3416
4437
5444
6313
7110
7767
8320
8775
9118
9394
9636
9788
9914
9974
9961
9896
9733
9493
9141
8725
8259
7782
7259
6684
6061
5485
4924
4463
4065
3744
3452
3110
2661
1882
854
-456
-1841
-3067
-4118
-4975
-5552
-5887
-5992
-5908
-5646
-5259
-4792
-4296
-3947
-3756
-3910
-4427
-5185
-5967
-6795
-7515
-8067
-8521
-8871
-9317
-9778
-10047
-10239
-10351
-10511
-10661
-10828
-10922
-11091
-11361
-11675
-12028
-12297
-12346
-12031
-11463
-10829
-10372
-10176
-10152
-10294
-10438
-10464
-10244
-9738
-8900
-7898
-6781
-5710
-4602
-3545
-2722
-2132
-1719
-1427
-1060
-544
137
1029
1985
2879
3709
4369
4845
5179
5293
5345
5288
5240
5219
5287
5386
5419
5283
5036
4588
3984
3254
2466
1629
835
51
-652
-1291
-1893
-2429
-2862
-3140
-3165
-2908
-2407
-1669
-734
407
1659
2846
3961
4893
5629
6236
6664
6914
6928
6753
6472
6171
5874
5671
5537
5506
5630
5906
6234
6567
6936
7247
7537
7719
7791
7711
7499
7142
6715
6257
5765
5268
4786
4286
3807
3252
2647
1900
830
-525
-2026
-3365
-4483
-5454
-6235
-6783
-7114
-7101
-6935
-6570
-6161
-5682
-5163
-4666
-4277
-3934
-3807
-3849
-4093
-4473
-5038
-5668
-6340
-7007
-7543
-7949
-8240
-8427
-8576
-8608
-8494
-8317
-8198
-8175
-8333
-8524
-8748
-8989
-9234
-9546
-9897
-10341
-10935
-11536
-11957
-12078
-11842
-11313
-10519
-9375
-8093
-6841
-5646
-4739
-4045
-3427
-2878
-2260
-1554
-836
-42
738
1450
2177
2909
3638
4355
5025
5633
6207
6654
6985
7151
7139
6951
6612
6076
5454
4750
3940
3068
2115
1139
186
-765
-1604
-2319
-2884
-3274
-3563
-3745
-3855
-3896
-3812
-3643
-3413
-3118
-2775
-2329
-1865
-1392
-855
-183
682
1707
2926
4140
5291
6294
7109
7769
8225
8552
8769
8892
8980
9030
9088
9136
9107
9012
8886
8681
8427
8084
7748
7400
7116
6809
6478
6160
5763
5259
4580
3667
2483
1083
-380
-1709
-2853
-3719
-4242
-4443
-4538
-4578
-4561
-4425
-4196
-3976
-3791
-3691
-3734
-3950
-4227
-4588
-5131
-5744
-6398
-7084
-7783
-8443
-9011
-9440
-9742
-9902
-9958
-9906
-9777
-9690
-9722
-9830
-9924
-9985
-10074
-10308
-10653
-11019
-11338
-11579
-11710
-11691
-11468
-11003
-10323
-9507
-8540
-7582
-6622
-5725
-4938
-4192
-3458
-2863
-2283
-1745
-1294
-757
-200
381
1060
1838
2701
3638
4547
5384
6075
6617
6950
7055
6905
6629
6229
5729
5191
4599
3986
3350
2689
1987
1280
604
5
-539
-1050
-1488
-1878
-2195
-2478
-2666
-2786
-2852
-2834
-2696
-2530
-2352
-2241
-2160
-2024
-1769
-1535
-1335
-1097
-897
-430
277
1158
1973
2807
3581
4473
5419
6292
7068
7675
8231
8724
9122
9429
9582
9580
9494
9282
8968
8651
8307
7925
7549
7179
6852
6535
6215
5854
5438
4896
4141
3199
1989
490
-1266
-2910
-4251
-5201
-5783
-6080
-6129
-5965
-5675
-5194
-4640
-4100
-3616
-3202
-2969
-2924
-3053
-3227
-3426
-3739
-4199
-4875
-5716
-6513
-7162
-7708
-8186
-8637
-9035
-9282
-9401
-9497
-9466
-9324
-9107
-9011
-8993
-9090
-9411
-9826
-10248
-10630
-10854
-10878
-10653
-10251
-9620
-8878
-8059
-7232
-6519
-5984
-5520
-5261
-5039
-4824
-4608
-4129
-3451
-2655
-1725
-744
185
1061
1896
2663
3321
3856
4191
4427
4550
4545
4482
4309
3985
3555
2997
2347
1653
956
302
-266
-753
-1088
-1368
-1581
-1780
-1962
-2137
-2320
-2507
-2645
-2811
-2904
-2998
-3055
-3068
-3062
-3018
-2906
-2772
-2571
-2293
-1957
-1556
-990
-233
930
2386
4149
6097
8062
9901
11597
13040
14217
14985
15425
15443
15008
14131
13022
11816
10688
9771
9104
8613
8323
8137
7918
7761
7609
7444
7282
7155
6946
6462
5709
4720
3471
1988
282
-1761
-3765
-5364
-6424
-7015
-7391
-7479
-7421
-7475
-7557
-7623
-7764
-8083
-8564
-9186
-9841
-10385
-10741
-10981
-11142
-11147
-11028
-10802
-10524
-10302
-10208
-10240
-10457
-10773
-11122
-11458
-11784
-12192
-12619
-12866
-13024
-13100
-13134
-13114
-13145
-13297
-13429
-13489
-13197
-12644
-11884
-10954
-9803
-8524
-7143
-5835
-4719
-3829
-3079
-2412
-1755
-1040
-216
756
1730
2780
3824
4719
5526
6214
6721
7108
7271
7319
7223
6989
6693
6304
5885
5428
4919
4420
3902
3355
2815
2305
1832
1432
1076
800
597
413
271
160
50
56
106
185
304
414
549
703
856
1112
1496
2027
2797
3827
4952
6149
7388
8562
9682
10627
11404
12061
12556
12965
13239
13312
13189
12935
12547
12071
11467
10756
10035
9325
8665
8108
7633
7178
6817
6421
6024
5640
5240
4782
4147
3353
2231
886
-687
-2368
-3973
-5418
-6698
-7740
-8540
-9224
-9688
-10044
-10274
-10348
-10310
-10095
-9785
-9363
-8675
-7663
-6427
-5169
-4150
-3466
-3102
-3095
-3601
-4543
-5858
-7379
-8937
-10413
-11658
-12652
-13240
-13523
-13444
-13120
-12836
-12499
-12145
-11682
-11103
-10321
-9236
-7918
-6510
-5058
-3678
-2447
-1409
-657
-270
-295
-692
-1132
-1440
-1619
-1446
-1069
-491
201
897
1542
2178
2737
3220
3657
4008
4232
4377
4441
4488
4483
4408
4271
4030
3691
3211
2578
1833
981
25
-951
-1867
-2706
-3419
-3990
-4342
-4341
-4043
-3429
-2637
-1704
-780
165
1109
1996
2761
3420
3950
4333
4555
4692
4708
4672
4596
4497
4374
4207
4096
4033
4053
4143
4310
4460
4572
4642
4708
4771
4842
5026
5411
6054
6796
7590
8331
8951
9344
9503
9456
9195
8652
7988
7167
6270
5374
4432
3451
2398
1308
330
-640
-1587
-2502
-3314
-4050
-4726
-5340
-5880
-6329
-6629
-6729
-6742
-6635
-6449
-6350
-6317
-6289
-6312
-6478
-6665
-6874
-7284
-7792
-8320
-8830
-9218
-9494
-9604
-9709
-9869
-9953
-10041
-10193
-10429
-10734
-11177
-11534
-11662
-11483
-10970
-10160
-9118
-7831
-6446
-5230
-4482
-4177
-4384
-4884
-5555
-6376
-7129
-7615
-7834
-7621
-7023
-6114
-4912
-3683
-2445
-1289
-278
560
1286
1934
2521
2977
3376
3773
4174
4613
5105
5522
5788
5872
5798
5569
5244
4870
4692
4406
3936
3281
2487
1688
933
204
-478
-1043
-1460
-1775
-2095
-2383
-2614
-2790
-2810
-2731
-2534
-2253
-1829
-1289
-602
181
1106
2119
3196
4330
5508
6655
7841
9030
10292
11626
12947
14135
15107
15808
16277
16451
16332
15878
15237
14411
13318
12060
10527
8860
7047
5120
3118
1242
-338
-1572
-2540
-3341
-4026
-4716
-5253
-5606
-5964
-6299
-6775
-7227
-7495
-7559
-7437
-7198
-6769
-6216
-5723
-5324
-5118
-5111
-5242
-5452
-5813
-6362
-7062
-7816
-8475
-8979
-9318
-9592
-9808
-9870
-9867
-9787
-9590
-9337
-9149
-9043
-9055
-9115
-9227
-9383
-9593
-9701
-9595
-9295
-9046
-8876
-8764
-8545
-8207
-7712
-7036
-6246
-5338
-4299
-3306
-2374
-1538
-823
-71
629
1214
1686
2041
2353
2671
2997
3273
3511
3644
3771
3860
3843
3802
3729
3554
3304
2920
2450
1960
1409
926
449
57
-264
-568
-848
-1128
-1438
-1741
-2017
-2253
-2380
-2298
-1943
-1190
-121
1101
2412
3716
4923
6016
6745
7217
7320
7122
6798
6342
5761
5158
4597
4170
3935
3850
3996
4427
4955
5593
6285
6949
7549
8053
8475
8758
8853
8751
8483
8056
7539
6996
6403
5745
5098
4482
3965
3518
3117
2690
2104
1462
822
203
-344
-820
-1209
-1446
-1642
-1808
-2039
-2350
-2708
-3081
-3397
-3708
-3990
-4226
-4437
-4664
-4984
-5428
-5931
-6379
-6771
-7018
-7112
-7107
-7044
-7030
-7092
-7167
-7235
-7379
-7459
-7545
-7715
-7913
-8161
-8557
-8817
-9066
-9258
-9358
-9493
-9646
-9631
-9388
-8786
-8025
-7242
-6458
-5687
-5005
-4366
-3850
-3455
-3102
-2774
-2499
-2180
-1896
-1623
-1310
-937
-464
73
688
1314
1885
2379
2805
3132
3340
3464
3558
3761
3920
4059
4177
4219
4153
3996
3711
3303
2771
2105
1241
212
-965
-2217
-3449
-4526
-5247
-5452
-5110
-4158
-2844
-1280
433
2143
3739
5171
6376
7355
8008
8455
8695
8701
8543
8287
7944
7564
7207
6820
6459
6223
6068
6085
6195
6256
6332
6364
6374
6364
6317
6201
6074
5919
5675
5295
4832
4315
3700
2944
2188
1495
1012
618
362
243
161
71
-72
-274
-524
-940
-1474
-2092
-2752
-3396
-4030
-4684
-5247
-5700
-6005
-6205
-6294
-6322
-6307
-6246
-6134
-6012
-5908
-5782
-5578
-5370
-5279
-5401
-5593
-5832
-6156
-6539
-6918
-7364
-7838
-8173
-8518
-8850
-9233
-9615
-9783
-9623
-9113
-8285
-7056
-5691
-4210
-2720
-1461
-437
247
492
503
345
23
-291
-528
-712
-813
-877
-947
-945
-875
-761
-529
-255
104
494
918
1372
1909
2530
3262
4099
4976
5888
6771
7471
7775
7449
6551
5023
3180
1138
-878
-2552
-3808
-4580
-4919
-5122
-5384
-5670
-5978
-6250
-6402
-6415
-6295
-6019
-5634
-5140
-4563
-3878
-3044
-1983
-790
511
1906
3358
4847
6277
7629
8846
9818
10584
11075
11361
11404
11339
11135
10764
10295
9747
9183
8601
8038
7548
7143
6844
6627
6494
6342
6108
5718
5212
4739
4508
4535
4716
5050
5373
5338
5109
4725
4245
3720
3204
2617
1917
1117
215
-784
-1876
-2867
-3636
-4327
-4863
-5388
-5848
-6141
-6222
-6278
-6376
-6692
-7221
-7814
-8334
-8748
-9156
-9566
-9931
-10127
-10199
-10303
-10530
-10792
-11100
-11321
-11520
-11664
-11786
-11992
-12179
-12332
-12443
-12334
-11913
-11152
-10104
-8989
-7890
-6791
-5799
-4954
-4176
-3573
-2998
-2439
-1915
-1254
-508
264
1205
2223
3353
4545
5726
6896
8004
8918
9546
9946
10054
9976
9787
9466
9051
8538
7913
7227
6479
5718
4916
4108
3389
2691
2002
1345
719
172
-271
-609
-825
-940
-968
-958
-849
-739
-576
-369
-146
133
437
776
1127
1465
1820
2215
2599
3044
3589
4171
4819
5544
6269
7066
7864
8576
9228
9793
10193
10433
10436
10341
10177
9891
9549
9167
8740
8255
7709
7139
6575
6070
5615
5196
4858
4489
4029
3334
2367
1162
-311
-1894
-3437
-4992
-6564
-8091
-9437
-10339
-10740
-10605
-10006
-9009
-7710
-6275
-4917
-3737
-2829
-2331
-2276
-2686
-3559
-4754
-6186
-7630
-8938
-9994
-10834
-11435
-11846
-12088
-12191
-12256
-12249
-12196
-11990
-11420
-10503
-9344
-8132
-7127
-6251
-5638
-5223
-5072
-5137
-5343
-5679
-6023
-6221
-6168
-5859
-5319
-4604
-3889
-3200
-2672
-2340
-2148
-2108
-2125
-2124
-2051
-1719
-1206
-596
80
741
1346
1945
2525
3132
3799
4525
5248
5955
6547
6958
7131
7057
6824
6308
5614
4711
3619
2494
1294
64
-1152
-2337
-3428
-4372
-5134
-5676
-5991
-6029
-5808
-5389
-4807
-4059
-3267
-2363
-1412
-397
760
2051
3400
4767
6111
7353
8388
9207
9762
10069
10056
9931
9749
9392
8925
8434
7987
7521
7030
6488
5888
5185
4375
3523
2654
1905
1321
988
959
1228
1799
2571
3534
4536
5386
6000
6096
5791
5099
4089
2923
1683
444
-707
-1802
-2934
-4094
-5118
-5917
-6508
-6834
-6787
-6392
-5737
-4847
-3723
-2491
-1377
-520
19
177
117
-269
-928
-1828
-2878
-4103
-5508
-6883
-8099
-9130
-9939
-10553
-10883
-10903
-10617
-10116
-9412
-8470
-7353
-6085
-4682
-3335
-2236
-1530
-1222
-1348
-1666
-2048
-2234
-2098
-1762
-1287
-717
-261
132
429
624
921
1278
1691
2239
2784
3374
3941
4415
4897
5365
5785
6099
6290
6379
6291
6025
5533
4900
4096
3189
2271
1336
423
-353
-1092
-1758
-2349
-2870
-3289
-3604
-3797
-3872
-3824
-3671
-3436
-3069
-2609
-2077
-1485
-827
-158
594
1322
2002
2695
3314
3849
4388
4894
5375
5947
6623
7499
8488
9547
10596
11583
12458
13086
13456
13542
13308
12727
11838
10591
9135
7518
5830
4114
2497
1010
-255
-1265
-2035
-2618
-3027
-3350
-3750
-4357
-5229
-6115
-6836
-7292
-7423
-7069
-6365
-5456
-4521
-3610
-2873
-2480
-2456
-2918
-3659
-4625
-5774
-6965
-8170
-9245
-10030
-10573
-10915
-11136
-11154
-11009
-10670
-10234
-9782
-9387
-9049
-8937
-9047
-9547
-10211
-11049
-11959
-12775
-13360
-13631
-13465
-12936
-12052
-11027
-10046
-8994
-8085
-7442
-6860
-6203
-5404
-4396
-3272
-2158
-1139
-227
604
1363
2043
2748
3586
4506
5411
6270
7096
7848
8525
9143
9653
10044
10336
10443
10386
10212
9782
9163
8305
7290
6230
5130
4061
3086
2172
1420
772
230
-156
-432
-601
-621
-572
-453
-340
-223
-77
43
52
-80
-340
-740
-1180
-1619
-1906
-2071
-1983
-1431
-495
838
2439
4250
6040
7678
9130
10244
11032
11596
11903
12016
12086
12237
12512
12974
13466
13849
14008
13993
13728
13318
12735
12142
11556
10799
9653
7829
5362
2463
-518
-3323
-5733
-7307
-8018
-8070
-7658
-7017
-6221
-5278
-4374
-3511
-2876
-2658
-3023
-3869
-5099
-6459
-7881
-9145
-10247
-11131
-11866
-12460
-12820
-12863
-12787
-12569
-12483
-12681
-12896
-13074
-13212
-13547
-14021
-14548
-14805
-14763
-14394
-13736
-13009
-12243
-11492
-10728
-9869
-9068
-8230
-7254
-6177
-5072
-4038
-3180
-2379
-1726
-1128
-557
-37
508
1139
1782
2385
2958
3504
4003
4462
4937
5428
5842
6156
6366
6535
6687
6803
6827
6792
6606
6340
5908
5408
4793
4134
3479
2830
2198
1571
955
420
-27
-348
-511
-466
-203
208
670
1167
1753
2385
3159
4187
5506
7119
8951
10824
12599
14055
15170
15793
16068
15971
15506
14720
13694
12426
11051
9684
8389
7289
6544
6238
6477
6883
7150
7195
6911
6344
5588
4696
3709
2629
1537
445
-699
-1881
-2983
-4013
-4959
-5686
-6134
-6314
-6352
-6205
-5984
-5762
-5667
-5686
-5997
-6487
-7103
-7857
-8674
-9500
-10304
-11051
-11781
-12529
-13189
-13738
-14088
-14209
-14065
-13814
-13562
-13262
-12856
-12352
-11894
-11718
-11795
-11956
-12113
-12219
-12265
-12230
-12094
-11680
-10810
-9561
-7889
-6162
-4578
-3089
-1835
-763
102
839
1561
2310
2978
3468
3759
3828
3747
3630
3429
3257
2909
2463
1983
1494
1089
779
563
498
608
847
1000
1039
898
597
257
-111
-316
-247
118
799
1638
2516
3278
3850
4295
4668
4995
5371
5692
6001
6231
6365
6415
6413
6424
6483
6641
6890
7229
7670
8175
8773
9392
10084
10790
11517
12277
12980
13603
14109
14491
14718
14729
14612
14303
13897
13349
12681
11868
10906
9820
8633
7385
6078
4765
3486
2171
744
-748
-2197
-3473
-4430
-5045
-5305
-5393
-5276
-5039
-4717
-4370
-4128
-3992
-3890
-3912
-4039
-4302
-4741
-5401
-6219
-7052
-7905
-8726
-9497
-10198
-10747
-11312
-11824
-12195
-12341
-12382
-12350
-12254
-12082
-12019
-12089
-12240
-12492
-12901
-13290
-13600
-13815
-13691
-13248
-12527
-11713
-10886
-9996
-9123
-8274
-7397
-6556
-5842
-5191
-4742
-4302
-3769
-3142
-2364
-1482
-514
656
2011
3422
4768
5990
6957
7694
8203
8518
8677
8719
8726
8639
8508
8316
7994
7576
7059
6439
5824
5142
4493
3885
3365
2904
2520
2207
1937
1742
1577
1472
1433
1432
1569
1883
2414
3069
3759
4487
5213
5969
6738
7474
8181
8890
9562
10156
10738
11319
11890
12496
13104
13585
13861
13913
13713
13286
12574
11575
10394
9049
7565
6019
4490
3049
1856
1117
621
382
195
10
-317
-815
-1550
-2455
-3565
-4718
-5821
-6779
-7508
-7934
-7977
-7722
-7297
-6746
-6104
-5438
-4911
-4618
-4541
-4632
-4937
-5442
-5935
-6354
-6614
-6702
-6709
-6698
-6653
-6611
-6689
-6904
-7393
-8065
-9078
-10237
-11675
-13254
-14855
-16443
-17815
-18820
-19595
-19940
-19853
-19195
-17979
-16242
-14164
-11774
-9366
-7164
-5427
-4328
-3802
-3503
-3285
-2808
-1947
-722
873
2531
4093
5481
6586
7320
7736
7888
7855
7723
7579
7491
7417
7356
7306
7280
7246
7188
7097
6950
6731
6444
5990
5430
4715
3934
3085
2243
1434
732
149
-278
-568
-677
-688
-535
-217
275
895
1633
2419
3289
4227
5284
6419
7611
8815
10011
11116
12077
12903
13614
14220
14734
15063
15275
15396
15284
14969
14436
13696
12733
11683
10592
9490
8385
7350
6525
5918
5414
4939
4254
3351
2289
1143
35
-976
-1934
-2751
-3491
-4109
-4474
-4570
-4413
-4069
-3579
-3123
-2815
-2674
-2708
-2936
-3232
-3659
-4150
-4766
-5401
-5937
-6390
-6787
-7054
-7261
-7396
-7486
-7590
-7762
-7984
-8323
-8657
-9058
-9496
-9895
-10172
-10535
-10946
-11348
-11862
-12380
-12872
-13196
-13246
-12937
-12241
-11070
-9582
-7815
-5947
-4113
-2509
-1229
-288
277
546
628
515
338
199
223
525
973
1449
1868
2193
2503
2812
3116
3433
3750
4109
4494
4836
5081
5222
5232
5118
4827
4393
3808
3007
2135
1275
604
294
386
1095
2332
4068
6019
7970
9837
11512
12811
13772
14263
14370
14137
13599
12876
12012
11090
10184
9367
8714
8253
8052
8052
8188
8447
8738
8987
9125
9114
8932
8569
8042
7447
6796
6147
5557
5094
4707
4314
3795
2929
1796
402
-1018
-2306
-3496
-4375
-4896
-5178
-5280
-5386
-5726
-6420
-7214
-7888
-8350
-8528
-8642
-8914
-9389
-9994
-10628
-11169
-11478
-11650
-11678
-11658
-11721
-11888
-12188
-12411
-12543
-12552
-12357
-12058
-11754
-11477
-11184
-10973
-10997
-11156
-11410
-11633
-11796
-11842
-11733
-11216
-10467
-9462
-8342
-7163
-6010
-4980
-4057
-3318
-2763
-2243
-1838
-1421
-1010
-556
59
787
1597
2480
3358
4179
5043
5904
6812
7695
8454
9099
9542
9748
9688
9381
8948
8360
7726
7055
6389
5746
5117
4513
3974
3501
3079
2749
2526
2384
2317
2229
2115
2025
1967
1988
2088
2301
2588
2926
3293
3756
4270
4774
5314
5938
6587
7251
7981
8757
9575
10353
11093
11775
12333
12803
13211
13544
13734
13710
13600
13295
12829
12288
11684
11023
10308
9626
8972
8308
7601
6833
6058
5278
4524
3827
3060
2154
1197
170
-802
-1722
-2620
-3467
-4281
-5088
-5770
-6341
-6879
-7383
-7748
-7970
-8125
-8249
-8392
-8551
-8671
-8808
-9007
-9360
-9911
-10532
-11008
-11482
-12015
-12591
-13227
-13851
-14608
-15331
-16000
-16472
-16639
-16488
-16084
-15534
-14989
-14482
-13997
-13493
-12938
-12244
-11487
-10687
-9991
-9355
-8764
-8216
-7516
-6664
-5684
-4463
-3115
-1457
394
2336
4322
6141
7745
9100
10238
11103
11712
12090
12286
12245
12034
11554
10881
10016
8981
7920
6820
5773
4843
4032
3419
2940
2558
2315
2178
2156
2211
2341
2581
2867
3223
3634
4122
4750
5493
6393
7375
8448
9626
10762
11847
12869
13773
14607
15319
15884
16318
16619
16738
16686
16445
15999
15462
14822
14088
13326
12569
11861
11214
10763
10393
10130
9898
9587
9212
8681
8001
7210
6292
5305
4205
2949
1525
-15
-1615
-3214
-4853
-6523
-8087
-9481
-10705
-11675
-12535
-13272
-13950
-14442
-14720
-14745
-14560
-14013
-13272
-12405
-11492
-10828
-10510
-10561
-10973
-11770
-13083
-14617
-16052
-17388
-18706
-19738
-20397
-20476
-20091
-19071
-17528
-15712
-13716
-11908
-10329
-8888
-7782
-6720
-5825
-5057
-4227
-3323
-2142
-747
809
2382
3990
5464
6844
8093
9218
10234
11133
11907
12484
12808
12908
12731
12306
11626
10747
9657
8399
7101
5834
4646
3585
2621
1812
1140
637
251
-65
-287
-432
-502
-544
-512
-423
-244
15
413
904
1524
2231
3041
3854
4647
5481
6286
7058
7793
8507
9256
9970
10621
11234
11761
12236
12668
12921
13066
13186
13146
12867
12481
12027
11520
11013
10539
10123
9666
9171
8661
8090
7393
6558
5555
4399
3102
1575
-147
-1928
-3685
-5403
-6967
-8396
-9589
-10489
-11065
-11347
-11279
-10979
-10528
-9932
-9110
-8257
-7557
-7226
-7122
-7274
-7707
-8362
-9229
-10272
-11344
-12405
-13348
-14068
-14581
-14882
-14999
-15089
-15168
-15241
-15208
-15074
-14820
-14371
-13734
-12956
-12096
-11265
-10393
-9596
-8887
-8187
-7704
-7434
-7343
-7239
-6902
-6200
-5230
-3897
-2442
-897
669
2184
3624
4977
6144
7121
7915
8585
9123
9545
9872
10081
10259
10302
10163
9770
9138
8312
7328
6203
5037
3870
2788
1829
1052
446
118
14
163
513
1067
1760
2571
3424
4237
5034
5797
6572
7419
8335
9313
10343
11438
12548
13587
14446
15117
15532
15660
15551
15173
14619
13938
13175
12412
11673
10961
10300
9727
9221
8860
8555
8265
7853
7276
6544
5625
4533
3345
2128
846
-473
-1769
-3057
-4089
-4914
-5541
-5780
-5650
-5253
-4691
-4005
-3340
-2840
-2732
-2907
-3396
-4276
-5309
-6283
-7110
-7774
-8341
-8808
-9219
-9498
-9704
-9775
-9821
-9875
-9997
-10188
-10437
-10809
-11293
-11822
-12498
-13251
-13924
-14484
-14772
-14715
-14342
-13546
-12511
-11302
-10057
-9063
-8346
-8007
-7907
-7816
-7680
-7314
-6702
-5892
-4814
-3599
-2385
-1241
-230
663
1369
2045
2502
2802
3030
3272
3547
3877
4294
4796
5325
5867
6354
6813
7234
7587
7845
8002
8003
7756
7277
6565
5725
4840
4029
3248
2575
2036
1640
1392
1259
1297
1477
1802
2318
3076
4036
5244
6602
8043
9522
10925
12234
13467
14552
15546
16388
17062
17411
17499
17323
16910
16266
15577
14969
14390
13846
13135
12374
11604
10535
9119
7609
6029
4563
3373
2445
1734
1136
578
16
-557
-1073
-1593
-2009
-2333
-2645
-2928
-3195
-3441
-3822
-4230
-4718
-5299
-5835
-6215
-6419
-6636
-6928
-7343
-7845
-8360
-8839
-9318
-9834
-10159
-10457
-10733
-10990
-11342
-11884
-12479
-13243
-14150
-15251
-16424
-17520
-18563
-19281
-19384
-18737
-17247
-15243
-12927
-10421
-7992
-5661
-3626
-1998
-549
568
1417
2079
2481
2701
2755
2739
2729
2796
2959
3179
3481
3831
4229
4692
5238
5794
6340
6855
7266
7589
7786
7856
7786
7627
7401
7087
6773
6513
6316
5942
5223
4127
2885
1665
536
-244
-418
91
1464
3299
5184
6734
7739
8345
8718
9000
9199
9395
9683
10024
10387
10773
11085
11387
11696
11940
12031
12031
12008
11911
11828
11675
11463
11133
10663
10065
9353
8603
7830
7020
6196
5346
4461
3491
2357
1137
-203
-1484
-2668
-3691
-4513
-5206
-5788
-6143
-6444
-6678
-6830
-6907
-6914
-6946
-6994
-7017
-7149
-7321
-7538
-7757
-8144
-8719
-9464
-10285
-11006
-11591
-12085
-12395
-12320
-11961
-11449
-10986
-10618
-10375
-10396
-10590
-10992
-11511
-12063
-12372
-12294
-11807
-10794
-9445
-7828
-5996
-4161
-2425
-1023
66
817
1258
1651
1963
2390
3065
3842
4869
5882
6862
7750
8346
8729
8902
8833
8690
8483
8266
8093
7841
7550
7131
6622
6063
5410
4735
4025
3281
2546
1860
1302
912
689
560
476
397
293
179
97
9
-58
-124
-121
-61
126
531
1291
2366
3782
5392
7032
8605
10036
11278
12302
13042
13524
13701
13711
13552
13226
12753
12186
11546
10939
10337
9812
9499
9407
9341
9299
9109
8660
8110
7499
6949
6496
6050
5570
4989
4210
3067
1596
-226
-2181
-4178
-5922
-7146
-7901
-8236
-8321
-8178
-7879
-7604
-7304
-7006
-6692
-6634
-6864
-7337
-8014
-8874
-9861
-11063
-12417
-13668
-14820
-15804
-16545
-17092
-17523
-17836
-18094
-18313
-18411
-18304
-18071
-17606
-16915
-16234
-15461
-14562
-13442
-11707
-9412
-6513
-3721
-1515
142
956
1490
1946
2378
2950
3695
4728
5987
7208
8236
8843
9049
8955
8526
7907
7160
6331
5514
4749
4042
3408
2970
2718
2694
2854
3112
3487
3945
4361
4751
5120
5453
5756
6041
6336
6612
6891
7169
7339
7434
7461
7429
7377
7368
7432
7572
7763
8054
8365
8684
9077
9582
10149
10761
11402
12084
12695
13195
13551
13770
13885
13867
13763
13548
13213
12680
12042
11266
10411
9567
8735
7901
7094
6247
5320
4237
3140
1996
741
-594
-2004
-3274
-4225
-5008
-5589
-5915
-6056
-6080
-5955
-5544
-4966
-4350
-3915
-3745
-3660
-3762
-4147
-5041
-6289
-7676
-9003
-10160
-11223
-12294
-13391
-14271
-14775
-14916
-14633
-14246
-13937
-13820
-13846
-13949
-14031
-13946
-13789
-13490
-13036
-12420
-11558
-10468
-9146
-7698
-6294
-4958
-3931
-3150
-2515
-2052
-1466
-778
39
1077
2200
3366
4501
5447
6283
7014
7555
7830
7839
7564
7073
6463
5809
5227
4729
4296
3988
3678
3386
3069
2732
2336
1917
1590
1431
1392
1532
1776
2137
2521
2977
3566
4262
5161
6247
7475
8755
10000
11139
12091
12887
13491
13968
14289
14419
14397
14251
14034
13804
13581
13360
13190
13057
12915
12756
12595
12401
12187
11980
11922
11953
12010
12010
11850
11397
10530
9328
7808
6069
4125
2109
227
-1462
-2940
-4131
-5171
-6036
-6776
-7395
-7940
-8361
-8594
-8549
-8262
-7816
-7277
-6879
-6804
-7193
-7880
-8417
-8647
-8924
-9578
-10990
-12921
-15115
-17411
-19380
-20657
-21013
-20729
-19942
-18818
-17415
-15898
-14238
-12453
-10538
-8702
-6865
-5280
-3898
-2835
-2045
-1455
-993
-621
-259
-69
78
155
256
387
588
881
1266
1670
2158
2746
3491
4266
5049
5773
6424
6978
7479
7951
8418
8860
9279
9646
9895
10002
9985
9913
9656
9246
8636
7884
6975
6012
5041
4177
3579
3234
3191
3367
3655
4044
4364
4580
4670
4670
4700
4758
4861
5088
5475
6036
6738
7532
8365
9190
10003
10780
11419
11983
12405
12660
12784
12702
12435
12046
11535
10953
10358
9796
9270
8869
8540
8329
8188
8185
8193
8061
7678
7112
6263
5109
3667
1964
11
-2138
-4320
-6478
-8655
-10753
-12753
-14683
-16449
-17716
-18451
-18545
-18208
-17574
-16940
-16307
-15710
-15093
-14459
-13784
-12948
-12000
-11069
-10265
-9837
-9588
-9662
-9950
-10498
-11277
-12170
-12939
-13537
-13840
-13891
-13543
-12820
-11762
-10495
-9216
-8010
-6968
-6270
-5862
-5712
-5728
-5562
-5162
-4383
-3288
-1935
-362
1437
3308
5205
6977
8647
10189
11623
12891
13886
14534
14845
14754
14312
13511
12458
11160
9722
8169
6572
4992
3518
2244
1198
400
-122
-386
-370
-151
254
784
1414
2187
3048
3993
5009
6005
6979
7861
8688
9480
10228
11009
11824
12664
13491
14266
14956
15527
15896
16160
16279
16275
16157
15960
15682
15320
14877
14381
13842
13238
12521
11628
10561
9366
8058
6686
5281
3813
2314
751
-774
-2286
-3828
-5414
-7119
-8913
-10590
-12081
-13169
-13752
-13691
-13133
-12190
-10962
-9631
-8374
-7301
-6513
-5973
-5788
-5958
-6507
-7413
-8428
-9511
-10658
-11800
-12899
-13942
-14984
-15893
-16534
-16831
-16754
-16226
-15385
-14035
-12121
-10031
-7930
-6066
-4670
-3687
-3140
-2808
-2715
-2651
-2508
-2338
-2151
-1889
-1497
-804
137
1357
2716
4135
5558
6881
7979
8750
9157
9176
8907
8350
7600
6756
5831
4892
4024
3244
2611
2123
1826
1656
1539
1420
1237
1004
757
590
586
730
1099
1752
2568
3460
4320
5091
5688
6120
6414
6663
6868
7091
7431
7863
8443
9127
9906
10802
11664
12420
12972
13471
14285
15221
16209
17239
18258
19111
19733
20008
19800
19226
18244
17099
15734
14201
12538
10859
9289
7861
6530
5172
3763
2397
1161
21
-996
-1972
-2936
-3866
-4708
-5475
-6138
-6498
-6624
-6584
-6264
-5716
-4968
-4175
-3433
-2841
-2601
-2602
-2921
-3370
-3844
-4294
-4666
-4974
-5240
-5482
-5729
-6005
-6265
-6529
-6834
-7283
-7743
-8220
-8717
-9125
-9520
-9861
-10067
-10128
-10091
-10056
-9993
-9924
-9570
-8907
-8068
-7191
-6370
-5825
-5471
-5413
-5646
-5999
-6282
-6311
-6077
-5636
-5153
-4721
-4369
-4045
-3689
-3287
-2575
-1612
-335
1132
2774
4555
6239
7849
9340
10685
11982
13099
13920
14195
13866
13069
11992
10758
9349
7885
6478
5186
4029
2960
1928
884
-178
-1211
-2110
-2799
-3155
-3157
-2764
-1989
-853
568
2166
3841
5523
7130
8640
9969
11185
12133
12947
13500
13837
13910
13686
13235
12574
11808
10869
9879
8960
8074
7328
6674
6137
5725
5414
5078
4677
4286
3982
3784
3661
3571
3391
3009
2422
1626
700
-351
-1398
-2324
-3063
-3676
-4002
-4128
-4171
-4183
-4313
-4532
-4823
-5198
-5596
-5953
-6182
-6301
-6430
-6683
-7052
-7523
-8064
-8611
-9313
-10039
-10715
-11323
-11908
-12530
-13031
-13491
-13829
-14105
-14243
-14257
-13950
-13189
-12125
-10937
-9634
-8287
-7044
-5996
-4996
-4020
-3123
-2273
-1504
-879
-385
32
420
804
1201
1694
2162
2563
2975
3277
3434
3504
3366
3220
3177
3238
3452
3694
3870
4107
4307
4415
4546
4626
4752
4951
5179
5474
5726
5895
5974
5881
5687
5398
5009
4533
4026
3505
3001
2525
2128
1851
1614
1425
1279
1187
1168
1322
1648
2063
2578
3159
3747
4404
5124
5939
6896
7922
8994
10037
11049
12011
12929
13756
14515
15122
15520
15641
15536
15212
14748
14130
13376
12497
11572
10563
9457
8325
7074
5685
4186
2593
949
-645
-2115
-3472
-4587
-5516
-6186
-6451
-6483
-6406
-6225
-5907
-5517
-5030
-4530
-4074
-3751
-3781
-4137
-4919
-5948
-7130
-8348
-9445
-10364
-11116
-11645
-11978
-12119
-12072
-11889
-11752
-11578
-11484
-11620
-11818
-12034
-12152
-11999
-11564
-10850
-9826
-8612
-7287
-5847
-4345
-2789
-1268
-20
871
1345
1498
1374
1163
958
840
911
1152
1515
1995
2487
3002
3549
4050
4539
4959
5278
5546
5713
5803
5869
5927
5947
5899
5686
5393
4971
4603
4272
4014
3812
3625
3472
3320
3095
2749
2266
1749
1227
747
340
114
37
256
627
1254
2060
2991
4042
5181
6368
7565
8744
9928
11063
12117
13138
14109
14998
15841
16601
17217
17654
17845
17789
17474
16887
16007
14902
13586
12217
10783
9409
8148
7086
6233
5647
5268
5016
4799
4499
3981
3166
2100
911
-477
-2016
-3607
-5107
-6372
-7544
-8458
-9076
-9336
-9337
-9038
-8633
-8235
-7751
-7362
-7056
-6822
-6848
-7106
-7696
-8482
-9368
-10186
-10951
-11672
-12385
-13046
-13704
-14227
-14612
-14904
-15203
-15424
-15441
-15139
-14347
-13149
-11688
-10048
-8312
-6620
-5163
-4048
-3315
-2918
-2918
-3017
-3172
-3310
-3241
-2938
-2284
-1312
-67
1521
3217
4739
6061
7036
7831
8450
8931
9351
9693
9986
10259
10417
10435
10306
10014
9550
8935
8200
7313
6372
5312
4243
3180
2139
1167
351
-337
-844
-1131
-1236
-1145
-857
-427
137
809
1572
2508
3495
4619
5883
7466
9549
12224
15274
18614
21961
25070
27470
29150
29869
29791
28849
27234
24981
22319
19334
16176
13030
9992
7188
4785
2841
1498
638
385
579
1186
1980
2712
3228
3270
2856
1905
373
-1373
-3045
-4527
-5665
-6439
-6900
-7043
-6935
-6690
-6512
-6398
-6332
-6340
-6401
-6602
-6862
-7104
-7335
-7646
-8029
-8484
-8999
-9591
-10169
-10762
-11515
-12407
-13239
-13829
-14212
-14400
-14362
-14260
-14093
-13973
-13951
-14014
-14127
-14142
-14097
-13862
-13437
-12766
-11877
-10804
-9613
-8318
-7020
-5695
-4331
-3056
-1809
-761
97
860
1591
2415
3399
4544
5890
7317
8786
10246
11522
12568
13336
13829
14129
14115
13851
13330
12595
11643
10538
9304
7987
6685
5412
4180
3009
1925
998
272
-226
-491
-531
-342
44
565
1115
1745
2439
3225
4131
5185
6387
7668
9035
10499
11889
13275
14600
15835
16886
17726
18371
18760
18863
18714
18275
17639
16902
16032
15152
14215
13214
12250
11315
10471
9724
9084
8543
7967
7280
6402
5213
3754
2137
455
-1188
-2748
-4162
-5305
-6168
-6757
-6926
-6738
-6265
-5620
-4983
-4322
-3718
-3354
-3317
-3847
-4810
-6027
-7311
-8586
-9830
-11026
-12086
-12987
-13615
-14131
-14344
-14353
-14286
-14118
-13836
-13612
-13552
-13733
-14267
-14959
-15794
-16514
-16965
-17042
-16711
-15943
-14809
-13375
-11821
-10168
-8567
-7201
-5969
-4739
-3533
-2242
-999
173
1336
2567
3895
5164
6412
7526
8292
8674
8735
8561
8316
8098
7920
7857
7879
7958
8104
8264
8435
8531
8496
8353
8151
7702
7115
6371
5575
4894
4140
3505
2989
2710
2636
2790
3092
3504
3963
4480
4981
5470
5924
6374
6842
7367
7897
8507
9191
9951
10837
11758
12766
13722
14541
15296
15879
16345
16719
16903
16945
16833
16554
16114
15623
15054
14404
13709
12913
12039
11150
10162
9042
7880
6665
5398
4168
2955
1693
379
-867
-2099
-3280
-4361
-5301
-6174
-6893
-7423
-7776
-7995
-8172
-8299
-8423
-8530
-8586
-8719
-8795
-8848
-8909
-8872
-8685
-8371
-8065
-7775
-7552
-7536
-7849
-8404
-9136
-9943
-10851
-11717
-12447
-12898
-12978
-12696
-12125
-11391
-10588
-9751
-8847
-7765
-6668
-5647
-4879
-4383
-4281
-4307
-4411
-4405
-4059
-3446
-2488
-1278
93
1516
2960
4310
5612
6826
7986
9093
10199
11190
12019
12610
13051
13213
13139
12773
12132
11317
10271
9187
8125
7250
6322
5459
4650
3840
3066
2284
1476
690
-142
-1045
-2066
-3089
-3974
-4602
-4933
-4898
-4565
-3990
-3145
-2149
-988
284
1680
3194
4896
6791
8886
11077
13293
15442
17440
19110
20464
21420
21986
22096
21826
21067
19927
18436
16771
15013
13156
11252
9394
7647
6216
5114
4466
4134
4150
4373
4560
4606
4305
3601
2481
948
-807
-2673
-4636
-6623
-8528
-10223
-11659
-12638
-13217
-13351
-13198
-12881
-12425
-11938
-11569
-11333
-11351
-11559
-12087
-12842
-13718
-14700
-15630
-16566
-17506
-18216
-18663
-18667
-18149
-17265
-16126
-14872
-13582
-12199
-10899
-9730
-8721
-7921
-7269
-6743
-6271
-5717
-4998
-4151
-3195
-2269
-1400
-659
-145
175
402
763
1146
1596
2052
2537
3064
3656
4319
5076
5766
6390
6804
7078
7110
6990
6708
6358
6034
5812
5856
6196
6860
7792
8882
10066
11215
12069
12659
12967
13100
13115
13091
13047
12978
12920
12805
12561
12290
12159
12290
12576
13013
13590
14188
14699
15161
15492
15650
15661
15529
15317
15143
15037
14938
14776
14494
13993
13294
12342
11234
10001
8728
7405
5896
4191
2386
599
-1172
-2894
-4391
-5686
-6604
-7252
-7598
-7610
-7312
-6854
-6275
-5731
-5295
-5021
-4865
-4924
-5080
-5378
-5853
-6565
-7594
-8730
-9881
-10911
-11624
-12102
-12374
-12558
-12698
-12833
-12931
-13098
-13305
-13754
-14419
-15214
-16106
-16980
-17874
-18638
-19163
-19106
-18279
-16457
-13865
-10747
-7591
-4733
-2540
-1079
-309
61
261
657
1420
2541
3935
5439
6957
8428
9803
11018
12018
12759
13278
13514
13592
13495
13280
12933
12440
11860
11169
10391
9572
8678
7770
6837
5905
4980
4170
3475
2906
2493
2292
2304
2478
2774
3135
3592
4130
4856
5764
6926
8279
9745
11281
12794
14213
15530
16687
17555
18114
18395
18385
18212
17926
17630
17272
16925
16525
16027
15441
14816
14176
13534
12862
12128
11349
10438
9456
8421
7308
6155
4960
3736
2379
956
-403
-1728
-3029
-4212
-5232
-5971
-6517
-6922
-7146
-7189
-7019
-6673
-6229
-5752
-5376
-5176
-5072
-5122
-5285
-5512
-5847
-6302
-6861
-7572
-8435
-9547
-10792
-12173
-13665
-14936
-15939
-16647
-17136
-17544
-17787
-17906
-17983
-18063
-18043
-17704
-17102
-16061
-14600
-12747
-10678
-8648
-6643
-4879
-3608
-2534
-1313
184
1976
3892
5825
7530
8856
9755
10264
10425
10382
10195
9999
9858
9798
9790
9711
9565
9361
9070
8675
8196
7729
7206
6603
5933
5184
4415
3631
2854
2144
1519
1053
786
633
597
670
876
1215
1690
2286
3016
3914
4946
6071
7275
8463
9552
10557
11447
12184
12821
13241
13526
13702
13814
13864
13876
13920
13922
13924
13941
13916
13855
13697
13478
13132
12700
12177
11499
10666
9663
8525
7288
6065
4793
3482
2151
871
-327
-1323
-2043
-2530
-2810
-2892
-2754
-2537
-2252
-1927
-1746
-1743
-2002
-2511
-3409
-4561
-5880
-7222
-8434
-9293
-9817
-10202
-10437
-10458
-10340
-10107
-9866
-9729
-9652
-9559
-9524
-9609
-9843
-10300
-10752
-11301
-11788
-12126
-12220
-12069
-11682
-11174
-10436
-9605
-8739
-7863
-7073
-6484
-6045
-5743
-5519
-5337
-5125
-4864
-4508
-3919
-3086
-1979
-558
1126
3061
5187
7287
9282
11058
12587
13763
14562
15055
15168
15080
14896
14654
14262
13709
12864
11757
10452
9053
7643
6333
5185
4321
3691
3265
3013
2818
2659
2587
2641
2853
3200
3722
4405
5144
5937
6727
7560
8364
9107
9798
10424
10938
11362
11776
12092
12369
12600
12829
12950
12998
12962
12814
12545
12181
11784
11440
11170
10923
10786
10631
10453
10235
9900
9429
8894
8293
7640
6817
5836
4712
3426
1982
413
-1383
-3261
-5069
-6720
-8286
-9817
-10744
-11070
-10898
-10385
-9649
-8937
-8351
-7809
-7440
-7383
-7514
-7996
-8698
-9467
-10179
-10802
-11367
-11918
-12368
-12761
-13046
-13369
-13688
-14074
-14334
-14641
-14836
-14808
-14527
-13866
-12797
-11372
-9631
-7731
-5878
-4085
-2539
-1164
55
1050
1839
2402
2809
3092
3287
3443
3572
3749
4054
4414
4834
5336
5973
6767
7725
8774
9881
10885
11751
12434
12941
13251
13361
13243
12954
12457
11834
11045
10131
9109
8001
6847
5663
4523
3478
2540
1743
1042
402
-142
-620
-994
-1213
-1229
-951
-384
356
1220
2168
3216
4355
5531
6732
7898
9031
10122
11092
11979
12671
13197
13540
13807
13937
14009
14025
13984
13870
13590
13224
12773
12253
11674
11060
10387
9611
8792
7963
7161
6311
5401
4270
2860
1250
-105
-1157
-2010
-2797
-3569
-4155
-4595
-4664
-4492
-4108
-3416
-2545
-1663
-914
-521
-397
-649
-1361
-2498
-3879
-5336
-6728
-7927
-9039
-10150
-11194
-12029
-12479
-12664
-12663
-12511
-12473
-12496
-12466
-12452
-12504
-12708
-13002
-13105
-12848
-12122
-11003
-9368
-7401
-5357
-3464
-2067
-1092
-473
-173
4
179
430
786
1261
1825
2365
2924
3523
4185
4909
5562
6121
6545
6777
6884
6753
6488
6040
5478
4912
4349
3778
3222
2719
2321
1990
1765
1656
1641
1678
1784
1926
2065
2202
2363
2507
2678
2816
3002
3243
3512
3836
4182
4615
5151
5792
6565
7484
8610
9896
11406
12998
14648
16254
17755
19190
20476
21380
21893
22099
21931
21330
20464
19334
18117
16929
15823
14930
14240
13745
13344
12851
12142
11255
10129
8894
7443
5837
4092
2333
538
-1274
-3090
-4821
-6606
-8465
-10278
-12007
-13481
-14476
-14980
-14802
-14143
-13060
-11751
-10417
-9155
-8277
-7806
-7726
-8220
-9118
-10366
-11868
-13483
-14994
-16413
-17703
-18772
-19683
-20311
-20658
-20778
-20818
-20877
-20803
-20541
-19764
-18466
-16804
-14857
-12869
-10866
-8823
-6951
-5259
-3496
-1751
122
2088
4241
6558
8886
11080
12892
14301
15338
15985
16291
16278
16017
15571
15086
14545
13925
13185
12336
11392
10414
9427
8477
7677
6985
6493
6257
6224
6467
6841
7374
7947
8529
9033
9380
9590
9654
9627
9512
9324
9157
9024
8939
8875
8827
8732
8620
8490
8351
8268
8232
8288
8369
8501
8628
8816
9041
9235
9381
9465
9455
9359
9183
8975
8735
8512
8290
8132
7982
7808
7583
7235
6810
6294
5754
5297
4960
4700
4312
3641
2581
1289
-279
-1937
-3310
-4447
-5307
-5831
-6139
-6218
-6195
-6201
-6183
-6306
-6495
-6698
-6884
-7213
-7731
-8510
-9426
-10405
-11466
-12607
-13815
-14946
-15846
-16510
-16744
-16639
-16061
-15170
-14081
-12903
-11887
-11105
-10432
-9770
-9050
-8289
-7390
-6395
-5512
-4676
-3927
-3171
-2297
-1275
-103
1158
2397
3660
4935
6248
7525
8729
9722
10531
11200
11579
11670
11508
11083
10388
9518
8549
7608
6745
6010
5465
5087
4787
4612
4539
4599
4773
5087
5464
5870
6244
6567
6807
7051
7312
7591
7909
8280
8728
9268
9844
10512
11186
11931
12709
13513
14364
15258
16186
17014
17596
18003
18168
18075
17809
17324
16739
15943
14807
13384
11974
10950
10534
10559
10841
11093
10989
10525
9695
8466
6837
4912
2791
526
-1822
-4146
-6355
-8370
-10021
-11137
-11809
-11917
-11589
-10889
-10038
-9173
-8488
-8072
-7900
-8044
-8618
-9420
-10637
-12152
-13917
-15697
-17224
-18508
-19508
-20234
-20656
-20783
-20718
-20377
-19860
-19104
-18144
-16985
-15706
-14410
-13095
-11756
-10295
-8781
-7229
-5644
-4051
-2506
-1098
233
1480
2733
3996
5240
6495
7682
8756
9772
10670
11457
12152
12727
13246
13611
13794
13689
13186
12497
11653
10770
9860
8899
7928
6991
6228
5650
5387
5360
5620
6094
6660
7244
7740
8089
8285
8339
8371
8392
8488
8732
9072
9515
9982
10505
11105
11738
12456
13268
14170
15107
15991
16740
17248
17588
17738
17595
17292
16823
16232
15514
14704
13875
13025
12247
11538
11022
10641
10340
10006
9615
9116
8460
7482
6204
4617
2745
680
-1403
-3438
-5450
-7387
-9229
-10839
-12032
-12896
-13258
-13139
-12341
-10992
-9154
-7115
-5157
-3597
-2567
-2177
-2273
-2819
-3777
-5425
-7759
-10818
-14328
-17976
-21322
-24052
-26356
-28083
-29077
-29305
-28467
-26912
-24345
-21089
-17341
-13359
-9595
-6459
-4267
-3227
-2992
-3099
-3060
-2085
-287
2210
4995
7604
9781
11188
11969
12318
12434
12483
12545
12666
12848
13039
13176
13205
13129
12959
12595
12059
11333
10403
9344
8201
7014
5854
4720
3704
2811
2094
1552
1250
1158
1308
1754
2413
3265
4138
4967
5729
6298
6784
7250
7699
8272
8953
9827
10959
12267
13662
14983
16089
16900
17351
17551
17467
17149
16605
15950
15225
14505
13793
13102
12388
11674
10998
10393
9790
9208
8592
8049
7556
7055
6621
6114
5234
3862
2051
122
-1772
-3610
-5055
-6275
-7166
-7716
-7941
-7892
-7745
-7403
-6994
-6576
-6304
-6289
-6377
-6686
-7130
-7775
-8608
-9403
-10096
-10713
-11276
-11756
-11980
-12174
-12397
-12642
-12972
-13372
-13752
-14006
-14056
-13845
-13448
-12819
-12074
-11316
-10555
-9804
-8969
-8075
-7243
-6562
-6164
-5954
-5960
-6066
-6147
-6078
-5685
-5052
-4133
-2992
-1708
-276
1308
2988
4674
6259
7703
8937
9889
10597
11073
11341
11402
11302
11056
10660
10173
9636
9033
8405
7738
7047
6271
5464
4607
3764
2967
2278
1728
1443
1392
1619
2067
2822
3820
5015
6329
7759
9223
10669
12056
13303
14438
15600
16860
18144
19431
20592
21773
22740
23256
23338
22924
22252
21461
20575
19637
18537
17349
16015
14529
12944
11310
9676
8068
6515
5091
3766
2518
1333
133
-1190
-2582
-4025
-5386
-6628
-7516
-7994
-8002
-7646
-6985
-5993
-4692
-3353
-2211
-1422
-1011
-1114
-1557
-2384
-3549
-4900
-6265
-7567
-8750
-9956
-11020
-11893
-12504
-12900
-13068
-13106
-13034
-12940
-12815
-12750
-12854
-13033
-13162
-13072
-12775
-12177
-11304
-10149
-8905
-7623
-6431
-5377
-4457
-3675
-2948
-2189
-1425
-610
237
1102
1900
2599
3140
3520
3971
4502
5094
5807
6639
7536
8432
9155
9757
10273
10574
10650
10476
10035
9321
8489
7556
6537
5522
4597
3806
3172
2770
2560
2546
2738
3099
3546
4091
4626
5129
5614
6082
6738
7575
8748
10184
11881
13686
15434
17014
18426
19321
19897
20049
19884
19433
18775
17900
16937
15850
14717
13556
12421
11399
10625
10092
9811
9564
9319
9013
8716
8444
8166
7836
7349
6603
5541
4068
2249
172
-2023
-4155
-6088
-7587
-8574
-8993
-8935
-8473
-7699
-6930
-6269
-5724
-5398
-5310
-5456
-5904
-6592
-7567
-8607
-9593
-10450
-11373
-12354
-13189
-13985
-14849
-15868
-16861
-17953
-19028
-20070
-20882
-21548
-21937
-21855
-21343
-20332
-19052
-17489
-15589
-13486
-11427
-9433
-7666
-6264
-5275
-4604
-3987
-3302
-2226
-824
881
2750
4569
6230
7680
8967
10058
10980
11776
12486
13018
13331
13470
13390
13156
12786
12310
11779
11241
10669
10110
9508
8927
8408
8002
7739
7673
7670
7653
7663
7813
8217
8957
10131
11782
13809
15859
17558
18773
19486
19851
19949
19800
19442
18950
18306
17512
16664
15720
14796
13886
13089
12488
12025
11800
11739
11831
12019
12093
12064
11837
11361
10768
9934
8846
7365
5570
3645
1796
212
-952
-1689
-2119
-2318
-2259
-1994
-1586
-1154
-877
-818
-915
-1126
-1454
-1845
-2276
-2855
-3657
-4806
-6061
-7189
-8119
-8781
-9237
-9473
-9681
-9780
-9736
-9492
-8978
-8272
-7672
-7204
-7158
-7588
-8031
-8645
-9340
-10118
-11169
-12244
-13161
-13865
-14520
-15125
-15549
-15611
-15346
-14584
-13341
-11740
-9822
-7771
-5794
-3931
-2372
-1009
164
1128
2121
3259
4555
5947
7323
8706
10012
11224
12305
13163
13820
14224
14378
14238
13871
13288
12535
11639
10697
9767
8849
7958
7098
6288
5677
5237
5102
5238
5751
6494
7350
8224
9071
9779
10348
10712
10930
11009
10970
10909
10850
10923
11105
11476
11973
12519
13016
13502
14045
14634
15244
15728
16055
16232
16229
16084
15716
15241
14721
14136
13548
13034
12537
11993
11317
10487
9376
7917
6313
4605
2936
1337
-150
-1490
-2821
-4189
-5640
-7124
-8554
-9914
-11069
-11942
-12428
-12591
-12642
-12621
-12584
-12474
-12300
-12131
-12008
-12012
-12198
-12441
-12941
-13558
-14002
-14322
-14713
-14924
-15184
-15454
-15883
-16212
-16217
-16044
-15468
-14575
-13276
-11685
-9972
-8188
-6476
-4974
-3670
-2803
-2129
-1579
-1145
-796
-367
259
1051
1925
2846
3678
4412
5007
5484
5988
6469
6879
7276
7634
7954
8229
8476
8683
8908
9077
9139
9067
8860
8551
8132
7633
7112
6606
6184
5858
5696
5696
5902
6211
6575
7009
7443
7887
8358
8807
9383
9962
10576
11243
11964
12820
13704
14613
15463
16266
17119
17983
18774
19481
20109
20546
20775
20840
20702
20380
19806
19022
18068
16939
15671
14315
12910
11507
10208
8975
7822
6686
5536
4282
2991
1572
140
-1344
-2891
-4337
-5604
-6619
-7405
-8150
-8770
-9241
-9442
-9478
-9445
-9403
-9397
-9371
-9385
-9426
-9519
-9696
-10073
-10587
-11300
-11998
-12607
-13254
-13948
-14726
-15363
-15843
-16301
-16691
-17010
-17184
-17084
-16741
-16046
-15043
-13820
-12553
-11352
-10209
-9169
-8256
-7440
-6717
-6022
-5324
-4581
-3684
-2597
-1284
244
1996
3901
5909
7934
9907
11663
13144
14280
15107
15652
16016
16226
16296
16183
15912
15466
14888
14174
13328
12392
11356
10251
9173
8196
7327
6561
5902
5415
5111
4989
5030
5347
5956
6863
8050
9438
10991
12573
14126
15511
16756
17776
18598
19331
19796
20053
19988
19807
19489
18995
18314
17507
16626
15688
14727
13754
12789
11910
11115
10260
9208
7948
6489
4881
3296
1904
799
-93
-765
-1347
-1873
-2421
-3070
-3666
-4118
-4519
-4978
-5483
-6074
-6694
-7308
-7943
-8503
-8861
-9061
-9088
-8982
-8818
-8741
-8672
-8622
-8583
-8787
-9302
-10003
-10880
-11953
-13212
-14594
-15850
-16924
-17745
-18253
-18420
-17934
-16832
-15271
-13308
-11281
-9270
-7318
-5540
-3951
-2662
-1818
-1353
-1174
-1023
-795
-429
241
1137
2378
3753
5150
6481
7550
8388
8975
9390
9643
9828
9942
10070
10252
10482
10752
10991
11139
11173
11039
10708
10232
9591
8841
8064
7307
6619
5976
5445
5067
4905
4901
5038
5362
5795
6393
7147
8028
9108
10345
11694
13064
14409
15674
16763
17708
18508
19401
20060
20404
20837
21139
21654
21838
21666
21182
20163
19107
17774
16216
14530
12713
10814
8930
7214
5730
4612
3783
3228
2747
2218
1517
456
-777
-2081
-3330
-4575
-5728
-6795
-7805
-8573
-8992
-8987
-8563
-8027
-7536
-7182
-7146
-7459
-8061
-8983
-9969
-10846
-11506
-12029
-12455
-12696
-12865
-13023
-13256
-13640
-14067
-14411
-14803
-15187
-15475
-15529
-15198
-14544
-13507
-12260
-10871
-9393
-7961
-6595
-5316
-4218
-3279
-2505
-1872
-1392
-1052
-758
-421
2
545
1230
2150
3219
4428
5645
6795
7864
8755
9533
10171
10647
10944
11134
11255
11287
11261
11171
11024
10803
10490
10028
9508
8948
8399
7842
7279
6698
6174
5732
5413
5223
5173
5354
5804
6519
7550
8833
10235
11682
13121
14538
15860
17010
18016
18766
19263
19496
19575
19499
19271
18925
18427
17840
17123
16336
15513
14680
13885
13188
12625
12105
11596
11046
10420
9717
8970
8189
7380
6499
5553
4483
3363
2276
1286
379
-264
-702
-1090
-1563
-2180
-2917
-3783
-4778
-5844
-6875
-7837
-8644
-9181
-9438
-9433
-9107
-8721
-8553
-8484
-8683
-9056
-9887
-10960
-12166
-13450
-15035
-16794
-18460
-19949
-21292
-22299
-23000
-23180
-23051
-22523
-21757
-20750
-19511
-18129
-16604
-14737
-12582
-10305
-7962
-5749
-3665
-1624
372
2441
4564
6789
8976
11095
13119
14926
16541
17856
18858
19432
19649
19519
19061
18358
17468
16387
15106
13650
12122
10552
8986
7500
6161
5010
4036
3285
2735
2382
2240
2373
2773
3527
4587
6048
7816
9871
12035
14155
16146
17782
19036
19862
20230
20237
19876
19263
18472
17601
16715
15764
14818
13976
13279
12745
12397
12135
11905
11649
11364
10972
10466
9822
9096
8316
7462
6328
4989
3439
1764
43
-1614
-3092
-4437
-5530
-6374
-7119
-7738
-8196
-8527
-8677
-8771
-8743
-8633
-8693
-8762
-8910
-9088
-9394
-9730
-10194
-10781
-11458
-12122
-12797
-13525
-14023
-14357
-14712
-14971
-15208
-15350
-15167
-14657
-13799
-12652
-11335
-9930
-8680
-7699
-7095
-6792
-6552
-6237
-5756
-5043
-4149
-3090
-1904
-755
262
924
1244
1391
1533
1761
2056
2438
2955
3650
4433
5219
5956
6555
7014
7320
7452
7465
7384
7265
7124
6933
6802
6680
6605
6587
6580
6554
6528
6454
6342
6207
6115
6036
5994
5962
6031
6347
6970
7904
9142
10502
11821
12961
13723
14386
15052
15638
16219
16760
17300
17856
18328
18607
18651
18496
18274
17998
17746
17544
17417
17285
17066
16648
16033
15267
14310
13255
12049
10733
9302
7811
6273
4674
2993
1342
12
-979
-1763
-2230
-2504
-2590
-2571
-2467
-2401
-2333
-2422
-2647
-3001
-3675
-4774
-6009
-7421
-8802
-10028
-11158
-12223
-13214
-13971
-14413
-14494
-14337
-14024
-13590
-13172
-12908
-12706
-12528
-12435
-12486
-12625
-12751
-12706
-12463
-11976
-11271
-10195
-9078
-7909
-6685
-5494
-4316
-3077
-1766
-233
1611
3424
5185
6816
8207
9344
9985
10326
10372
10379
10370
10319
10297
10277
10258
10230
10164
10030
9856
9642
9408
9060
8680
8312
7944
7593
7259
7018
6682
6358
5979
5533
4976
4308
3568
2745
1877
1042
306
-325
-730
-930
-874
-475
271
1537
3238
5429
7910
10653
13441
16032
18309
20202
21605
22537
22938
22852
22365
21554
20424
19099
17609
16074
14551
13126
11799
10622
9618
8953
8601
8575
8712
8958
9246
9433
9446
9208
8678
7754
6481
4912
2992
844
-1469
-3933
-6428
-8786
-10839
-12594
-13842
-14566
-14633
-14123
-12980
-11265
-9332
-7465
-5714
-4348
-3343
-2918
-2970
-3701
-4994
-6652
-8505
-10487
-12455
-14345
-15801
-16795
-17369
-17512
-17156
-16484
-15497
-14455
-13345
-12106
-10749
-8999
-6901
-4674
-2533
-998
-328
-282
-551
-870
-1026
-853
-133
1050
2642
4413
6198
7793
9035
9946
10487
10752
10769
10649
10436
10235
10088
10045
10047
10054
9997
9810
9549
9102
8553
7933
7290
6706
6176
5741
5440
5221
5098
5019
5077
5183
5382
5671
6027
6445
6903
7388
7892
8485
9206
10092
11191
12466
13875
15325
16726
18021
19152
20049
20680
21018
20980
20756
20401
19925
19382
18819
18209
17556
16921
16238
15501
14686
13779
12747
11687
10654
9664
8657
7407
5820
3860
1516
-927
-3234
-5224
-6879
-8106
-8932
-9346
-9411
-9256
-8945
-8566
-8155
-7671
-7077
-6395
-5840
-5500
-5398
-5539
-5982
-6715
-7627
-8559
-9502
-10363
-11108
-11767
-12374
-12829
-12958
-12750
-12406
-11994
-11661
-11505
-11537
-11790
-12204
-12596
-12786
-12473
-11503
-10017
-8093
-6048
-4130
-2439
-1091
-30
717
1290
1756
2175
2706
3387
4247
5318
6521
7769
8929
9908
10729
11327
11774
12047
12137
12119
11979
11732
11408
10998
10527
10010
9443
8817
8076
7283
6493
5707
4917
4186
3526
2963
2529
2392
2595
3225
4189
5524
7040
8654
10155
11503
12677
13624
14454
15171
15737
16192
16543
16690
16687
16552
16360
16097
15882
15699
15515
15306
15038
14779
14469
14059
13672
13303
12930
12561
12190
11733
11189
10540
9778
8813
7551
6077
4486
2918
1290
-367
-1931
-3385
-4807
-6160
-7374
-8472
-9409
-10164
-10836
-11321
-11583
-11566
-11211
-10550
-9657
-8813
-8239
-7904
-7951
-8348
-9128
-10286
-11651
-13050
-14459
-16002
-17566
-18882
-19897
-20427
-20501
-20162
-19518
-18518
-17191
-15561
-13753
-11945
-10101
-8306
-6680
-5273
-4344
-3668
-3327
-3160
-3039
-2939
-2617
-2070
-1251
-97
1319
3088
5005
7037
9055
10921
12659
14169
15517
16635
17508
18113
18390
18426
18175
17656
16948
15999
14889
13712
12421
11153
9935
8859
7996
7356
6948
6799
6904
7236
7734
8378
9057
9802
10563
11340
12104
12771
13359
13936
14559
15229
15948
16677
17357
17956
18450
18789
18936
18918
18783
18539
18112
17455
16590
15494
14302
13086
11941
10853
9934
9134
8398
7718
7068
6400
5694
4946
4015
2922
1654
257
-1163
-2649
-4018
-5211
-6164
-6824
-7249
-7426
-7423
-7221
-6855
-6439
-6100
-5891
-5787
-5768
-5896
-6118
-6474
-6863
-7331
-7795
-8264
-8782
-9198
-9533
-9871
-10209
-10647
-11203
-11925
-12758
-13498
-14065
-14384
-14388
-14104
-13428
-12563
-11549
-10558
-9681
-8865
-8148
-7449
-6744
-6073
-5352
-4680
-3935
-3061
-2105
-935
416
1936
3637
5403
7195
8909
10436
11785
12904
13830
14535
15046
15321
15379
15160
14698
14053
13232
12293
11251
10215
9226
8271
7442
6680
6027
5462
5074
4794
4654
4683
4875
5262
5813
6484
7198
7975
8790
9706
10677
11740
12921
14154
15487
16818
18022
19017
19775
20349
20662
20765
20734
20554
20142
19524
18689
17692
16529
15311
14086
12913
11866
10954
10117
9300
8489
7560
6571
5466
4151
2642
923
-864
-2675
-4435
-6017
-7236
-8059
-8532
-8657
-8381
-7884
-7206
-6581
-5977
-5493
-5273
-5329
-5514
-5819
-6191
-6504
-6609
-6436
-6198
-6186
-6562
-7330
-8516
-10010
-11506
-12898
-14163
-15176
-15983
-16508
-16505
-16058
-15139
-13852
-12359
-10651
-8936
-7302
-5792
-4501
-3452
-2625
-2044
-1525
-977
-211
756
1980
3382
4883
6469
8048
9595
10997
12229
13146
13800
14158
14167
13932
13517
13105
12781
12604
12462
12262
11898
11370
10765
9993
9163
8341
7595
7004
6517
6090
5618
5086
4480
3956
3562
3339
3427
3740
4366
5235
6479
7951
9553
11153
12688
14117
15488
16777
17972
19017
19914
20625
21162
21482
21566
21330
20827
20084
19141
18031
16808
15562
14326
13108
11933
10869
9953
9172
8510
7891
7254
6587
5784
4886
3856
2676
1310
-206
-1763
-3356
-4977
-6657
-8262
-9512
-10339
-10719
-10802
-10560
-10110
-9641
-9192
-8800
-8444
-8229
-8265
-8569
-9133
-9772
-10609
-11515
-12502
-13532
-14360
-14848
-14991
-14448
-13357
-11758
-9989
-8284
-6989
-6263
-5995
-6159
-6682
-7396
-8157
-8731
-9005
-8982
-8657
-8181
-7513
-6699
-5699
-4453
-3085
-1607
-67
1586
3303
4976
6576
8075
9445
10542
11424
12110
12636
13054
13296
13403
13291
12970
12424
11667
10744
9748
8724
7738
6894
6176
5547
5008
4551
4190
3941
3747
3616
3541
3579
3731
3980
4401
4960
5615
6390
7255
8226
9262
10506
11930
13556
15393
17334
19238
20921
22327
23423
24108
24340
24065
23439
22469
21197
19694
18073
16430
14814
13277
11895
10714
9798
9042
8441
7870
7217
6395
5324
4152
2884
1472
-136
-1898
-3639
-5285
-6845
-8204
-9285
-10037
-10431
-10370
-9946
-9259
-8547
-7819
-7272
-6897
-6767
-6771
-6977
-7538
-8367
-9382
-10477
-11445
-12343
-13155
-13783
-14222
-14457
-14602
-14616
-14436
-14144
-13739
-13130
-12346
-11434
-10298
-9235
-8174
-7078
-6034
-5033
-4154
-3446
-2856
-2276
-1588
-719
251
1429
2766
4278
5944
7719
9500
11185
12657
13917
14869
15646
16198
16548
16639
16516
16157
15579
14838
13854
12723
11466
10150
8776
7427
6167
5004
4011
3155
2401
1821
1364
1130
1095
1374
1931
2810
3954
5331
6868
8534
10298
11990
13656
15137
16387
17407
18126
18671
19006
19163
19166
19042
18874
18642
18332
17944
17498
16969
16364
15716
15083
14484
13942
13397
12861
12296
11640
10827
9847
8567
6860
4868
2726
606
-1354
-3073
-4488
-5582
-6320
-6894
-7335
-7524
-7580
-7459
-7224
-6830
-6321
-5815
-5336
-4835
-4307
-3956
-3837
-3998
-4397
-5030
-5874
-6692
-7310
-7784
-8113
-8270
-8480
-8666
-8865
-9223
-9556
-9995
-10373
-10574
-10553
-10308
-10016
-9612
-9105
-8522
-7829
-7157
-6585
-6113
-6020
-6074
-6335
-6658
-6810
-6784
-6448
-5768
-4689
-3271
-1631
198
2067
3900
5650
7242
8674
9915
10930
11688
12255
12564
12680
12567
12303
11837
11222
10485
9667
8838
8025
7239
6501
5855
5321
4880
4505
4221
3986
3838
3769
3881
4209
4783
5646
6996
8750
10892
13252
15726
18097
20244
22030
23376
24214
24656
24709
24516
24041
23405
22545
21550
20437
19208
17831
16390
14922
13508
12183
11024
9940
8858
7695
6422
5088
3769
2600
1698
964
327
-174
-569
-804
-897
-862
-752
-566
-418
-298
-285
-335
-518
-1001
-1919
-3369
-5338
-7481
-8968
-9420
-9129
-8891
-9055
-9624
-10391
-10860
-10834
-10122
-9176
-8299
-7536
-7120
-7082
-7595
-8370
-9390
-10318
-11005
-11534
-11969
-12238
-12341
-12007
-11306
-10334
-9145
-7995
-7088
-6336
-5766
-5326
-4857
-4314
-3579
-2800
-1860
-934
-85
842
1909
3180
4696
6522
8643
10948
13156
14957
16290
17142
17604
17622
17255
16632
15829
14803
13561
12315
11075
9822
8478
7072
5733
4482
3349
2306
1351
484
-252
-829
-1137
-1105
-674
399
1894
3922
6280
8928
11742
14553
17321
19905
22124
23881
24837
25202
25191
24944
24361
23574
22751
21746
20665
19438
17976
16340
14705
13216
12026
11183
10546
9901
9222
8564
7983
7519
7069
6531
5837
5012
4057
2790
1201
-428
-2107
-3935
-5798
-7516
-9107
-10540
-11715
-12598
-13253
-13650
-13583
-13107
-12210
-10822
-9032
-7198
-5450
-3868
-2669
-1964
-2008
-2550
-3559
-4766
-6065
-7429
-8850
-10087
-11052
-11625
-11983
-12135
-12257
-12369
-12560
-12759
-12863
-12659
-12011
-10954
-9696
-8354
-7081
-5944
-5137
-4611
-4328
-4256
-4133
-3711
-3067
-2121
-899
520
2152
3860
5625
7298
8826
10155
11251
12165
12930
13583
14203
14674
15076
15377
15631
15795
15756
15475
14913
14281
13318
12165
10783
9276
7729
6170
4662
3199
1846
704
-265
-929
-1370
-1485
-1220
-422
949
3065
5843
9176
12768
16338
19670
22635
24967
26817
28008
28523
28398
27789
26656
25146
23346
21298
19123
16833
14563
12438
10523
8980
7787
6962
6327
5887
5578
5343
5191
5032
4812
4406
3821
3162
2410
1670
1047
507
58
-366
-900
-1640
-2368
-2975
-3505
-4237
-5110
-6156
-7276
-8350
-9145
-9556
-9576
-9434
-9119
-8736
-8386
-8110
-8002
-8209
-8757
-9506
-10440
-11398
-12440
-13443
-14352
-15164
-15727
-15942
-15725
-14953
-13814
-12381
-10896
-9359
-7855
-6419
-5040
-3749
-2654
-1710
-986
-339
259
871
1525
2215
3023
3999
5246
6653
8102
9508
10794
11866
12728
13364
13790
13963
13919
13682
13227
12608
11945
11259
10602
10001
9511
8907
8164
7294
6288
5273
4323
3610
3187
3153
3556
4308
5262
6297
7314
8203
9035
9806
10619
11406
12155
12899
13686
14481
15281
16024
16719
17282
17692
17991
18174
18324
18314
18144
17877
17477
16904
16169
15349
14405
13373
12227
11065
9879
8724
7661
6730
5922
5108
4311
3425
2437
1458
483
-404
-1164
-1801
-2292
-2654
-2938
-3192
-3370
-3496
-3645
-3833
-4039
-4239
-4369
-4463
-4544
-4690
-4960
-5207
-5534
-5943
-6313
-6733
-7160
-7659
-8308
-9017
