0
0
0
0
0
0
0
0
0
0
0
0
0
0
0
0
0
0
0
0
0
0
0
0
0
0
0
0
0
0
0
0
0
0
0
0
0
0
0
0
0
0
0
0
0
0
0
0
165
322
471
604
723
826
915
986
1035
1063
1068
888
693
484
261
21
-233
-499
-767
-1023
-1249
-1442
-1612
-1757
-1874
-1959
-2014
-2045
-2060
-2063
-2065
-2077
-2103
-2136
-2175
-2216
-2257
-2296
-2331
-2355
-2369
-2372
-2370
-2360
-2344
-2323
-2308
-2301
-2303
-2313
-2333
-2363
-2406
-2459
-2519
-2589
-2669
-2752
-2834
-2910
-2981
-3041
-3091
-3130
-3163
-3189
-3204
-3207
-3204
-3198
-3191
-3186
-3187
-3196
-3212
-3237
-3275
-3322
-3375
-3430
-3478
-3511
-3527
-3524
-3507
-3474
-3422
-3352
-3270
-3175
-3066
-2943
-2814
-2676
-2525
-2362
-2186
-1999
-1800
-1588
-1368
-1147
-929
-708
-488
-271
-54
159
366
569
766
960
1155
1349
1537
1720
1898
2072
2246
2420
2593
2770
2949
3130
3311
3492
3671
3845
4013
4179
4347
4516
4684
4848
5002
5144
5271
5382
5475
5551
5608
5637
5633
5593
5518
5409
5270
5105
4916
4709
4480
4230
3964
3687
3405
3119
2832
2542
2249
1955
1655
1345
1024
695
360
18
-324
-661
-990
-1302
-1594
-1857
-2081
-2264
-2413
-2531
-2620
-2681
-2721
-2742
-2754
-2760
-2772
-2796
-2833
-2880
-2932
-2987
-3048
-3112
-3177
-3242
-3307
-3369
-3425
-3473
-3510
-3539
-3561
-3580
-3600
-3621
-3639
-3653
-3665
-3675
-3680
-3683
-3689
-3698
-3712
-3730
-3750
-3768
-3777
-3773
-3759
-3741
-3716
-3673
-3600
-3497
-3370
-3224
-3063
-2892
-2709
-2514
-2302
-2071
-1827
-1579
-1323
-1051
-759
-456
-145
168
482
795
1101
1398
1680
1948
2199
2433
2654
2869
3079
3283
3482
3675
3868
4062
4255
4444
4626
4799
4955
5094
5216
5320
5389
5410
5381
5315
5225
5105
4961
4799
4624
4433
4228
4031
3854
3699
3556
3417
3289
3168
3049
2921
2779
2620
2438
2227
1984
1709
1405
1076
728
367
5
-352
-701
-1035
-1346
-1627
-1878
-2106
-2315
-2510
-2687
-2846
-2982
-3097
-3198
-3290
-3379
-3460
-3530
-3588
-3635
-3679
-3724
-3768
-3814
-3857
-3899
-3943
-3987
-4030
-4075
-4121
-4166
-4212
-4258
-4297
-4332
-4360
-4371
-4373
-4360
-4319
-4254
-4168
-4063
-3943
-3810
-3659
-3494
-3320
-3133
-2940
-2748
-2557
-2364
-2162
-1952
-1734
-1505
-1264
-1012
-750
-478
-196
94
391
690
991
1291
1587
1886
2187
2491
2797
3104
3411
3718
4023
4319
4605
4876
5121
5337
5520
5674
5798
5886
5939
5964
5966
5944
5897
5833
5751
5652
5533
5392
5233
5061
4873
4667
4452
4228
3993
3742
3466
3168
2848
2505
2139
1749
1340
911
467
20
-417
-830
-1214
-1567
-1887
-2173
-2427
-2649
-2838
-2997
-3136
-3263
-3382
-3498
-3610
-3717
-3818
-3911
-3998
-4078
-4154
-4225
-4290
-4349
-4399
-4439
-4470
-4493
-4516
-4540
-4564
-4586
-4604
-4617
-4622
-4619
-4606
-4589
-4570
-4539
-4491
-4426
-4342
-4236
-4109
-3961
-3800
-3629
-3439
-3226
-2992
-2742
-2476
-2196
-1903
-1602
-1293
-974
-643
-305
35
375
715
1051
1378
1698
2018
2342
2669
2997
3323
3641
3955
4269
4587
4905
5207
5484
5732
5955
6148
6308
6434
6518
6559
6553
6512
6446
6356
6236
6080
5889
5674
5451
5226
4993
4747
4481
4192
3877
3535
3174
2793
2390
1956
1495
1015
525
39
-432
-875
-1277
-1639
-1963
-2242
-2478
-2681
-2855
-3006
-3137
-3254
-3360
-3466
-3576
-3686
-3793
-3894
-3984
-4065
-4137
-4203
-4264
-4324
-4374
-4416
-4449
-4478
-4504
-4529
-4552
-4573
-4591
-4605
-4614
-4619
-4618
-4612
-4597
-4571
-4533
-4473
-4384
-4274
-4144
-3993
-3825
-3636
-3426
-3198
-2948
-2677
-2393
-2102
-1801
-1485
-1155
-809
-454
-94
268
632
994
1355
1717
2082
2444
2800
3146
3485
3825
4164
4501
4831
5144
5435
5701
5938
6151
6333
6472
6560
6597
6591
5598
4589
3570
2542
1504
457
-590
-1625
-2640
-3639
-4627
-4655
-4681
-4702
-4719
-4725
-4723
-4716
-4702
-4680
-4651
-4605
-4535
-4442
-4337
-4226
-4108
-3979
-3830
-3663
-3476
-3267
-3041
-2803
-2555
-2290
-2005
-1698
-1372
-1032
-682
-330
24
382
739
1095
1448
1799
2144
2484
2819
3151
3485
3825
4164
4497
4818
5126
5424
5711
5986
6235
6443
6601
6710
6773
6786
6758
6691
6579
6414
6198
5942
5669
5395
5115
4827
4543
4252
3945
3629
3305
2978
2642
2293
1915
1514
1095
659
224
-198
-603
-982
-1337
-1668
-1972
-2249
-2501
-2732
-2937
-3125
-3299
-3460
-3615
-3763
-3898
-4019
-4122
-4208
-4278
-4337
-4383
-4421
-4452
-4479
-4501
-4519
-4534
-4546
-4553
-4561
-4566
-4571
-4578
-4581
-4579
-4573
-4557
-4523
-4474
-4411
-4331
-4235
-4118
-3980
-3823
-3646
-3448
-3231
-3002
-2757
-2490
-2199
-1889
-1561
-1216
-858
-491
-117
256
632
1004
1369
1727
2078
2423
2764
3101
3438
3784
4136
4487
4835
5176
5505
5819
6111
6371
6597
6777
6897
6959
6969
6926
6834
6696
6505
6270
6001
5703
5393
5078
4754
4420
4081
3741
3406
3080
2756
2431
2105
1769
1422
1071
716
359
0
-360
-715
-1060
-1391
-1707
-2009
-2296
-2567
-2820
-3052
-3264
-3458
-3632
-3791
-3933
-4056
-4156
-4229
-4277
-4306
-4322
-4331
-4338
-4343
-4347
-4354
-4366
-4383
-4406
-4429
-4452
-4474
-4491
-4504
-4515
-4521
-4519
-4509
-4486
-4448
-4397
-4330
-4247
-4150
-4033
-3891
-3724
-3537
-3329
-3105
-2867
-2616
-2351
-2070
-1774
-1466
-1149
-827
-494
-149
202
557
917
1278
1639
2003
2368
2732
3095
3452
3805
4158
4505
4836
5146
5437
5704
5945
6152
6317
6438
6501
6510
6470
6393
6286
6145
5972
5774
5556
5321
5079
4845
4611
4379
4146
3898
3633
3348
3038
2710
2372
2027
1662
1276
870
452
37
-357
-725
-1066
-1386
-1688
-1975
-2239
-2474
-2681
-2862
-3022
-3168
-3302
-3428
-3546
-3650
-3740
-3815
-3877
-3933
-3985
-4036
-4090
-4147
-4205
-4261
-4321
-4386
-4459
-4534
-4605
-4671
-4731
-4783
-4828
-4862
-4885
-4895
-4884
-4849
-4794
-4718
-4616
-4490
-4340
-4165
-3973
-3759
-3523
-3272
-3011
-2740
-2457
-2171
-1881
-1588
-1292
-989
-680
-363
-42
285
617
956
1300
1647
1991
2336
2683
3030
3376
3719
4056
4385
4699
4998
5285
5559
5813
6033
6211
6347
6441
6491
6505
6486
6433
6343
6211
6045
5855
5653
5437
5214
4991
4761
4523
4277
4027
3768
3494
3207
2906
2586
2246
1881
1497
1098
691
282
-116
-494
-852
-1188
-1497
-1781
-2039
-2274
-2492
-2693
-2878
-3050
-3211
-3359
-3496
-3621
-3736
-3841
-3933
-4010
-4075
-4129
-4175
-4215
-4250
-4281
-4312
-4342
-4369
-4396
-4422
-4446
-4472
-4496
-4518
-4539
-4559
-4574
-4586
-4596
-4598
-4596
-4587
-4560
-4514
-4445
-4347
-4214
-4047
-3849
-3622
-3373
-3101
-2806
-2498
-2180
-1855
-1529
-1205
-882
-558
-233
95
424
755
1088
1422
1750
2072
2386
2688
2984
3280
3571
3858
4146
4447
4759
5084
5419
5759
6100
6433
6750
7026
7222
7328
7415
7500
7494
7333
7047
6705
6349
5981
5598
5224
4870
4469
4007
3571
3224
2936
2644
2308
1941
1587
1262
951
639
323
10
-289
-570
-833
-1075
-1302
-1523
-1739
-1952
-2162
-2348
-2488
-2586
-2657
-2726
-2825
-2965
-3124
-3255
-3335
-3371
-3402
-3464
-3561
-3680
-3784
-3829
-3808
-3752
-3712
-3710
-3737
-3775
-3808
-3829
-3841
-3853
-3875
-3910
-3948
-3978
-3998
-4006
-4001
-3986
-3965
-3934
-3900
-3865
-3823
-3768
-3696
-3603
-3493
-3372
-3248
-3124
-2995
-2855
-2697
-2522
-2338
-2159
-1988
-1816
-1635
-1429
-1197
-946
-679
-402
-120
169
466
772
1084
1393
1691
1981
2268
2548
2823
3092
3350
3600
3844
4079
4309
4537
4756
4958
5147
5329
5506
5685
5856
6011
6150
6260
6334
6383
6407
6394
6339
6239
6084
5891
5666
5406
5126
4834
4525
4205
3884
3563
3239
2907
2567
2222
1875
1524
1169
803
427
48
-327
-696
-1039
-1355
-1652
-1926
-2180
-2424
-2651
-2861
-3057
-3235
-3394
-3537
-3668
-3783
-3887
-3979
-4049
-4096
-4118
-4124
-4120
-4117
-4119
-4125
-4135
-4146
-4158
-4175
-4197
-4222
-4247
-4273
-4294
-4308
-4320
-4330
-4335
-4341
-4350
-4356
-4362
-4361
-4341
-4305
-4254
-4182
-4093
-3987
-3857
-3698
-3511
-3297
-3062
-2818
-2560
-2291
-2010
-1717
-1408
-1084
-749
-407
-64
276
616
954
1294
1628
1958
2281
2596
2904
3204
3495
3782
4066
4341
4606
4861
5094
5297
5465
5597
5694
5758
5788
5784
5746
5670
5564
5442
5309
5168
5024
4871
4713
4558
4405
4254
4102
3948
3784
3610
3425
3219
2994
2747
2470
2162
1831
1486
1131
775
425
88
-230
-529
-806
-1064
-1305
-1527
-1734
-1935
-2133
-2335
-2538
-2732
-2910
-3070
-3213
-3338
-3450
-3545
-3620
-3677
-3714
-3739
-3758
-3780
-3804
-3827
-3847
-3867
-3887
-3906
-3925
-3941
-3951
-3958
-3955
-3940
-3920
-3896
-3869
-3842
-3815
-3787
-3758
-3726
-3678
-3622
-3558
-3482
-3395
-3298
-3191
-3070
-2930
-2773
-2605
-2435
-2268
-2098
-1923
-1741
-1540
-1315
-1074
-822
-559
-286
-1
295
597
902
1209
1513
1814
2110
2399
2682
2960
3234
3507
3777
4040
4291
4530
4747
4937
5107
5255
5384
5489
5562
5605
5623
5616
5581
5530
5464
5373
5260
5120
4954
4771
4581
4381
4171
3954
3724
3476
3217
2949
2669
2383
2087
1774
1447
1113
770
425
91
-233
-543
-833
-1101
-1342
-1554
-1738
-1898
-2034
-2158
-2274
-2376
-2469
-2555
-2635
-2715
-2794
-2872
-2946
-3013
-3065
-3105
-3134
-3154
-3168
-3177
-3182
-3185
-3186
-3181
-3170
-3156
-3135
-3113
-3092
-3067
-3038
-3006
-2974
-2946
-2934
-2938
-2957
-2990
-3035
-3091
-3157
-3228
-3296
-3355
-3395
-3410
-3403
-3377
-3328
-3255
-3158
-3044
-2918
-2783
-2641
-2499
-2352
-2192
-2014
-1817
-1610
-1392
-1156
-903
-626
-329
-15
302
614
913
1197
1474
1748
2014
2272
2511
2734
2946
3154
3362
3569
3770
3964
4150
4325
4494
4658
4809
4946
5070
5178
5274
5358
5424
5464
5480
5469
5429
5359
5266
5147
5006
4844
4673
4493
4307
4112
3908
3699
3487
3269
3039
2805
2552
2280
1996
1702
1405
1113
831
561
305
63
-168
-385
-591
-797
-1000
-1208
-1431
-1675
-1938
-2215
-2492
-2758
-3003
-3226
-3418
-3576
-3698
-3781
-3824
-3829
-3803
-3760
-3712
-3665
-3618
-3576
-3539
-3505
-3478
-3457
-3440
-3425
-3415
-3406
-3401
-3403
-3411
-3424
-3441
-3463
-3488
-3518
-3559
-3605
-3652
-3700
-3745
-3781
-3804
-3812
-3802
-3777
-3736
-3669
-3583
-3481
-3355
-3205
-3038
-2861
-2681
-2494
-2295
-2083
-1854
-1607
-1342
-1065
-779
-486
-187
118
423
727
1025
1309
1579
1841
2093
2331
2559
2780
2997
3210
3420
3625
3831
4038
4241
4437
4627
4806
4969
5105
5210
5274
5289
5268
5213
5117
4990
4843
4678
4497
4312
4130
3962
3817
3686
3567
3467
3381
3297
3208
3113
3010
2890
2759
2614
2448
2254
2030
1777
1507
1229
944
655
365
70
-221
-502
-769
-1019
-1250
-1468
-1677
-1875
-2063
-2241
-2406
-2558
-2702
-2835
-2955
-3066
-3170
-3264
-3351
-3425
-3488
-3539
-3586
-3630
-3677
-3728
-3777
-3824
-3868
-3911
-3954
-4000
-4042
-4081
-4118
-4147
-4167
-4180
-4183
-4176
-4164
-4152
-4137
-4124
-4104
-4065
-4012
-3947
-3872
-3781
-3675
-3550
-3401
-3230
-3033
-2821
-2604
-2382
-2156
-1929
-1702
-1470
-1233
-982
-725
-468
-205
61
333
613
900
1189
1472
1751
2021
2286
2551
2813
3073
3329
3578
3822
4060
4291
4517
4732
4938
5135
5323
5489
5630
5748
5838
5902
5940
5945
5921
5871
5785
5668
5535
5383
5211
5026
4834
4640
4455
4275
4087
3891
3675
3434
3172
2893
2593
2273
1930
1557
1167
776
392
29
-299
-596
-862
-1094
-1305
-1494
-1658
-1809
-1958
-2111
-2274
-2450
-2627
-2796
-2960
-3111
-3247
-3373
-3485
-3576
-3641
-3682
-3705
-3719
-3731
-3740
-3748
-3757
-3766
-3778
-3794
-3812
-3833
-3858
-3883
-3908
-3936
-3963
-3987
-4012
-4033
-4051
-4070
-4085
-4098
-4113
-4125
-4126
-4113
-4087
-4042
-3975
-3884
-3766
-3628
-3471
-3287
-3079
-2855
-2618
-2371
-2117
-1862
-1604
-1341
-1066
-778
-486
-193
101
396
690
981
1271
1556
1835
2105
2367
2624
2880
3133
3385
3633
3878
4121
4361
4594
4822
5043
5253
5434
5576
5667
5709
5708
5665
5581
5463
5317
5141
4941
4734
4537
4357
4196
4050
3913
3790
3681
3574
3464
3347
3210
3045
2859
2649
2418
2171
1904
1619
1327
1040
766
517
293
89
-98
-275
-449
-624
-808
-1015
-1252
-1525
-1831
-2157
-2486
-2808
-3108
-3377
-3610
-3802
-3950
-4050
-4102
-4112
-4093
-4057
-4013
-3973
-3942
-3923
-3919
-3930
-3955
-3994
-4038
-4086
-4135
-4181
-4222
-4258
-4293
-4324
-4354
-4381
-4398
-4404
-4395
-4369
-4329
-4284
-4229
-4157
-4063
-3943
-3792
-3616
-3424
-3227
-3024
-2812
-2582
-2334
-2067
-1789
-1495
-1192
-884
-566
-236
101
441
782
1119
1446
1762
2061
2348
2624
2887
3137
3379
3619
3860
4097
4331
4567
4806
5046
5284
5515
5737
5948
6137
6301
6441
6543
6606
6635
6622
6567
6479
6360
6203
6012
5791
5545
5291
5038
4779
4513
4244
3956
3637
3291
2920
2530
2125
1703
1266
819
371
-67
-470
-820
-1114
-1351
-1542
-1699
-1824
-1932
-2036
-2142
-2255
-2383
-2525
-2678
-2839
-3005
-3170
-3327
-3464
-3572
-3647
-3694
-3723
-3740
-3753
-3763
-3767
-3769
-3774
-3787
-3810
-3847
-3896
-3950
-4006
-4066
-4122
-4176
-4224
-4263
-4293
-4313
-4324
-4320
-4309
-4288
-4253
-4199
-4131
-4050
-3958
-3854
-3732
-3593
-3439
-3265
-3068
-2856
-2641
-2422
-2200
-1973
-1741
-1509
-1275
-1040
-803
-564
-319
-60
215
498
785
1075
1367
1658
1952
2252
2546
2832
3101
3357
3609
3854
4093
4330
4559
4765
4940
5086
5201
5287
5345
5371
5376
5361
5319
5259
5188
5104
5009
4908
4800
4680
4552
4410
4254
4091
3929
3769
3610
3446
3268
3080
2884
2670
2435
2181
1903
1601
1276
941
600
263
-67
-392
-696
-979
-1243
-1491
-1730
-1962
-2184
-2394
-2592
-2777
-2951
-3117
-3270
-3404
-3522
-3620
-3702
-3769
-3821
-3863
-3896
-3924
-3951
-3974
-3996
-4021
-4049
-4079
-4115
-4155
-4196
-4239
-4283
-4322
-4364
-4404
-4433
-4454
-4466
-4464
-4454
-4432
-4389
-4325
-4244
-4139
-4009
-3860
-3693
-3510
-3318
-3114
-2903
-2690
-2472
-2251
-2029
-1807
-1579
-1336
-1076
-798
-500
-183
146
491
847
1210
1574
1937
2291
2633
2966
3285
3591
3885
4166
4435
4693
4936
5163
5378
5580
5766
5940
6100
6240
6355
6431
6461
6457
6417
6340
6230
6095
5927
5733
5517
5280
5040
4794
4531
4246
3946
3629
3284
2917
2531
2119
1692
1263
838
420
12
-385
-773
-1136
-1466
-1765
-2023
-2243
-2442
-2623
-2777
-2906
-3010
-3090
-3158
-3223
-3292
-3367
-3447
-3527
-3600
-3670
-3737
-3803
-3870
-3935
-3996
-4051
-4104
-4154
-4204
-4259
-4314
-4369
-4422
-4469
-4511
-4548
-4578
-4603
-4622
-4632
-4632
-4623
-4595
-4545
-4480
-4392
-4283
-4155
-4003
-3823
-3615
-3381
-3123
-2855
-2580
-2299
-2013
-1720
-1416
-1101
-780
-458
-134
190
517
847
1183
1521
1861
2198
2527
2848
3163
3474
3781
4081
4375
4661
4940
5205
5450
5675
5881
6064
6211
6314
6375
6395
6373
6316
6224
6101
5950
5767
5549
5312
5075
4836
4601
4375
4144
3900
3629
3334
3022
2700
2369
2022
1658
1277
880
476
82
-276
-605
-906
-1174
-1417
-1633
-1826
-2002
-2169
-2329
-2493
-2661
-2827
-2988
-3142
-3282
-3411
-3528
-3632
-3721
-3791
-3837
-3866
-3883
-3900
-3920
-3940
-3964
-3991
-4017
-4046
-4077
-4108
-4141
-4172
-4196
-4220
-4242
-4257
-4263
-4260
-4245
-4220
-4182
-4125
-4050
-3955
-3836
-3700
-3552
-3390
-3214
-3027
-2834
-2638
-2435
-2223
-2001
-1769
-1523
-1259
-976
-673
-349
-1
367
749
1137
1527
1919
2307
2693
3069
3432
3780
4115
4436
4738
5020
5277
5505
5700
5854
5968
6045
6077
6066
6014
5924
5812
5682
5532
5369
5201
5026
4850
4686
4535
4392
4254
4111
3958
3794
3613
3416
3205
2972
2704
2401
2064
1706
1331
945
552
161
-229
-618
-999
-1367
-1717
-2041
-2343
-2624
-2882
-3115
-3319
-3493
-3635
-3749
-3833
-3894
-3941
-3976
-4002
-4020
-4033
-4045
-4061
-4081
-4102
-4124
-4147
-4168
-4186
-4205
-4225
-4243
-4262
-4275
-4278
-4283
-4288
-4289
-4291
-4283
-4247
-4185
-4102
-4000
-3893
-3784
-3665
-3532
-3389
-3224
-3050
-2878
-2708
-2542
-2375
-2199
-2010
-1806
-1582
-1343
-1091
-826
-549
-263
37
353
677
1008
1340
1672
2006
2338
2665
2985
3301
3607
3901
4185
4465
4733
4985
5216
5423
5605
5766
5907
6017
6090
6124
6112
6054
5954
5815
5633
5427
5204
4958
4708
4469
4241
4026
3826
3642
3467
3300
3121
2919
2697
2440
2151
1837
1504
1156
796
431
68
-285
-627
-946
-1235
-1503
-1753
-1992
-2221
-2433
-2630
-2814
-2979
-3129
-3269
-3397
-3510
-3609
-3690
-3754
-3808
-3848
-3877
-3904
-3929
-3954
-3978
-3995
-4012
-4028
-4047
-4070
-4097
-4121
-4138
-4145
-4142
-4131
-4114
-4091
-4064
-4032
-3997
-3960
-3923
-3880
-3827
-3754
-3657
-3538
-3398
-3238
-3059
-2861
-2642
-2402
-2146
-1880
-1614
-1354
-1098
-842
-580
-303
-8
302
625
952
1283
1619
1959
2304
2649
2990
3320
3639
3944
4239
4522
4792
5047
5285
5513
5724
5906
6064
6190
6279
6329
6341
6322
6276
6200
6087
5946
5793
5620
5429
5232
5028
4826
4627
4417
4188
3938
3666
3367
3051
2728
2399
2069
1728
1371
1009
653
314
-10
-321
-628
-944
-1272
-1613
-1958
-2296
-2612
-2907
-3185
-3443
-3679
-3883
-4048
-4173
-4258
-4308
-4333
-4350
-4359
-4362
-4364
-4361
-4359
-4362
-4375
-4398
-4434
-4479
-4531
-4587
-4639
-4687
-4736
-4785
-4833
-4877
-4910
-4928
-4927
-4899
-4844
-4770
-4674
-4551
-4402
-4224
-4020
-3798
-3558
-3301
-3034
-2758
-2469
-2167
-1852
-1522
-1176
-815
-435
-44
350
749
1150
1548
1942
2331
2710
3077
3431
3765
4088
4403
4705
4991
5263
5515
5743
5946
6117
6256
6362
6426
6452
6439
6394
6322
6217
6076
5905
5713
5497
5270
5036
4790
4545
4294
4026
3747
3456
3149
2828
2487
2131
1759
1370
964
545
125
-279
-656
-998
-1301
-1568
-1804
-2016
-2210
-2393
-2568
-2736
-2904
-3070
-3238
-3407
-3572
-3734
-3882
-4008
-4107
-4181
-4231
-4267
-4297
-4321
-4341
-4354
-4362
-4371
-4382
-4396
-4413
-4433
-4446
-4459
-4473
-4487
-4500
-4512
-4515
-4510
-4492
-4458
-4404
-4338
-4250
-4134
-3987
-3815
-3623
-3414
-3187
-2941
-2681
-2408
-2116
-1809
-1494
-1174
-844
-506
-157
196
550
905
1261
1612
1954
2288
2612
2928
3243
3552
3857
4159
4454
4744
5026
5294
5543
5767
5957
6110
6218
6278
6294
6260
6182
6070
5928
5761
5582
5389
5181
4979
4784
4592
4414
4239
4062
3879
3678
3451
3199
2921
2611
2271
1901
1502
1080
641
199
-233
-648
-1033
-1389
-1717
-2017
-2293
-2547
-2784
-3003
-3204
-3386
-3550
-3701
-3834
-3950
-4048
-4125
-4186
-4233
-4269
-4304
-4340
-4374
-4411
-4452
-4499
-4551
-4605
-4655
-4701
-4740
-4765
-4787
-4808
-4819
-4823
-4808
-4769
-4711
-4636
-4536
-4418
-4286
-4131
-3950
-3751
-3535
-3310
-3082
-2845
-2600
-2351
-2096
-1828
-1546
-1255
-948
-624
-285
65
422
784
1149
1515
1879
2238
2595
2948
3293
3631
3959
4280
4586
4882
5172
5452
5709
5944
6157
6341
6491
6591
6644
6659
6634
6570
6467
6339
6185
6008
5803
5578
5359
5145
4932
4719
4490
4247
3974
3667
3319
2940
2538
2109
1658
1189
713
241
-219
-651
-1043
-1385
-1677
-1929
-2149
-2347
-2527
-2697
-2858
-3007
-3148
-3285
-3420
-3549
-3671
-3785
-3884
-3966
-4029
-4075
-4112
-4144
-4176
-4212
-4254
-4300
-4352
-4411
-4474
-4540
-4606
-4668
-4720
-4760
-4790
-4805
-4806
-4793
-4761
-4718
-4659
-4583
-4489
-4378
-4243
-4084
-3906
-3707
-3487
-3247
-2989
-2712
-2421
-2118
-1808
-1496
-1181
-860
-532
-200
136
484
835
1186
1536
1885
2237
2589
2934
3274
3603
3921
4227
4525
4813
5088
5347
5584
5798
5989
6152
6286
6379
6424
6418
6359
6255
6118
5947
5745
5519
5274
5022
4785
4565
4356
4163
3972
3772
3569
3354
3122
2869
2581
2251
1886
1498
1099
703
318
-46
-386
-701
-983
-1227
-1436
-1614
-1772
-1921
-2068
-2216
-2371
-2528
-2687
-2848
-3012
-3176
-3343
-3502
-3648
-3779
-3897
-4003
-4099
-4185
-4263
-4332
-4391
-4437
-4479
-4521
-4561
-4598
-4634
-4661
-4681
-4697
-4707
-4711
-4709
-4698
-4676
-4642
-4591
-4523
-4441
-4336
-4202
-4042
-3858
-3651
-3422
-3167
-2891
-2599
-2289
-1970
-1646
-1324
-1004
-678
-349
-19
311
645
977
1309
1640
1970
2299
2624
2944
3264
3583
3896
4201
4495
4777
5049
5311
5558
5786
5990
6166
6303
6397
6446
6453
6419
6345
6234
6091
5918
5723
5506
5279
5058
4841
4627
4409
4176
3924
3651
3361
3054
2725
2370
1990
1588
1171
748
336
-58
-428
-777
-1101
-1393
-1655
-1897
-2121
-2332
-2533
-2726
-2911
-3092
-3258
-3414
-3560
-3689
-3802
-3898
-3974
-4034
-4077
-4107
-4130
-4151
-4172
-4194
-4219
-4244
-4268
-4295
-4321
-4343
-4365
-4387
-4405
-4422
-4436
-4443
-4449
-4450
-4436
-4412
-4378
-4321
-4244
-4151
-4038
-3911
-3774
-3614
-3435
-3240
-3029
-2807
-2576
-2337
-2085
-1816
-1529
-1220
-894
-552
-198
164
535
910
1286
1653
2008
2355
2695
3035
3369
3696
4006
4301
4577
4839
5083
5292
5462
5608
5742
5859
5943
5990
6003
5995
5964
5913
5859
5799
5713
5588
5437
5283
5135
4983
4818
4646
4468
4288
4104
3917
3722
3511
3272
3009
2731
2434
2120
1796
1460
1112
760
407
62
-260
-561
-845
-1107
-1350
-1578
-1790
-1987
-2169
-2338
-2495
-2645
-2789
-2921
-3038
-3134
-3211
-3266
-3303
-3331
-3349
-3357
-3358
-3355
-3344
-3335
-3335
-3342
-3355
-3375
-3397
-3425
-3460
-3499
-3534
-3572
-3612
-3649
-3690
-3734
-3772
-3803
-3830
-3850
-3865
-3878
-3892
-3902
-3908
-3911
-3906
-3893
-3874
-3840
-3788
-3717
-3629
-3518
-3386
-3232
-3050
-2847
-2630
-2399
-2159
-1916
-1674
-1431
-1185
-938
-694
-452
-212
30
269
500
718
924
1115
1291
1456
1609
1748
1868
1964
2042
2109
2177
2247
2318
2388
2460
2541
2627
2723
2828
2940
3052
3161
3263
3362
3465
3562
3645
3725
3803
3876
3948
4015
4075
4133
4181
4213
4238
4252
4252
4237
4213
4174
4123
4062
3992
3916
3832
3738
3636
3524
3397
3257
3110
2956
2797
2634
2462
2282
2097
1907
1710
1503
1287
1058
820
572
314
56
-192
-430
-653
-855
-1033
-1185
-1309
-1408
-1483
-1538
-1578
-1611
-1643
-1678
-1721
-1773
-1832
-1897
-1964
-2026
-2084
-2139
-2187
-2230
-2273
-2312
-2348
-2381
-2411
-2435
-2467
-2505
-2546
-2591
-2635
-2671
-2703
-2729
-2750
-2769
-2790
-2804
-2816
-2825
-2834
-2847
-2862
-2877
-2891
-2904
-2917
-2930
-2943
-2958
-2975
-2995
-3015
-3037
-3057
-3080
-3103
-3122
-3140
-3153
-3159
-3160
-3155
-3145
-3123
-3083
-3017
-2929
-2819
-2691
-2556
-2423
-2292
-2160
-2017
-1871
-1732
-1608
-1494
-1389
-1284
-1164
-1024
-854
-664
-465
-260
-53
162
378
592
801
1001
1195
1380
1558
1733
1907
2086
2264
2450
2639
2828
3015
3201
3386
3569
3747
3915
4075
4231
4379
4518
4650
4774
4882
4977
5054
5119
5168
5198
5208
5197
5164
5109
5031
4933
4814
4675
4520
4353
4173
3980
3783
3579
3371
3154
2931
2704
2465
2213
1936
1642
1331
1007
682
357
39
-269
-565
-838
-1083
-1292
-1468
-1620
-1758
-1896
-2036
-2177
-2321
-2462
-2600
-2734
-2860
-2975
-3071
-3146
-3199
-3235
-3259
-3272
-3280
-3287
-3296
-3313
-3336
-3368
-3406
-3444
-3477
-3501
-3520
-3539
-3559
-3582
-3603
-3625
-3646
-3668
-3692
-3715
-3742
-3767
-3786
-3794
-3790
-3779
-3756
-3721
-3671
-3603
-3510
-3396
-3280
-3170
-3066
-2971
-2877
-2778
-2673
-2566
-2462
-2363
-2256
-2119
-1943
-1730
-1480
-1200
-902
-598
-284
33
351
656
945
1215
1461
1687
1891
2084
2270
2449
2633
2818
3014
3216
3422
3636
3858
4086
4312
4532
4749
4956
5149
5321
5472
5600
5698
5764
5797
5804
5781
5725
5639
5524
5380
5212
5021
4819
4602
4371
4133
3891
3650
3402
3146
2883
2608
2319
2012
1689
1354
1004
653
298
-49
-380
-690
-968
-1208
-1411
-1578
-1721
-1849
-1975
-2099
-2224
-2351
-2483
-2621
-2766
-2912
-3054
-3181
-3289
-3377
-3448
-3505
-3551
-3590
-3624
-3655
-3682
-3710
-3739
-3774
-3813
-3850
-3892
-3937
-3985
-4032
-4080
-4133
-4190
-4251
-4305
-4350
-4388
-4413
-4424
-4417
-4396
-4349
-4272
-4154
-3993
-3810
-3626
-3447
-3254
-3036
-2794
-2530
-2264
-1999
-1732
-1467
-1191
-881
-533
-176
176
516
836
1146
1438
1702
1938
2152
2342
2515
2683
2857
3047
3257
3493
3766
4079
4438
4833
5255
5689
6111
6492
6820
7104
7336
7515
7632
7663
7610
7469
7255
6997
6719
6436
6139
5827
5500
5155
4809
4464
4139
3836
3552
3289
3033
2781
2530
2282
2040
1810
1584
1343
1067
749
397
31
-331
-690
-1039
-1380
-1705
-1999
-2234
-2398
-2495
-2540
-2544
-2518
-2470
-2407
-2338
-2274
-2222
-2198
-2209
-2247
-2300
-2368
-2447
-2538
-2640
-2748
-2853
-2956
-3053
-3128
-3193
-3272
-3356
-3434
-3501
-3552
-3574
-3578
-3561
-3529
-3484
-3409
-3291
-3130
-2941
-2719
-2463
-2179
-1868
-1528
-1161
-772
-377
18
412
808
1200
1588
1970
2346
2718
3084
3444
3797
4142
4472
4781
5061
5310
5519
5681
5798
5879
5930
5949
5944
5911
5857
5788
5718
5644
5566
5477
5366
5229
5086
4934
4775
4599
4398
4168
3913
3646
3366
3082
2788
2469
2118
1736
1333
915
479
23
-450
-928
-1403
-1863
-2294
-2683
-3023
-3314
-3561
-3765
-3926
-4046
-4137
-4207
-4263
-4310
-4354
-4397
-4445
-4495
-4545
-4594
-4645
-4699
-4754
-4801
-4825
-4831
-4825
-4814
-4796
-4767
-4722
-4653
-4557
-4421
-4265
-4118
-3978
-3830
-3650
-3444
-3205
-2942
-2658
-2350
-2032
-1696
-1334
-938
-523
-97
338
776
1218
1660
2095
2523
2940
3350
3745
4124
4477
4808
5110
5377
5609
5796
5938
6035
6089
6099
6071
6014
5930
5829
5722
5622
5539
5467
5391
5311
5232
5142
5034
4902
4736
4529
4269
3954
3592
3197
2767
2295
1792
1256
696
122
-462
-1043
-1611
-2154
-2661
-3122
-3531
-3884
-4175
-4403
-4568
-4673
-4727
-4743
-4734
-4712
-4687
-4669
-4661
-4668
-4690
-4729
-4784
-4845
-4905
-4953
-4984
-5009
-5027
-5009
-4954
-4886
-4804
-4705
-4628
-4545
-4472
-4400
-4299
-4167
-4040
-3921
-3778
-3611
-3413
-3152
-2855
-2521
-2163
-1794
-1418
-1020
-596
-152
305
766
1223
1678
2134
2588
3038
3488
3931
4362
4773
5160
5511
5820
6084
6297
6459
6575
6635
6645
6609
6526
6409
6264
6103
5933
5759
5581
5389
5191
4976
4747
4508
4249
3977
3684
3362
3014
2634
2226
1790
1333
853
353
-159
-677
-1188
-1688
-2166
-2607
-2993
-3312
-3572
-3787
-3967
-4120
-4248
-4361
-4453
-4531
-4604
-4687
-4794
-4920
-5049
-5168
-5273
-5356
-5400
-5404
-5384
-5346
-5292
-5213
-5118
-4997
-4849
-4677
-4479
-4278
-4095
-3925
-3761
-3597
-3431
-3252
-3064
-2858
-2627
-2369
-2083
-1749
-1369
-946
-489
-6
498
1025
1559
2080
2574
3041
3471
3873
4245
4599
4927
5220
5467
5673
5844
5980
6083
6163
6217
6249
6253
6225
6180
6120
6044
5954
5846
5718
5558
5366
5139
4887
4622
4338
4035
3699
3334
2934
2501
2036
1541
1016
453
-141
-758
-1383
-1991
-2570
-3094
-3552
-3938
-4257
-4510
-4700
-4837
-4933
-4992
-5028
-5045
-5060
-5080
-5113
-5155
-5205
-5265
-5328
-5374
-5374
-5337
-5295
-5256
-5214
-5159
-5070
-4952
-4804
-4633
-4452
-4285
-4133
-3967
-3778
-3568
-3344
-3125
-2899
-2659
-2396
-2108
-1798
-1458
-1090
-698
-290
133
574
1025
1488
1954
2411
2848
3266
3666
4048
4410
4746
5055
5329
5572
5788
5978
6146
6297
6428
6535
6620
6694
6751
6794
6808
6793
6753
6688
6584
6436
6245
6010
5728
5412
5063
4689
4280
3837
3357
2849
2320
1769
1191
583
-62
-732
-1403
-2041
-2628
-3159
-3635
-4059
-4422
-4733
-4999
-5212
-5369
-5480
-5567
-5648
-5733
-5819
-5904
-5992
-6057
-6089
-6086
-6068
-6046
-6033
-6020
-5972
-5887
-5771
-5643
-5525
-5411
-5272
-5089
-4868
-4603
-4299
-3995
-3703
-3412
-3107
-2763
-2388
-2017
-1661
-1315
-969
-631
-282
84
467
874
1294
1731
2183
2637
3091
3535
3966
4368
4733
5059
5334
5563
5734
5850
5917
5956
5981
5993
5989
5978
5948
5910
5867
5816
5745
5653
5515
5327
5090
4817
4505
4168
3798
3380
2923
2434
1924
1394
842
271
-311
-893
-1459
-1994
-2487
-2929
-3312
-3641
-3914
-4131
-4294
-4412
-4493
-4555
-4608
-4656
-4705
-4758
-4815
-4875
-4938
-5002
-5065
-5114
-5127
-5108
-5072
-5029
-4989
-4941
-4892
-4818
-4712
-4578
-4440
-4333
-4253
-4185
-4102
-3980
-3822
-3617
-3376
-3097
-2776
-2404
-1967
-1475
-933
-367
204
779
1356
1925
2474
3000
3495
3955
4388
4804
5214
5613
5982
6304
6566
6770
6919
7021
7080
7099
7068
6974
6828
6639
6423
6192
5945
5678
5386
5073
4729
4354
3958
3534
3079
2589
2067
1515
938
342
-269
-872
-1439
-1960
-2432
-2847
-3201
-3497
-3733
-3907
-4019
-4074
-4094
-4102
-4107
-4108
-4105
-4104
-4110
-4137
-4192
-4263
-4338
-4407
-4464
-4514
-4558
-4608
-4662
-4706
-4721
-4702
-4656
-4597
-4525
-4443
-4355
-4262
-4151
-4015
-3852
-3661
-3445
-3202
-2923
-2615
-2266
-1869
-1424
-935
-417
123
678
1244
1814
2377
2932
3462
3966
4446
4889
5290
5639
5913
6117
6257
6349
6400
6423
6418
6367
6287
6191
6088
5997
5912
5834
5747
5641
5495
5295
5057
4783
4472
4128
3754
3348
2902
2414
1879
1306
708
98
-509
-1081
-1608
-2096
-2557
-2990
-3384
-3726
-4019
-4266
-4469
-4639
-4797
-4955
-5105
-5235
-5344
-5439
-5531
-5608
-5661
-5695
-5728
-5762
-5763
-5726
-5660
-5568
-5473
-5372
-5266
-5134
-4976
-4776
-4539
-4311
-4093
-3877
-3653
-3389
-3087
-2742
-2378
-1990
-1589
-1180
-759
-330
117
577
1052
1539
2030
2520
2996
3467
3942
4417
4886
5318
5709
6044
6311
6517
6675
6792
6861
6883
6861
6789
6692
6571
6438
6307
6175
6017
5824
5581
5275
4914
4515
4086
3625
3121
2568
1971
1345
698
40
-620
-1272
-1904
-2501
-3047
-3524
-3931
-4271
-4548
-4757
-4895
-4962
-4970
-4933
-4874
-4813
-4764
-4732
-4724
-4737
-4772
-4827
-4893
-4943
-4968
-4982
-5009
-5042
-5083
-5113
-5108
-5082
-5045
-5004
-4977
-4962
-4941
-4890
-4808
-4677
-4501
-4296
-4046
-3737
-3371
-2954
-2499
-2016
-1502
-963
-408
150
703
1245
1770
2279
2768
3239
3699
4148
4592
5033
5468
5898
