0
0
0
0
0
0
0
0
0
0
0
0
0
0
0
0
0
0
0
0
0
0
0
0
0
0
0
0
0
0
0
0
0
0
0
0
0
0
0
0
0
0
0
0
0
0
0
0
0
0
0
0
0
0
0
0
0
0
0
0
0
0
0
0
0
0
0
0
0
0
0
0
0
0
0
0
0
0
0
0
0
0
0
0
0
0
0
0
0
0
0
0
0
0
0
0
0
0
0
0
0
0
0
0
0
0
0
0
0
0
0
0
0
0
0
0
0
0
0
0
0
0
0
0
-72.2074
-217.77
-433.93
-716.178
-1059.07
-1454.32
-1889.63
-2356.58
-2839.09
-3327.97
-3814.39
-4295.28
-4769.35
-5237.06
-5702.26
-6168.61
-6636.79
-7110.04
-7589.17
-8072.58
-8558.04
-9040
-9515.69
-9980.67
-10428.3
-10780.3
-11028.7
-11171.5
-11211.1
-11149.8
-10995.8
-10763.7
-10461.1
-10104.7
-9704.23
-9267.41
-8787.76
-8264.57
-7697.43
-7083.04
-6423.2
-5720.28
-4977.39
-4201.39
-3401.14
-2584.52
-1760.93
-933.616
-107.287
710.253
1514.94
2299.48
3059.17
3790.57
4490.75
5160.36
5799.25
6408.07
6987.63
7539.79
8064.41
8551.27
8997.52
9403.54
9770.57
10105.1
10411.7
10697.1
10968.3
11234.2
11501.8
11777.2
12063.8
12363.8
12680.3
13014.9
13368.2
13739.3
14129.6
14537.7
14959.5
15394.4
15840.5
16299.2
16773.5
17265.5
17778.2
18313.5
18869.4
19443.4
20032.2
20631.8
21240.7
21858.5
22480.7
23104.8
23729.8
24349.3
24961.6
25566.5
26161.1
26742.7
27311.6
27863.2
28399.6
28924.7
29442.2
29956.3
30464.3
30959.9
31434.2
31881.1
32298.1
32684.8
33040.2
33360
33643.8
33887.5
34087.7
34243.2
34351.2
34408.6
34417.8
34376.2
34279.7
34123.7
33904.3
33619.5
33272.3
32858.6
32374.4
31811.6
31163.6
30435.4
29635.7
28770.5
27845.3
26861.2
25821.5
24729.6
23590
22401
21167
19891.8
18577.9
17230.1
15849.4
14441.2
13011.6
11563.8
10104.7
8641.5
7179.44
5722.4
4277.2
2854.49
1470.03
135.583
-1143.03
-2365.58
-3526.76
-4620.97
-5642.47
-6590
-7462.27
-8254.55
-8963.56
-9587.07
-10121.2
-10560.5
-10901.4
-11137.6
-11268.1
-11290.8
-11202.5
-11004.8
-10693.8
-10269.3
-9733.16
-9089.68
-8351.24
-7533.71
-6657.1
-5740.71
-4800.51
-3847.97
-2898.68
-1961.82
-1040.02
-133.151
753.29
1618.16
2461.56
3279.2
4070.43
4834.15
5567.04
6262.97
6915.22
7516.8
8066.89
8563.42
9008.58
9405.87
9757.3
10070.7
10356
10626.8
10893.6
11168
11458.3
11773.7
12117.4
12487.2
12878.9
13294.7
13737.7
14207.9
14703.9
15224.5
15767.2
16330.2
16914.8
17521.8
18153.7
18808.5
19479.7
20159
20841.2
21522.9
22200.7
22873.8
23543.5
24206.4
24858.3
25494.8
26115.3
26722.2
27317.4
27909.6
28496.8
29076.5
29647.6
30201.8
30732.3
31232.9
31699.9
32134
32530
32880.3
33180.7
33424.9
33611.2
33739.2
33811.4
33828.1
33788.1
33683
33512.7
33276
32975.2
32605.7
32160.5
31636.3
31023.5
30324.7
29539.8
28662.8
27698.8
26650.1
25524.2
24325
23048.8
21701.8
20295.2
18838.6
17341.9
15815.2
14264.3
12691.1
11101.9
9503.15
7905.89
6317.86
4745.83
3195.31
1677.08
205.33
-1211.14
-2566.74
-3853.53
-5064.56
-6189.99
-7223.88
-8161.36
-8998.84
-9733.02
-10353.7
-10855.8
-11231.5
-11475.7
-11586.7
-11565.5
-11416.5
-11137.2
-10731.9
-10206.5
-9573.03
-8847.49
-8039.18
-7166.15
-6239.96
-5272.57
-4274.54
-3249.59
-2206.21
-1155.85
-104.961
938.152
1968.27
2977.59
3959.93
4906.72
5813.41
6670.23
7475.31
8232.33
8942.58
9608.49
10224.1
10785.2
11291.1
11748.7
12172.6
12573.6
12967.3
13358.1
13749.8
14146.3
14549.4
14957.9
15376.3
15807.1
16257.3
16731.5
17230.7
17757.7
18311.2
18889.7
19489.2
20100.9
20717.8
21338
21957.7
22574.1
23187.7
23794.1
24389.8
24970.9
25534.4
26076.6
26596.4
27087.6
27547.8
27974.5
28366.5
28723.9
29043.6
29318.9
29540.5
29702
29797.9
29830.9
29803.6
29720.7
29584.3
29394.6
29144.2
28827.7
28441.8
27979.9
27435.6
26805.5
26085.2
25273.2
24372.5
23388.1
22323.6
21186.5
19982
18711.9
17380.9
15989.5
14546.6
13060.7
11537.5
9988.68
8418.05
6827.64
5221.99
3611.08
2006.01
417.082
-1143.32
-2663.23
-4127.46
-5522.9
-6829.84
-8034.89
-9121.96
-10083.4
-10914.3
-11600.3
-12135.5
-12517.3
-12737.6
-12797.3
-12693.6
-12424.9
-11999.8
-11428.3
-10720.7
-9889.87
-8950.71
-7911.37
-6784.72
-5585.46
-4326.33
-3013.8
-1653.22
-248.349
1203.9
2691.84
4205.32
5723.96
7230.92
8709.97
10141
11510.8
12811.8
14029.4
15156.2
16186.5
17111.5
17935.1
18669.1
19319.1
19901.1
20434.1
20930.6
21398.6
21843.4
22272.6
22691.1
23100.7
23496.3
23873
24233.1
24583.1
24926.1
25265.8
25607.9
25957.9
26317.8
26688.2
27069.6
27457.2
27851.7
28257.4
28676.3
29101.1
29533.5
29964.9
30381.2
30769.4
31116.3
31406.1
31626.9
31766.2
31818.2
31785.6
31672.2
31474.5
31188.7
30818.3
30368.7
29846.9
29257.5
28611.9
27915.1
27170.9
26391.6
25580.5
24733.7
23849.4
22928.1
21964.3
20956.9
19913
18836
17731.9
16614.8
15490
14359
13219.4
12074.3
10922.8
9765.63
8607.03
7450.79
6303.69
5170.14
4060.49
2973.88
1919
907.205
-59.5096
-982.436
-1858.38
-2691.49
-3479.44
-4225.37
-4931.38
-5599.14
-6225.35
-6795.61
-7296.59
-7707.23
-8005.44
-8171.89
-8200.9
-8094.13
-7858.4
-7508.4
-7056.97
-6514.31
-5890.78
-5195.39
-4433.31
-3613.41
-2748.52
-1846.79
-910.102
59.0627
1062.15
2092.59
3147.5
4223.2
5316.17
6420.29
7521.98
8606.94
9659.33
10662.3
11602.6
12471.6
13270.8
14010.5
14705.6
15369.4
16008.3
16629.2
17232.5
17818.4
18387.4
18948.5
19501.9
20043
20578.6
21124.5
21699
22310.7
22960.5
23642.7
24347.4
25062
25780.5
26497
27203.9
27895.6
28566
29208.6
29815.1
30376.2
30884.4
31332.9
31721.8
32053.2
32321.5
32523.6
32652.6
32710
32705.5
32640.2
32508
32302.4
32017.3
31653.3
31220.8
30733.6
30203.5
29635.2
29032
28395.2
27718.1
26995
26220.1
25389.3
24500.9
23555.4
22554.7
21495.6
20372
19183.3
17928.6
16610.5
15232.3
13798.1
12309.4
10768.1
9179.74
7558.02
5923.35
4289.37
2669.33
1078.97
-464.984
-1950.52
-3361.54
-4680.18
-5899.96
-7016.72
-8023.57
-8909.9
-9661.86
-10265
-10714.1
-11009.7
-11151.5
-11135.9
-10956.5
-10610.8
-10104.2
-9449.57
-8663.91
-7762.35
-6760.36
-5678.29
-4538.89
-3360.04
-2163.22
-970.539
204.807
1351.47
2463.97
3544.18
4597.15
5621.16
6611.66
7555.85
8441.01
9264.15
10030.5
10748.1
11420.7
12044.2
12614.3
13133.1
13607.8
14053.1
14480.4
14897.9
15309.4
15721
16133.4
16554.6
16993.2
17452.1
17933.6
18440.8
18977.5
19542.8
20137.7
20762.2
21414.1
22087
22772
23461.6
24148.3
24825.2
25489.1
26141.1
26777.9
27396.8
27993
28561.7
29101.9
29608
30075.5
30500
30878.7
31211.5
31501.2
31743.7
31933.3
32064.8
32138.4
32154.2
32111.2
32010.1
31848.6
31619.1
31311.1
30922.9
30452.7
29904.1
29282.3
28597.3
27853.6
27050.3
26191.4
25265.1
24276.2
23222.7
22104.6
20927.5
19690.3
18389.8
17030.9
15616
14151.9
12644.2
11098.9
9522.64
7927.27
6323.51
4734.92
3183.05
1676.52
226.607
-1158.84
-2482.29
-3750.07
-4958.31
-6100.88
-7182.28
-8187.63
-9106.84
-9921.55
-10617.5
-11187.9
-11631
-11954
-12149.3
-12176.5
-11983.7
-11553.4
-10907
-10066.1
-9063.17
-7950.85
-6758.59
-5506.45
-4207.8
-2889.55
-1576.5
-289.191
969.92
2197.44
3390.66
4548.45
5665.81
6739.95
7767.56
8745.36
9673.38
10556.6
11410
12235.2
13004.3
13673.3
14226.3
14685.2
15066.1
15392.4
15709.3
16032.6
16371.6
16730
17123.7
17566.5
18077.8
18656.5
19296.1
19990.9
20739.7
21538
22377
23242.8
24125
25010.4
25893.5
26767.7
27623.3
28449.3
29232.7
29968.4
30650.2
31272.8
31834.6
32336.1
32777.7
33157.5
33474.8
33722.6
33894.4
33984.5
33997
33944.5
33836.2
33676.5
33467.3
33210.8
32909.4
32566.5
32180.9
31748.9
31263.9
30713.8
30068.8
29320.2
28481.4
27574.2
26619.9
25624.9
24587.2
23493.3
22342.8
21135.2
19880.9
18587.4
17257.6
15891.7
14487.2
13043.1
11562.4
10048.8
8504.14
6935.74
5349.53
3753.42
2153.28
559.54
-1011.94
-2528.95
-3961.55
-5319.18
-6605.9
-7830.47
-8986.99
-10059
-11019.6
-11854.7
-12552
-13103.7
-13498.9
-13721
-13760.1
-13615
-13298.8
-12826.9
-12210.7
-11464.2
-10608.3
-9663.92
-8646.42
-7567.12
-6435.39
-5256.66
-4034.36
-2787.95
-1517.43
-235.208
1055.67
2343.86
3611.4
4835.23
5997.67
7087.49
8099.15
9024.28
9857.27
10592.8
11229.8
11785.1
12277.1
12720.7
13134.9
13541.9
13962.7
14407.9
14879.1
15379.8
15912.1
16476.8
17076.5
17708.8
18371.1
19059.3
19771.6
20512.2
21290.8
22107.3
22955.2
23822.3
24704
25593.7
26496
27406.7
28307.1
29186.5
30044.6
30871.4
31662.4
32412
33110.2
33741.3
34291.7
34753.9
35124
35406.4
35610.9
35741.7
35796.5
35787.1
35720.8
35579.5
35366.9
35083.9
34714.3
34261.5
33729.1
33084.5
32330.1
31478.7
30528.9
29475.9
28328.5
27087.4
25757.8
24352.9
22899.7
21415.9
19909.8
18385.6
16837.8
15260.7
13650.3
12009.5
10329.4
8606.88
6862.48
5105.87
3351.29
1633.19
-44.855
-1684.02
-3251.75
-4739.76
-6130.92
-7405.25
-8545.13
-9545.81
-10403
-11122.7
-11706.8
-12157.2
-12468.6
-12631.7
-12644.8
-12506
-12220.2
-11792.8
-11235.1
-10557.9
-9771.2
-8888.72
-7924.05
-6890.26
-5803.99
-4666.88
-3486.07
-2274.9
-1045.08
183.604
1393.48
2566.34
3696.82
4781.71
5831.05
6850.49
7845.5
8812.52
9742.33
10631.7
11475
12273
13028
13747.4
14437.7
15104.5
15764.2
16432.3
17123.8
17849.7
18606
19391.9
20205
21039.9
21884.4
22732.4
23578.6
24414.6
25232.6
26021.3
26776.1
27493.8
28172.4
28812.8
29415.1
29979.8
30499.4
30971.5
31396.2
31775.4
32112.3
32404.1
32643.6
32824.3
32935.9
32972.5
32933.6
32819.5
32633.3
32390.9
32106.3
31793.9
31460.6
31101.8
30712.7
30284.7
29804.8
29266.6
28652
27948.2
27156.1
26275.3
25303.2
24240.9
23097.9
21886
20609
19260.8
17841.5
16361.9
14831.2
13263.3
11669.3
10063.4
8448.16
6821.78
5184.89
3546.57
1925.88
343.128
-1188.82
-2657.73
-4064.83
-5387.03
-6603.73
-7704.6
-8674.78
-9498.38
-10167.2
-10683.1
-11051.4
-11267.2
-11313.6
-11189.3
-10903
-10465.6
-9896.73
-9211.99
-8428.8
-7559.98
-6612.53
-5600.29
-4533.75
-3424.3
-2285.94
-1129.77
38.1754
1219.38
2407.25
3591.98
4765.32
5915.33
7026.75
8089.23
9096.5
10040.2
10911.6
11702.6
12415.2
13059.1
13646.8
14194.7
14716.9
15223.6
15725.5
16226.2
16732.3
17247.8
17779.8
18334.6
18920.1
19537
20186.6
20860.9
21551.3
22248.3
22946.3
23650.1
24365.5
25094.9
25840.1
26597.2
27356.3
28110.7
28856.3
29587.9
30297.5
30970.9
31593.2
32151.2
32637.5
33048
33375.5
33615
33766.3
33831.5
33814.7
33721.5
33542.3
33264.7
32881.6
32414
31873.8
31258.4
30567.9
29799.1
28957.8
28050.3
27075.3
26023.7
24878.8
23636.1
22305.5
20905
19448.2
17947.2
16410.6
14845.5
13253.7
11637
10000.4
8345.73
6680.76
5032.1
3429.48
1895.38
423.451
-989.804
-2336.31
-3612.93
-4802.39
-5902.13
-6906.75
-7810.77
-8603.7
-9259.68
-9760.51
-10101.7
-10287.5
-10319.8
-10203.1
-9947.38
-9566.58
-9068.58
-8462.61
-7759.67
-6967.41
-6096.57
-5160.07
-4164.87
-3121.16
-2040.26
-937.501
177.376
1294.63
2397.44
3482.86
4548.8
5594.26
6616.49
7607.55
8551.55
9442.32
10278.4
11062.3
11800.7
12511.9
13216.9
13925.6
14642.9
15370.9
16112.5
16863.5
17625.6
18400.2
19186.8
19984.9
20793
21607.6
22425.8
23243.6
24055.2
24856
25640.7
26405.9
27143.8
27857.5
28546.4
29208
29836.6
30431.8
30978
31455.3
31850.9
32161.8
32382.3
32513.7
32561
32531.3
32412.8
32210.3
31927
31569.2
31135.4
30635.8
30078.1
29462.5
28783.1
28037.1
27222.3
26332.7
25349
24265
23086
21815.8
20451.6
19005.6
17494.1
15936.9
14344
12719.9
11067.1
9394.36
7708
6035.08
4381.43
2757.23
1165.66
-375.059
-1857.55
-3263.93
-4574.33
-5766.52
-6825.47
-7732.11
-8471.25
-9035.41
-9427.85
-9660.37
-9735.51
-9648.7
-9403.48
-9012.39
-8498.21
-7884.78
-7185.76
-6411.58
-5570.6
-4668.32
-3716.45
-2717.02
-1677.48
-595.319
518.155
1650.1
2780.17
3893.46
4969.9
6003.2
6980.63
7899.42
8770.33
9600.71
10395.2
11155.2
11875.2
12553.6
13199.3
13828.9
14456.2
15092.5
15745.9
16420.3
17114.5
17825.8
18548
19281.9
20023.6
20769.1
21512.8
22245.4
22958.2
23654.1
24338.7
25018.9
25694.6
26362.1
27014.9
27650.3
28283.2
28906.2
29510.6
30067
30559.4
31002.3
31396.7
31747.2
32055.2
32311.4
32503.1
32624.1
32674.3
32633.5
32488.6
32230.9
31855.2
31370.8
30784
30086.2
29257.9
28292
27189.3
25962.5
24624.2
23161.2
21584.6
19907.5
18169.6
16394.8
14585
12751.7
10899.2
9025.25
7141.56
5266.16
3419.66
1608.96
-133.813
-1782.29
-3305.71
-4673.13
-5880.23
-6927.02
-7807.64
-8512.8
-9042.07
-9391.61
-9562.49
-9561.71
-9394.86
-9072.59
-8607.07
-8014.72
-7310.3
-6506.06
-5610.79
-4636.76
-3593.19
-2486.91
-1328.88
-128.634
1102.62
2354.57
3613.1
4867.4
6095.93
7297.88
8470.11
9612.5
10723.5
11801.9
12840.1
13833.7
14782.7
15687
16553.9
17390.5
18202.4
18993.7
19766.6
20523.7
21271.3
22016.4
22753.4
23480.8
24192.4
24890.1
25569.9
26231.3
26865.2
27479.6
28072.3
28634.4
29151.8
29621.3
30045.8
30425.5
30757.1
31033.4
31249.2
31397.3
31490.7
31537.5
31546.9
31515.6
31427.3
31262
30997.9
30626.8
30148.1
29576.8
28901.1
28116.6
27227.2
26242.9
25169
24006.1
22762.8
21445.3
20056.1
18600.4
17091.9
15542.6
13963.5
12373.9
10786.4
9193.53
7591.45
5970.4
4333.4
2706.27
1114.21
-413.745
-1855.87
-3194.93
-4435.6
-5549.2
-6515.89
-7324.96
-7967.61
-8439.35
-8734.12
-8852.9
-8796.28
-8570.92
-8192.66
-7682.92
-7054.79
-6318.7
-5501.23
-4619.74
-3688.03
-2724.68
-1728.4
-692.074
371.134
1450.23
2537.92
3620.86
4693.86
5758.61
6809.65
7840.57
8850.66
9829.21
10764.7
11647.6
12475
13255.7
14000.5
14728.1
15454.7
16185.2
16924.5
17686.7
18473.8
19289.6
20141.2
21017.6
21896
22772.2
23640.7
24498.2
25351.2
26191.9
27009.3
27791.5
28521.7
29178.2
29749.7
30235.2
30640.8
30974.6
31233.3
31418.2
31523.7
31542.8
31475.6
31333.5
31122
30835.6
30462.2
29989.4
29408.8
28725
27938.2
27053.9
26071.6
24985.1
23796.8
22509.9
21125.2
19652.3
18104.2
16490.5
14818.2
13095.7
11332
9540.9
7738.25
5942.81
4177.19
2456.77
789.844
-813.226
-2329.69
-3740.87
-5021.5
-6150.39
-7117.5
-7922.31
-8561.09
-9030.21
-9322.48
-9441.61
-9394.48
-9187.42
-8829.28
-8321.84
-7668.64
-6881.7
-5976.25
-4968.05
-3871.05
-2706.95
-1498.94
-265.02
976.174
2201.05
3385.77
4518.97
5597.28
6618.96
7585.86
8506.24
9387.17
10236.5
11057.2
11855.1
12633.9
13398.2
14151
14901.5
15653.6
16407.8
17170.2
17943.3
18725.5
19509.6
20294.6
21082
21869.3
22651.6
23431
24207
24977
25741
26488.1
27193.9
27838.2
28413.3
28909.7
29327.9
29659.9
29902.5
30064.5
30163.4
30206.7
30204.3
30165.2
30088.6
29961.6
29774.8
29521
29183.7
28761.8
28254.9
27673.5
27010
26263
25429.5
24497.8
23460.4
22326.4
21104.9
19803.8
18430.2
16990.3
15496.8
13967.3
12407.7
10818.6
9200.65
7554.88
5884.51
4199.16
2522.02
872.943
-729.118
-2254.3
-3679.21
-4990.96
-6187.8
-7250.04
-8159.97
-8903.01
-9461.5
-9819.24
-9967.79
-9913.36
-9667.18
-9246.27
-8664.86
-7931.33
-7056.96
-6062.14
-4969.51
-3797.62
-2554.78
-1259.87
62.963
1380.95
2674.48
3935.31
5158.47
6334.16
7460.39
8542.77
9581.97
10583.5
11546.7
12470.3
13353.9
14196.5
15003.5
15781.7
16544.3
17298
18039.6
18763.3
19473.9
20172
20859.5
21526.3
22175.2
22812.8
23455.9
24109.4
24775.8
25454.2
26138.7
26821.2
27490.6
28133.5
28731.8
29267.1
29727.8
30116.1
30437.9
30698.9
30882.7
30992
31043.6
31035
30946.1
30762.8
30478.4
30093.6
29612.5
29041.2
28377.4
27622
26781
25857
24842.6
23731.7
22524.7
21221.5
19824.4
18344.6
16804.4
15220.6
13606.1
11973.6
10338.6
8731.5
7154.72
5591.48
4054.55
2574.08
1170.83
-142.239
-1352.16
-2450.21
-3433.51
-4288.03
-5006.9
-5588.59
-6029.34
-6314.1
-6430.21
-6376.5
-6156.71
-5780.18
-5261.19
-4611.86
-3843.92
-2976.68
-2035.47
-1042.93
-11.1436
1043.93
2094.73
3118.66
4107.15
5055.5
5966.86
6838.12
7671.67
8467.56
9228.46
9955.77
10658.3
11332.7
11980.9
12600.5
13196
13778.9
14364
14961.7
15574.7
16204.6
16851.5
17521.5
18211.8
18916.3
19634.2
20373.5
21136.1
21913.2
22701.1
23494.1
24285.2
25061.6
25819.9
26547.6
27236.9
27881.1
28488.8
29058.5
29590.6
30055.9
30429.4
30715.9
30916.6
31026.5
31038
30958.4
30781.8
30509.6
30147.5
29703.1
29183.2
28585.4
27900.9
27118.8
26235.6
25251.5
24165
22970.9
21670.3
20265.3
18760.8
17166.7
15492.2
13750.9
11978.7
10206.2
8432.23
6664.13
4916.16
3205.23
1529.86
-86.7868
-1624.83
-3072.13
-4417.1
-5641.13
-6725.3
-7647.4
-8391.43
-8943.57
-9292.82
-9431.96
-9357.85
-9070.75
-8572.18
-7869.62
-6988.77
-5953.13
-4790.02
-3528.86
-2201.15
-820.901
588.42
2003.23
3402.97
4780.28
6119.77
7410.14
8646.71
9828.16
10952.1
12012.9
13007.9
13940.7
14815.7
15629.4
16379.5
17070.3
17707.8
18293.3
18834.8
19342.7
19822.2
20277.1
20723.7
21177.8
21637.7
22112.3
22609.1
23133.1
23680.2
24242.8
24812.2
25384.7
25950.5
26499.1
27023.4
27515.9
27964.1
28350.8
28669.7
28920.3
29103.5
29221.8
29289.5
29304.3
29256.7
29150.8
28990
28753.2
28425.2
28001.8
27470.6
26826.6
26069.9
25205.1
24243.2
23187.4
22035.1
20791.1
19464.1
18061.5
16594
15075.4
13520.4
11939.7
10340.7
8730.44
7121.23
5513.23
3909.49
2320.15
752.468
-781.066
-2239.56
-3596.21
-4829.21
-5915.79
-6838.58
-7592.62
-8167.15
-8557.53
-8751.74
-8738.35
-8518.98
-8113.36
-7536.04
-6813.9
-5963.14
-4998.12
-3919.69
-2735.02
-1463.34
-132.395
1239.09
2633.39
4037.51
5431.47
6797.75
8114.66
9374.66
10573.4
11709.2
12781.6
13792
14733.8
15603.3
16398
17103.2
17716.1
18253.2
18727.7
19159.3
19557.1
19933.8
20289.1
20627.4
20967.5
21325.8
21712.1
22138.8
22612.6
23139.6
23721.5
24358.5
25028.7
25712.1
26398.4
27080.7
27749.9
28394.6
28996.8
29534.3
29995.5
30379.6
30691.4
30935.9
31115.1
31235.9
31289.4
31266.9
31160.7
30956.9
30645
30211.6
29642.2
28917.5
28036.6
26996
25795.4
24462.4
23021.9
21483.3
19860
18170.6
16434.9
14680.8
12936.5
11223.9
9550.77
7917.48
6318.63
4758.21
3238.22
1762.65
334.876
-1035.65
-2339.25
-3561.93
-4684.21
-5677.88
-6517.19
-7193.13
-7694.64
-8023.08
-8183.5
-8186.07
-8035.93
-7748.79
-7337.54
-6812.47
-6183.64
-5460.26
-4652.27
-3771.97
-2831.59
-1834.66
-785.441
299.953
1406.24
2521.93
3634.24
4729.09
5798.76
6832.22
7823.44
8774.45
9683.71
10551.5
11391.6
12211.6
13016.6
13810.3
14592
15365.5
16135.7
16898.8
17649.2
18388.2
19120.4
19848.2
20571
21284.3
21993.5
22711
23440.8
24178.6
24925.1
25673
26420.8
27163.8
27896
28612.3
29300.9
29942
30520.6
31024.4
31450.3
31798.5
32064.1
32245.5
32334.5
32316.9
32212.2
32029.8
31754.6
31375.8
30897.4
30310.6
29605.3
28781.2
27837.3
26770
25586.9
24298.2
22907
21417.8
19831.5
18160.9
16421.4
14631.8
12810.5
10973.4
9135.13
7308.93
5505.96
3744.19
2052.36
414.423
-1167.68
-2673.49
-4085.34
-5397.43
-6580.84
-7616.47
-8491.04
-9183.04
-9677.42
-9973.85
-10087.1
-10032.5
-9821.91
-9462.03
-8964.83
-8340.64
-7603.81
-6761.02
-5822.61
-4792.86
-3672.77
-2472.07
-1197.36
134.344
1508.56
2900.49
4288.22
5661.08
7008.24
8313.27
9559.09
10738.1
11842.9
12882.3
13868.6
14815
15736.1
16628.9
17491.9
18334.6
19183.1
20051.6
20932
21803.1
22634.8
23409.9
24124.4
24782.3
25404.9
26004.5
26583.3
27131.6
27641.1
28111.9
28542.8
28946.8
29332.2
29707.2
30073
30426.2
30755.5
31048.8
31306.1
31531.8
31714.2
31817.2
31815.2
31707.4
31507
31225.1
30861.9
30403.7
29840.6
29155.6
28350.4
27440.2
26454.4
25406.1
24300.2
23123.4
21868.2
20522.7
19075.5
17518.3
15853.4
14103.6
12288.6
10429
8543.23
6649.46
4768.76
2927.69
1149.64
-547.088
-2142.17
-3618.66
-4960.83
-6171.69
-7243.77
-8184.27
-8999.99
-9696.78
-10268.2
-10705.8
-10981
-11080.9
-10987
-10676.2
-10131.1
-9356.78
-8380.01
-7239.04
-5974.51
-4628.09
-3222.81
-1778.25
-320.46
1110.17
2488.55
3801.77
5046.75
6227.81
7356.87
8429.65
9456.75
10457.1
11455
12460.3
13465.2
14452.5
15408.7
16318.3
17154.5
17898.6
18545.7
19105.2
19603.8
20073.6
20546.9
21033.1
21537.4
22064.8
22629.4
23232.1
23869.5
24529.6
25196.5
25855.5
26500.2
27127.8
27729.4
28294.3
28814
29288.1
29716.2
30096.8
30415.2
30667
30855.6
30978.5
31021.7
30978.3
30836.6
30581.4
30201.6
29691.7
29050.1
28279.3
27388.5
26386
25283.8
24095.5
22830.8
21499.4
20106.6
18649.1
17125.9
15540.2
13901.3
12221.6
10520.4
8823.36
7147.71
5490.88
3855.88
2255.96
700.832
-793.682
-2213.31
-3537.34
-4753.13
-5845.98
-6801.6
-7610.88
-8264.81
-8762.84
-9098.69
-9257.55
-9233.26
-9035.88
-8670.85
-8147.06
-7481.17
-6683.9
-5772.48
-4770.28
-3701.15
-2588.5
-1446.65
-288.537
876.757
2035.27
3182.06
4312.62
5422.68
6516.93
7597.69
8661.02
9706.96
10736.9
11753
12745.9
13703.7
14618.9
15493
16326.6
17122.7
17891.1
18632.3
19351.2
20054.1
20753.7
21463.4
22188.8
22931
23687.9
24459.8
25236.3
26014.2
26792.5
27568.6
28336.2
29088.1
29812.5
30493.8
31110.8
31652.4
32112
32485.1
32781.2
33013.4
33183.8
33289.5
33329.9
33300.5
33198.9
33024.7
32771.9
32428.4
31985.1
31440
30787.1
30028.7
29170.3
28215.2
27169.9
26037.1
24819.4
23519.6
22144.3
20706.3
19217.3
17683.6
16108.4
14484.4
12804.5
11069.9
9292.51
7486.67
5670.98
3868.48
2096.74
380.014
-1254.69
-2784.23
-4192.11
-5459.97
-6595.19
-7606.85
-8499.27
-9292.74
-9995.97
-10597.6
-11083.3
-11447
-11690.1
-11818.9
-11835.5
-11734.4
-11517
-11201.6
-10799.4
-10318.1
-9769.78
-9156.51
-8476.84
-7713.59
-6869.54
-5983.97
-5077.79
-4164.94
-3256.17
-2346.87
-1434.6
-520.411
404.247
1341.9
2279.58
3199.34
4086.76
4940.5
5762.23
6549.44
7290.97
7980.23
8623.81
9220.48
9762.92
10242.9
10649.8
10967.9
11169.7
11245.3
11228.9
11145.1
11013
10845.4
10657.6
10461.1
10262.6
10073.4
9902.6
9755.66
9636.9
9552.13
9502.87
9483.68
9493.91
9537.88
9614.92
9722.73
9852.53
9991.51
10136.3
10280.2
10418.9
10552.9
10696
10853.8
11022.5
11193.7
11362.8
11523.2
11669.9
11797.6
11899.5
11971.9
12009.3
12010.1
11974.5
11905.8
11816.5
11710.7
11584.1
11444.5
11298.6
11162.3
11053.5
10983.5
10962.4
10992.8
11068.2
11169.3
11283.2
11403.4
11528.1
11655.1
11781
11905.4
12028.3
12148.2
12262.4
12370.1
12473.2
12572.3
12664.4
12744.7
12812
12869.6
12915.8
12953.4
12983.4
13008.6
13030.3
13047.4
13057.9
13064.4
13069.1
13072.8
13077.8
13084.2
13089.8
13097
13106.5
13118.9
13136.4
13158.1
13186.5
13221.2
13262.4
13308.6
13358.5
13411.4
13464.1
13515.6
13563.4
13607.8
13645.9
13676.9
13699.4
13714.2
13718.8
13711.6
13692.7
13662.3
13620.2
13569
13509.3
13441.7
13367.7
13288.4
13206.4
13122.3
13037.4
12951.7
12867.3
12784.1
12700
12617.8
12537.4
12461.7
12389.6
12323
12260.8
12204.2
12153.7
12110
12073.4
12044.7
12023.1
12009.3
12004.4
12008.4
12019.5
12037.9
12064.2
12096.6
12133.7
12176
12219.6
12263.8
12309.3
12355.6
12400.6
12444.5
12486.9
12528.1
12568.8
12609.7
12651.2
12692.8
12735.2
12779.2
12825
12871.8
12919.8
12966.8
13012.4
13057.3
13099.5
13136
13167.1
13192.5
13210.8
13226.6
13240.6
13252.9
13266.1
13279.5
13293.6
13308.5
13325.2
13341.8
13358.9
13375.8
13393.6
13411.3
13428.1
13443
13456.3
13468.3
13479.9
13490.9
13500.4
13507.7
13513.8
13518.6
13523.1
13527.3
13531.9
13535.6
13537.5
13537.4
13536.6
13535.1
13532.6
13528.4
13523.5
13517
13508.7
13498
13485.7
13471.7
13456.2
13439.5
13423.3
13406.7
13389.6
13372.3
13355.9
13341.3
13329.1
13319.2
13311
13303.9
13299.2
13297.7
13298.4
13300.4
13303.2
13307.5
13312.9
13319.7
13328.6
13339.1
13349.8
13362.2
13375.2
13389.6
13403.7
13416.5
13427.7
13438.1
13447.8
13455.4
13460.8
13464.2
13466.1
13467.3
13466.3
13464.1
13461.4
13458
13455.3
13452.6
13449.1
13446.6
13442.7
13438.4
13434.8
13431.6
13428.1
13426.2
13425.8
13427.6
13432.1
13438.9
13447.3
13457.6
13469.5
13482.5
13495.4
13507.3
13518.4
13529.8
13539.9
13548.2
13556
13562.5
13569.1
13575.1
13580.1
13585
13588.9
13592
13594.2
13595.7
13595.5
13593.3
13589.2
13582.6
13574.4
13564.1
13551.7
13538
13522.6
13507
13491
13474.8
13457.3
13441.2
13426.5
13412.9
13399.8
13387.2
13375.2
13364.2
13354.6
13346.8
13339.9
13335.5
13331.9
13329.9
13328.1
13326.8
13326.2
13325.8
13326.2
13325.6
13324.9
13325.1
13325.7
13327
13328.7
13331.6
13335.5
13339
13342.8
13346.8
13351.2
13354.9
13358
13360.1
13361.2
13361.8
13360.5
13358.2
13354.5
13350.4
13345.7
13339.9
13334.2
13327.5
13322.2
13317.3
13312.4
13308.3
13305.8
13304
13303.2
13301.9
13301.5
13301.4
13300.6
13298.2
13295.8
13293.6
13290.5
13286.8
13282.7
13279.9
13277.3
13275.3
13274.5
13276.2
13280
13285.1
13291.4
13298.7
13307.6
13317
13326.1
13333.4
13339.1
13343.1
13345.4
13345.9
13344.1
13341.9
13341.5
13341.8
13343
13346.5
13351.8
13357.4
13363.2
13369.9
13376.9
13384.4
13391
13396
13400
13402.7
13404.8
13405.1
13404
13401.7
13398.1
13394.1
13390.1
13386.8
13384.1
13382.7
13382.6
13382
13382.4
13383
13384.2
13385.4
13386.6
13386.9
13387.9
13389.5
13390.7
13391.8
13394.2
13396
13398.5
13399.5
13399.9
13400.4
13401.4
13403.6
13406.7
13409.6
13412.9
13415.5
13418.3
13420.1
13422.6
13424.3
13426.3
13426.6
13425.5
13423.9
13422.2
13419.1
13414.8
13409.6
13403.9
13397.3
13391.4
13385.5
13380.8
13377.9
13376
13375.3
13375.2
13376.4
13379.1
13381.5
13384.6
13387.5
13389.9
13390.7
13390.3
13387.6
13384.9
13382.1
13380
13376.8
13373.6
13370
13366.9
13364.1
13361.6
13359.4
13357.9
13356.6
13354.4
13353.3
13351.4
13349.6
13347.5
13344.8
13341.9
13339.5
13336.8
13334.1
13332
13331.1
13331.4
13330.6
13329.3
13327.5
13326.5
13325
13323.8
13322.2
13320.1
13317.8
13315.3
13314.2
13313.9
13314.3
13314.3
13314.9
13316.5
13317.1
13317.3
13317.4
13316
13314.3
13312.4
13310.5
13308.1
13307
13308.4
13312.3
13317.7
13324.6
13332.4
13340.5
13349
13358
13367
13375.4
13380.8
13385
13389
13391.7
13393
13392.7
13392.5
13392.9
13393.9
13396.4
13399.9
13404.4
13409.7
13415.1
13418.8
13421.9
13423.4
13423.9
13422.9
13421.9
13420.7
13418.2
13415
13410.9
13406.8
13404
13400.6
13397
13394.3
13392.4
13392.1
13392.1
13392.8
13392.9
13392.7
13392.7
13392.6
13392
13391.7
13391.5
13390.6
13389.2
13387.2
13385
13382
13378.3
13374.8
13371.6
13368.6
13366.1
13363.6
13362.3
13362.6
13363
13364.9
13365.2
13365.4
13364.9
13363.8
13362
13360.5
13359.2
13356.9
13354.1
13350.5
13347
13343.9
13340.4
13337.3
13335.5
13334.8
13333.6
13332
13330.6
13330.6
13330.9
13330.9
13329.3
13328.1
13326.9
13326.3
13326.4
13325.8
13327.4
13328.6
13329
13327.9
13326.4
13324.5
13322.6
13320.7
13318.8
13317.9
13318.7
13319.7
13321
13323.6
13327.1
13330.9
13333.6
13335.7
13336.8
13337.7
13337.8
13336.4
13335
13333.9
13333
13330.8
13329.2
13327.4
13326.7
13327.9
13330.6
13335.3
13340.4
13346.1
13351.3
13355.4
13360
13363.2
13365.8
13367.2
13367.4
13367
13366.5
13366.2
13365.3
13365.8
13366
13367.3
13368.5
13370.2
13373.2
13376.5
13381.4
13385.6
13389.1
13391.8
13393.9
13394.9
13395.5
13396.1
13395.3
13392.7
13391.3
13389.8
13390.4
13392.4
13394.5
13397.1
13400
13402.8
13402.9
13403.7
13402.8
13401.2
13399.2
13396.2
13393.1
13389.1
13386
13382.6
13379.4
13375.4
13371.3
13366.6
13361.4
13357.5
13354.2
13350.4
13347
13342.3
13337.2
13333.1
13329
13325.6
13322.7
13321.9
13319.9
13318.7
13317.8
13317.7
13317.7
13316.4
13315.2
13313.6
13311.7
13309.9
13308.3
13307.2
13307.1
13308.1
13310
13312.1
13314.3
13317.8
13321.3
13324.9
13328.7
13332.3
13335.4
13339.1
13342.5
13346.9
13350.7
13354.6
13356.9
13358.9
13361.3
13364
13366.8
13369.9
13372.5
13375.5
13378.6
13382.3
13384.9
13387.6
13389.9
13391.9
13392.3
13393
13393.2
13392.3
13391.3
13390.3
13389.7
13389
13388.2
13387.8
13387.4
13388.1
13388.3
13389.4
13390.2
13390.9
13392.3
13393.9
13395.3
13396.8
13397.7
13399.2
13401.4
13404.9
13408.8
13412.5
13416
13419.4
13421.2
13422.4
13422.7
13421.1
13418.8
13416.1
13413.2
13411.2
13409.6
13408.7
13407.4
13406
13405.2
13403.4
13401.8
13400.3
13398.7
13397.7
13396.6
13392.7
13388.2
13383.8
13379.7
13375
13371.1
13369.1
13368.1
13367.8
13368.6
13369.7
13370.5
13371.4
13371.2
13370.8
13370.6
13371.3
13372.1
13372.8
13374.8
13376.2
13376.9
13377.1
13375.9
13374.3
13373.5
13371.9
13370.3
13369.2
13368.8
13368.5
13368.7
13368.8
13370.3
13371.8
13372.5
13372.9
13372.6
13371.2
13368
13364.3
13360.1
13356
13353.3
13350.7
13349.7
13350.9
13353.4
13358.3
13364.4
13372
13380.1
13388
13395.8
13403.9
13411.9
13419.7
13427.4
13434.2
13441.8
13450.8
13460.8
13472
13485.6
13501.8
13519
13535.2
13550.2
13563.1
13574.7
13584.3
13592.5
13598.5
13602.1
13603.7
13603.8
13603.6
13603.3
13602.6
13601.5
13600.7
13600.8
13601
13601.7
13603
13604.1
13606.9
13608.6
13608.6
13606.8
13604.2
13601.7
13598.6
13593.2
13586.6
13579.1
13569.4
13560
13550.9
13543
13534.9
13526
13516.2
13505.7
13495.7
13486.3
13476
13465.8
13452.8
13437
13418.5
13397.1
13374.9
13352.6
13330.2
13306
13280.6
13255.4
13232.1
13210.1
13190.5
13174.2
13160
13146.2
13133.3
13121.4
13111.5
13103
13095.2
13085.9
13073.7
13058.5
13040.4
13021.2
13001.3
12981.9
12962.3
12942.8
12923.3
12904.2
12887.3
12872.6
12859.7
12848.9
12839.8
12831.7
12823.6
12815.3
12807.6
12801
12795.3
12789.8
12785.5
12783.7
12786.4
12793.5
12806.1
12823.7
12846.4
12873.5
12904.6
12937.5
12972.9
13009.8
13047.2
13084.9
13121.9
13158.1
13193.5
13227.7
13259.6
13289.2
13317.4
13344.6
13370
13394.1
13416.8
13437.7
13456
13469.9
13480.5
13487.3
13490.8
13491.7
13490.5
13486.8
13481.9
13475.1
13467.8
13460.3
13452.7
13444.9
13437.1
13428.9
13422.3
13417.8
13414.2
13411.5
13408.6
13405.4
13402.3
13399.8
13397
13395
13394
13394.6
13397.1
13400.3
13404.1
13408
13412.3
13417.4
13422.8
13427.7
13433.2
13438.8
13445.7
13452.1
13459.3
13464.7
13468.1
13473
13479.9
13489.4
13501.1
13514.3
13529.1
13544.2
13557.8
13570.7
13581
13588.3
13594.6
13599.2
13600.8
13599.5
13596.1
13590.5
13582.9
13574
13564.3
13553.4
13543.5
13533
13524.2
13518.4
13513.1
13508.4
13504.5
13501.6
13499
13496.5
13494.7
13493.6
13493.3
13495.1
13498
13501.7
13507
13515.1
13526.2
13539.8
13556.2
13573.9
13592.9
13612.7
13632.3
13649.8
13666.7
13681.2
13691.6
13697.8
13699.1
13694.8
13685.5
13673.2
13658.1
13641.2
13624.4
13607.3
13588.4
13569.5
13549.4
13529.5
13509.6
13488.9
13467.8
13447
13427.3
13409
13391.4
13376.1
13363.8
13352.2
13342.3
13334.3
13328.9
13325.9
13325.5
13326.9
13328.7
13331.1
13334.1
13337.3
13341.8
13347.9
13355.1
13364.6
13374.4
13384.4
13395.1
13406.3
13417.1
13426.9
13435.1
13441
13446.1
13450
13453.3
13457.2
13461.3
13465.9
13471.9
13478.3
13485.5
13493.8
13502.6
13511.9
13521.6
13531.7
13542
13553.2
13563.4
13572.4
13582.3
13592.6
13603.7
13615.7
13627.8
13639
13651.6
13662.6
13670.8
13677.5
13680.6
13681.3
13679.9
13674.4
13666.3
13656.4
13644.9
13632.5
13619.8
13606.3
13594.5
13583.2
13572.2
13562
13553.1
13543.9
13532.9
13521.2
13508.9
13495.9
13482.6
13469.2
13457.2
13449.3
13444.1
13442.1
13443
13447.1
13455.2
13466.8
13479.7
13493.2
13506.4
13519.1
13531
13538.4
13543.5
13546.2
13547.1
13545.5
13541.8
13537.3
13532.5
13527.1
13522
13518.6
13514.8
13510
13504.1
13497.1
13488.5
13478
13466
13453.2
13437.8
13422.5
13406.8
13391
13375.4
13362.1
13350.9
13341.5
13332.8
13325.8
13319.8
13316.4
13315.5
13316.3
13319.8
13325.6
13331.8
13341.2
13353.3
13367.3
13383.4
13401.2
13421.1
13441
13460.9
13481.5
13502.8
13524.5
13547.2
13570.6
13592.9
13615.5
13637.2
13660
13682.4
13705.3
13729.3
13753.6
13778.3
13802.8
13827.1
13851.8
13876
13899.1
13920.7
13941.1
13962.5
13983.9
14006.9
14030.6
14057.6
14086.8
14119.8
14156.3
14195.1
14237.8
14283.4
14333.4
14386
14441.9
14501.7
14562.6
14625
14688.5
14752.4
14818.3
14885.1
14952.5
15019.6
15087.4
15155.5
15222
15287.6
15351.5
15413.9
15473.2
15528
15576.1
15613.8
15637.8
15644.8
15635.6
15611.6
15572.6
15520.5
15454.5
15372.3
15273.3
15165.4
15056.8
14963.1
14884.6
14805
14723.7
14648
14588.6
14556.9
14551.7
14560.7
14572.6
14579.5
14579.4
14572.7
14563
14549.7
14530.9
14500.7
14457.3
14403
14335.3
14254
14163.1
14066.2
13959.3
13839.9
13696.2
13533.8
13375.2
13230.3
13094.9
12963.3
12827.3
12687.6
12556.6
12444.1
12356.4
12294.7
12259.8
12253.3
12280
12343.1
12445.6
12585.1
12759.3
12966.9
13208.3
13481.6
13780.6
14098.9
14429.1
14767.2
15109.6
15448.5
15774.7
16080.8
16357.8
16602
16812.3
16988.8
17133.9
17249.6
17340.4
17408.8
17456
17483.8
17496.2
17496.3
17488.2
17472.5
17452.4
17429.4
17405.5
17384.6
17369.1
17361.3
17363.2
17373.6
17396.3
17435.7
17497
17583
17692.6
17824.9
17976.4
18144
18323.9
18509.4
18695.4
18877.9
19052.4
19213.5
19359.3
19488
19599.5
19692.8
19768.6
19825.6
19862.2
19877
19870
19839.5
19787.6
19714.4
19620.6
19504.8
19368.1
19214.8
19046.9
18868.8
18685
18498.9
18314.2
18133.5
17959
17790.2
17624.9
17462.9
17304.2
17150
17000.7
16854.2
16713.1
16577.9
16449.9
16327.9
16210.9
16097.4
15986.5
15879.3
15777.8
15684.1
15597.6
15518.6
15447.2
15379.6
15315
15252.7
15190.8
15129.4
15071.8
15022
14981.6
14953.3
14938.6
14938.5
14953.1
14979
15015.8
15062.4
15119.5
15185.5
15259.7
15341.5
15426.7
15518.6
15617.3
15722.5
15836.6
15962.4
16103.7
16265.1
16448.8
16654.4
16874
17098.4
17319.6
17534.2
17737.7
17934.2
18128.2
18318.5
18508.3
18700.4
18900.1
19110.6
19338.2
19583.5
19845.9
20128.2
20431.6
20763.3
21124.3
21515.3
21937.9
22394.3
22887.2
23414.6
23974.6
24569
25198.2
25865.6
26569.6
27305.8
28058.1
28811.1
29559.8
30297.8
31018.2
31707.5
32351.1
32938.8
33459.4
33922.7
34312.9
34617.5
34824
34936.1
34960.3
34908.9
34788.5
34596
34318.9
33947.8
33475.9
32904.7
32234.2
31470.1
30608.8
29646.8
28583.9
27423.2
26163.4
24804.5
23359.8
21848.5
20289.9
18704.6
17089.4
15467
13851.2
12252.4
10670.9
9094.28
7503.86
5885.9
4235.24
2565.34
895.258
-760.164
-2390.26
-3991.03
-5558.52
-7079.84
-8535.05
-9911.4
-11199.4
-12382.5
-13450.1
-14403.1
-15247.3
-15998.7
-16665
-17254.2
-17760.8
-18173.1
-18475.4
-18654
-18692.2
-18592
-18352.4
-17962
-17430.5
-16767.1
-15980.3
-15082.6
-14081.6
-12987.3
-11814.6
-10578.6
-9293.77
-7977.67
-6648.71
-5315.31
-3980.1
-2641.23
-1301.19
37.7161
1382.92
2719.22
4035.95
5316.21
6541.39
7699.6
8807.39
9882.05
10918
11930.8
12923.1
13875.4
14766.8
15574.4
16293
16937.5
17533.1
18106.8
18675.7
19248
19826.2
20411.7
21001.7
21594.2
22189.4
22780.2
23356.9
23900
24400.9
24855
25256.3
25593.1
25855.8
26052.6
26189.1
26272.9
26327.1
26377.1
26447.5
26545.6
26668.4
26806.1
26951.2
27106.9
27277.7
27465.8
27667.5
27875.5
28087.6
28289.4
28470
28628
28766.9
28876.4
28958.9
29016.3
29049.3
29035.3
28944
28770
28521.8
28214.5
27851.2
27440.6
26985.1
26477
25908
25257.8
24509.2
23652.8
22679.7
21592.1
20395.7
19096.7
17714.6
16260.6
14741
13165
11550.7
9902.43
8231.46
6548.32
4882.95
3265.63
1699.41
171.928
-1316.22
-2749.72
-4123.1
-5432.36
-6667.65
-7823.39
-8883.4
-9826.8
-10618.8
-11220
-11608.1
-11781.7
-11751.7
-11533.3
-11134.1
-10564.5
-9839.74
-8984.21
-8018.65
-6969
-5857.75
-4704.98
-3528.22
-2345.48
-1153.92
28.9188
1191.66
2320.62
3420.6
4498.91
5574.32
6652.87
7738.21
8802.02
9803.39
10704.6
11501.9
12214
12859.6
13446.5
13992
14512.4
15023.8
15535.9
16075.9
16644.8
17237.1
17858.7
18519.8
19216
19950.3
20718.4
21524
22354.4
23194.9
24021.5
24821
25577.8
26282.5
26929.1
27509.8
28008.4
28402.3
28674.6
28827.8
28859.2
28777.8
28589.1
28282.9
27846.2
27316.5
26743.1
26135
25496.2
24802.6
24029
23158
22185.7
21112.9
19938.6
18664.4
17293.5
15836.2
14318.2
12761.4
11183.7
9606.89
8060.69
6576.69
5169.42
3851.14
2623.59
1488.33
477.174
-387.558
-1110.07
-1696.54
-2136.18
-2442.81
-2625.01
-2674.51
-2581.59
-2353.66
-2005.05
-1552.87
-1014.61
-404.469
260.128
956.417
1671.35
2409.35
3172.3
3959.68
4765.04
5577.39
6384.68
7180.06
7968.18
8740.37
9485.22
10179.4
10783.6
11278.6
11709.3
12133.1
12513.5
12822.7
13095.8
13379.1
13698.2
14058.4
14473.5
14950.2
15488.4
16088
16743.1
17444.2
18175.4
18913
19634.4
20322.5
20960.7
21539.8
22051.2
22492.7
22875
23213.6
23501.1
23677.6
23715.7
23687.5
23659.7
23620.6
23515.3
23312.1
22990.6
22544.9
21977.3
21290.2
20483.1
19576.9
18577.7
17478.5
16282.7
15016.8
13711.8
12386
11048.2
9719
8409.28
7130.27
5903.7
4756.05
3713.78
2778.31
1935.41
1167.93
477.695
-80.1621
-455.758
-609.875
-554.149
-313.273
94.1378
654.286
1329.84
2102.9
2974.82
3927.79
4941.32
6004.18
7094.23
8196.9
9298.13
10376.9
11410.9
12389.1
13301.1
14161.8
14982.8
15758.6
16476.3
17107.8
17609.8
17966.2
18182.8
18299.5
18353.5
18363
18356.2
18361.8
18399.4
18486.8
18641.2
18855.4
19102.5
19364.1
19623.9
19858
20064.6
20239.8
20366.9
20437.4
20458.2
20444.4
20412.3
20381.7
20396.9
20484.8
20620.7
20749.1
20803.9
20747.6
20560.8
20222.3
19716.1
19037.3
18182.4
17170.2
16041
14837.9
13613.8
12409.3
11256.1
10178.9
9198.07
8316.3
7539.98
6847.51
6214.81
5641.19
5121.42
4631.94
4167.51
3746.99
3414.08
3212.06
3159.24
3269.48
3540.27
3964.61
4526.02
5201.86
5960.06
6777.6
7627.62
8489.39
9345.19
10175.1
10956.6
11672.6
12328.9
12935.2
13503.3
14041.9
14548.2
15012.3
15433.7
15807.2
16127.8
16390.8
16595.5
16744.9
16851.6
16931.8
17000.5
17084.8
17215.3
17413.2
17671.7
17990
18346.5
18720.6
19100.3
19480.3
19862.7
20251.1
20642
21034.4
21400.4
21718
21981.1
22161.5
22269.9
22306.8
22271.8
22154.5
21933.3
21562
21030.8
20338.4
19480.8
18453.9
17270.7
15959.8
14544.7
13069.1
11575.1
10101.9
8673.66
7304.82
5993.11
4735.27
3529.18
2398.62
1362.6
436.283
-348.753
-997.387
-1501.85
-1861.77
-2080.14
-2148.56
-2027.84
-1708.35
-1178.74
-439.188
497.845
1602.96
2840.68
4171.29
5574.72
7019.7
8474.69
9914.36
11312.4
12653.6
13928.2
15129.2
16252.9
17298.2
18268.1
19170.3
20005.1
20785.2
21519.3
22224.4
22913.9
23581.4
24222.4
24828.6
25396.5
25937.3
26475.7
27035.9
27648.4
28322.2
29069.2
29897.8
30813.2
31815.8
32900.2
34058.1
35280.6
36551.4
37846.4
39123.6
40346.1
41493.1
42542.5
43483.3
44314.6
45044.4
45685.7
46248.8
46742.1
47174.4
47540.5
47830.8
48033.5
48140.4
48133.5
48004.2
47752.5
47380.3
46899.2
46316.6
45628.9
44830.8
43931.2
42946.1
41906.9
40843.6
39778.4
38724.2
37693.5
36685.9
35694.6
34715.3
33743
32773.5
31800.3
30822.9
29842.3
28861.5
27883.4
26914.9
25961
25026.8
24114.8
23222.8
22354.5
21525.2
20748.3
20032.7
19384
18799
18269.6
17784.2
17336.6
16918.9
16529.8
16171.9
15845.4
15548.8
15278.1
15030.7
14805.4
14597
14404.5
14227.8
14067.5
13924.1
13797
13688.8
13598.8
13524.1
13461.5
13406.7
13355.7
13304.3
13252
13199.3
13148.8
13101.5
13059.5
13023.4
12991.6
12963.3
12936.9
12913.8
12894
12876.2
12860.8
12847.5
12835.5
12825.2
12816.8
12811.8
12809.4
12808.8
12812.4
12819.9
12832
12846
12859
12869
12873.3
12872.8
12867.4
12856.9
12842.1
12824.2
12803.4
12780.9
12757.9
12734.6
12711.1
12688.7
12670.4
12657.6
12649.5
12646.3
12646.4
12650.4
12657.1
12664
12671.5
12678.3
12686.2
12695.7
12708
12725.8
12749.8
12779.4
12814.5
12853.3
12894.1
12936.7
12981.3
13025.1
13067.4
13110
13152.2
13191
13226.3
13257.7
13283.8
13304.5
13317.6
13325.2
13327.6
13323.2
13313.6
13300.1
13287
13275.6
13264.2
13252.6
13240.4
13226.4
13209.5
13189.8
13167.5
13143.9
13120.6
13098.5
13076.5
13054.9
13033.9
13011.8
12988.1
12965
12942.9
12923
12904.9
12889.5
12878.8
12873.3
12871.8
12871.3
12870.5
12870.7
12872
12876.6
12884.4
12896.4
12912.7
12932.9
12957
12981
13003.8
13024.4
13042.7
13058.8
13074.6
13091
13107
13123.9
13141.8
13159.4
13176.4
13191.3
13200.9
13205.4
13207.5
13208.4
13209.5
13209.2
13206.4
13201.4
13194.5
13184.6
13171.8
13155.9
13139.7
13124.4
13109.6
13096
13082.1
13068.4
13055.2
13042.5
13028.7
13014.1
13000
12988.1
12978.5
12972.8
12971.9
12974.2
12978.9
12983.9
12987.9
12991.3
12994.7
12996.9
12998.7
12999.8
12999
12996.8
12993.1
12989.4
12984.2
12978.1
12969.5
12957.5
12942.1
12924.8
12907
12888.8
12870.6
12854.2
12839.5
12826.2
12814.9
12805.3
12795.6
12786.9
12778.9
12773
12769.3
12767.7
12769
12773.7
12779.8
12786.1
12792.3
12799.5
12808.5
12819.9
12834
12851.3
12871.4
12892.6
12914.3
12935.4
12954.9
12972.3
12987.8
13000.8
13010.3
13018.6
13025.4
13029.9
13030.9
13029.1
13025
13018.4
13011.4
13006.2
13004.3
13004.6
13007.3
13011.2
13016.6
13022.9
13030.4
13038.3
13046
13053.7
13060.8
13066.1
13070.8
13075.1
13077.4
13079.4
13081.6
13085.1
13089.8
13096.4
13104.6
13113.9
13124.3
13132.6
13139.6
13144.5
13150.3
13156.8
13164.4
13173.5
13183.5
13193.1
13202.2
13210.8
13218.7
13225.1
13231.1
13236
13238.6
13240.6
13241.9
13242.5
13243.3
13244.6
13246.6
13250.4
13254.1
13258.3
13264.4
13269.4
13272.5
13273
13269.3
13263
13252.6
13238.4
13222.2
13204.1
13184.3
13164
13143.6
13122.8
13102.8
13085.7
13070.2
13055.1
13038.4
13017.6
12993.9
12965.3
12931
12893.2
12850.6
12803.5
12755.3
12707.8
12658.7
12609.5
12560.4
12512.6
12467.9
12425
12383.5
12342.6
12301.6
12261.3
12222.2
12184
12143.8
12100.7
12055.6
12009.4
11963.5
11916.2
11869.8
11824.7
11781.6
11740.8
11702.3
11663.5
11623.7
11583.6
11543.3
11500
11453.9
11404.8
11354
11302.3
11251.1
11200.4
11149.6
11098.2
11045.4
10992
10938.2
10883.8
10829.9
10777.8
10728.7
10681.5
10637.4
10595.8
10556.4
10518.8
10482.5
10446.2
10411.6
10376.6
10342.5
10308.5
10274.4
10239.4
10205.2
10172.6
10142.2
10113.9
10089.3
10068
10050.8
10038.2
10029.7
10023.9
10018.6
10015.1
10014.7
10016.4
10021.8
10032
10046.7
10067.1
10094.1
10126.3
10165.6
10212.8
10266.9
10326.3
10389.3
10450.9
10509.2
10562.6
10610.2
10651.1
10686.2
10714.4
10737
10754.8
10769
10781.6
10790.7
10796.6
10797
10789.5
10772.5
10747.6
10712.9
10668.6
10615.1
10552.5
10479.7
10397.3
10307.2
10211.2
10112.8
10014.1
9916.94
9822.94
9731.85
9643.53
9559.3
9479.34
9403.35
9331.53
9262.1
9196.06
9131.65
9070.84
9015.9
8967.36
8925.28
8890.84
8863.8
8843.91
8831.76
8827.27
8831.66
8844.35
8865.73
8895.89
8934.27
8979.53
9032.23
9093.28
9162.47
9239.3
9322.61
9412.69
9508.72
9610.67
9717.04
9828.57
9944.8
10063.8
10185.9
10310.6
10437.4
10566.1
10696.2
10826.8
10957.7
11087.5
11216.8
11344.6
11471.1
11594.7
11716.3
11835.2
11951
12062.6
12170.8
12276
12378.2
12478
12575.2
12670
12761.7
12849.7
12934.1
13015.1
13091.9
13165.5
13237.3
13307
13374.6
13441.3
13508.4
13573.7
13637.8
13698.8
13758.4
13815.9
13870.5
13922.3
13971.2
14015.5
14055
14089.8
14119.5
14144.5
14165.5
14182
14194.8
14203.1
14207.8
14209
14205.6
14196.3
14182.1
14162.5
14138.2
14110.1
14079.7
14046.3
14012.8
13977.8
13940.6
13901.2
13859.7
13817.3
13774.2
13731.6
13689.4
13647.4
13606.1
13564.5
13523.3
13483
13444.5
13406.6
13370
13336.2
13305.8
13278
13253.8
13233.1
13214.3
13196.8
13180.4
13164
13147.9
13132.7
13118.7
13104.6
13091.1
13078.8
13067.7
13057
13048.6
13041.7
13036.2
13032.6
13029.6
13027.9
13027.6
13028.8
13030.8
13033.9
13037.7
13042.3
13046.3
13051
13056.9
13064.7
13074
13085.2
13099.6
13116.4
13137.3
13160.6
13185.9
13212.3
13240.3
13267.7
13294.6
13322.1
13350.5
13380.1
13411.2
13443.7
13477.6
13513
13550.3
13589.9
13632.1
13676.9
13724.1
13774.3
13826.5
13881
13938.5
13997.4
14058.6
14120.7
14184.2
14248.9
14315.2
14382.7
14452.7
14525.2
14599.6
14675.3
14755.4
14837.2
14920.2
15002.4
15086.7
15173.6
15268.2
15371.4
15488.3
15618.8
15761.6
15907.1
16035.6
16135.3
16204.9
16244.2
16248.2
16217
16160.7
16088.4
16001
15897.4
15779.2
15647.1
15492.4
15295.1
15054.3
14776.9
14487.1
14183
13867
13540.1
13192.8
12808.5
12374.8
11886.1
11345.6
10764.9
10154.9
9517.65
8865.61
8216.45
7574.26
6928.83
6272.97
5604.58
4923.69
4225.82
3507.76
2783.46
2072.78
1378.58
697.132
9.21246
-686.668
-1392.66
-2110.32
-2825.52
-3522.64
-4188.32
-4816.03
-5393.52
-5913.22
-6379.36
-6794.42
-7172.88
-7530.01
-7868.38
-8181.52
-8472.47
-8739.41
-8977.22
-9176.11
-9333.04
-9450.38
-9526.8
-9560.29
-9543.48
-9471.3
-9330.85
-9119.78
-8841.08
-8501.42
-8108.58
-7665.71
-7172.11
-6632.38
-6055.77
-5442.26
-4792.44
-4106.29
-3386.17
-2638.76
-1879.98
-1116.65
-348.777
417.101
1171.35
1911.86
2634.84
3339.96
4025.94
4685.94
5315.94
5907.29
6462.89
6987.45
7487.67
7974.62
8455
8927.95
9388.59
9840.92
10289.1
10735.4
11180.6
11625.3
12073.3
12531.3
12999.6
13472.5
13951.7
14437.7
14932.8
15442.9
15967.2
16506.5
17062.1
17630.5
18207.5
18785.5
19358.8
19920.3
20464.9
20990
21498.1
21996.2
22487.1
22968.1
23437.6
23896.8
24347.3
24787.4
25217.7
25644.4
26072.9
26499.8
26928.5
27360.9
27793.2
28222.6
28647.4
29060.7
29460.4
29847.1
30221.1
30581.7
30929.6
31263.7
31578.7
31866.8
32121
32340.6
32531.1
32691.4
32818.4
32907.1
32956.6
32970.3
32947.3
32883.5
32780.9
32640.3
32461.5
32248.9
32002.4
31718.3
31394.8
31025.9
30602.7
30111.9
29542
28888.2
28166.1
27374.7
26522.6
25626.3
24693.5
23726.2
22740.8
21743.7
20738
19720.7
18676.8
17598.7
16482.7
15333.3
14151.9
12941.3
11696.7
10415.6
9105.49
7769.54
6421.8
5077.23
3757.51
2483.12
1263.69
90.0455
-1027.96
-2093.06
-3113.79
-4091.44
-5028.34
-5936.69
-6818.52
-7670.78
-8484.75
-9247.72
-9951.46
-10582.9
-11139.9
-11613.3
-11988.6
-12249.9
-12377.6
-12363.6
-12204.8
-11910.3
-11493
-10962.6
-10338
-9629.85
-8856.04
-8032.02
-7172.5
-6291.23
-5403.55
-4516.35
-3630.35
-2748.2
-1867.36
-987.974
-106.303
780.262
1667.13
2555.57
3444.28
4325.04
5193.7
6041.18
6862.07
7653.44
8408.83
9121.96
9785.52
10408.9
10999.3
11572.1
12143.9
12731.7
13342.2
13986.9
14673.6
15399.3
16160.6
16951.6
17768.5
18604.3
19456
20323.9
21204.3
22092.7
22978.9
23848.8
24692.5
25501
26273.2
27014.1
27732.4
28432.3
29109.3
29757.9
30374.1
30948.9
31479.2
31966.8
32409.6
32801.3
33139.5
33425.4
33661.7
33845.6
33977.4
34050.8
34059.3
33995.4
33851.7
33627.7
33326.9
32955.8
32517.3
32012.7
31446.4
30826.3
30154.1
29418.7
28596.9
27690.2
26720.6
25701.8
24641.7
23541
22404.9
21240.7
20051.5
18839.2
17607.5
16355.4
15082.9
13791
12480.5
11155.6
9816.38
8463.02
7095.48
5714.89
4325.74
2928.58
1527.99
136.319
-1219.76
-2505.83
-3709.38
-4835.49
-5877.06
-6823.06
-7663.51
-8398.24
-9028.78
-9554.87
-9976.98
-10291.4
-10489.3
-10551.2
-10469.3
-10245.3
-9889.12
-9411.91
-8827.68
-8152.54
-7395.46
-6564.98
-5670.71
-4722.01
-3729.45
-2701.7
-1647.26
-577.206
493.898
1551.68
2580.91
3569.27
4512.3
5412.06
6279.7
7116.42
7918.17
8684.04
9411.18
10106.7
10786.1
11455.1
12115
12772.9
13441.8
14125.5
14832.7
15576
16360.1
17180.3
18030.9
18905.2
19794
20699.1
21615.6
22536.4
23454.2
24359.7
25245
26102.4
26938.3
27760.1
28568.1
29350.8
30086.9
30754.2
31343
31855.3
32288.4
32638.9
32912.4
33108.9
33221.2
33239.5
33161.8
32988.5
32728
32387.9
31963.2
31449.8
30834.8
30136.9
29378.1
28541.5
27623.5
26615.5
25502.8
24289.1
22988.6
21612.8
20172.5
18674.7
17126.3
15543.7
13934.1
12303
10654
8994.03
7328.96
5665.57
4014.02
2383.75
780.455
-781.37
-2284.42
-3696.06
-5013.86
-6231.46
-7314.49
-8250.07
-9026.66
-9628.41
-10057.9
-10319.3
-10411.8
-10337.8
-10101.9
-9714.39
-9193.88
-8559.12
-7825.3
-7008.41
-6114.94
-5142.37
-4083.05
-2942.19
-1727.79
-450.459
876.802
2230.81
3596.11
4961.16
6305.7
7614.31
8870.28
10060.9
11175.4
12205.8
13144.6
13996.7
14767.8
15472.1
16123
16738.4
17333.7
17914.6
18490.4
19067.8
19645.8
20217.1
20778.8
21322.7
21847.9
22346.5
22814.3
23243.4
23634
23994.5
24340.4
24678.4
25006.4
25321.5
25622.5
25897.4
26126
26301.8
26423.9
26497.2
26527.9
26519.8
26476.9
26398.7
26286
26128.3
25911.3
25615.7
25240.5
24786.7
24226.9
23572.6
22828.4
22000.5
21095.9
20109.4
19046.5
17910.1
16705.7
15441.6
14139.6
12820.3
11502.9
10190.5
8876.93
7552.71
6219.48
4881.55
3556.25
2254.46
999.434
-179.978
-1248.18
-2190.64
-2999.01
-3641.17
-4119.93
-4436.79
-4591.55
-4596.41
-4462.98
-4208.57
-3839.51
-3366.69
-2804.47
-2172.56
-1473.31
-712.439
118.891
1025.4
2008.23
3050.8
4136.86
5240.17
6346.18
7435.04
8487.46
9486.86
10422.6
11287.9
12088
12830.1
13522.7
14166.3
14765.6
15325.8
15852.3
16352.5
16841.7
17334.7
17845
18378.5
18931.9
19488.7
20037.9
20564.8
21069.2
21551.5
22013.7
22446.2
22854.4
23251.1
23642.9
24030.8
24413.9
24784.3
25130.6
25438.7
25691.2
25878.7
26000.8
26065
26075.6
26041.3
25974
25884
25766.9
25606.2
25379.5
25042.8
24563.1
23930.3
23158.6
22270.6
21285.6
20211.7
19061.8
17838.7
16550.6
15214.4
13847.2
12479.9
11132.2
9823.9
8560.47
7348.33
6195.15
5100.35
4051.43
3027.81
2018.81
1027.65
71.3424
-826.835
-1622.28
-2269.08
-2738.32
-3023.9
-3129.51
-3054.49
-2802.3
-2392.01
-1835.28
-1148.17
-354.746
517.218
1437.84
2397.06
3386.46
4394.53
5401.37
6385.29
7334.12
8242.38
9108.78
9934.37
10712.9
11441.5
12127.8
12787.2
13430.7
14062.5
14682.3
15280.8
15845.8
16375.7
16871.3
17336.9
17782.8
18223.3
18677.4
19151.4
19641.6
20139.7
20644.3
21158.6
21681.5
22212.1
22750.5
23295.7
23840.9
24390
24943.1
25492.3
26023.2
26513.5
26940.1
27281.6
27539.9
27732.5
27870.4
27965.3
28024
28038.8
27997.9
27887.1
27688.1
27386
26971.3
26441.1
25789.5
25019.3
24136
23148.2
22069.4
20903.5
19659.8
18340.9
16955.3
15515.6
14043.9
12565.6
11110.3
9687.25
8294
6922.32
5558.08
4198.24
2855.63
1542.73
280.366
-899.814
-1968.39
-2901.58
-3685.59
-4305.73
-4752.88
-5012.8
-5081.19
-4964.37
-4666.63
-4199.47
-3571.16
-2804.86
-1923.03
-943.342
115.007
1222.09
2352.06
3488.29
4620.52
5747.43
6858.94
7943.91
8995.83
10007.6
10968.5
11868
12703.1
13486.8
14230.5
14947.9
15640.8
16310.3
16958.1
17584.8
18183.7
18757.8
19322.9
19895.5
20476.8
21068.7
21678.2
22313.6
22973.8
23658.9
24367.1
25096.2
25843.2
26602.4
27367.2
28132.9
28893.9
29637.5
30353
31037.3
31685.5
32297
32866.8
33391.1
33865.1
34287.4
34652.1
34953.8
35186.3
35345.8
35427.5
35423.6
35322.5
35118.1
34809.6
34395.3
33884.1
33293.1
32634.1
31911.7
31125.9
30277
29372
28411.4
27390.2
26297.6
25113
23823.3
22420.9
20910.1
19295.9
17585.6
15765
13838.8
11844
9825.13
7827.44
5922.73
4168.05
2586.99
1194.74
-45.8971
-1206.34
-2369.16
-3593.73
-4878.29
-6180.7
-7408.51
-8500.8
-9450.36
-10261.3
-10900.5
-11341.6
-11576.7
-11642.2
-11560.6
-11322.3
-10910.2
-10360.6
-9717.37
-9007.47
-8256.33
-7527.39
-6871.46
-6315.45
-5864.13
-5478.47
-5088.53
-4609.2
-3975.05
-3190.9
-2297.53
-1383.48
-505.474
337.17
1160.44
1954.44
2710.03
3433.86
4160.55
4893.3
5606.18
6278.73
6931.64
7572.09
8191.86
8797.54
9408.57
10041.1
10714.5
11432.3
12196.4
13001
13828.5
14660.4
15490.2
16315.5
17136.8
17948.1
18740.1
19507.6
20240.4
20931.1
21573.8
22170.3
22730.9
23260.3
23772.2
24278.1
24791.3
25315.4
25837.4
26339.2
26782.9
27125.8
27336.3
27407
27356.3
27186
26911.5
26535.5
26059.7
25495.3
24840.9
24079.5
23204.9
22211.5
21100.4
19874.7
18541.2
17104.5
15582.6
13989.2
12335.9
10632
8891.62
7131.4
5384.33
3699.75
2139.37
746.399
-466.836
-1514.52
-2368.33
-2961.8
-3342.77
-3579.77
-3721.89
-3737.45
-3599.45
-3328.05
-2929.95
-2414.65
-1791.7
-1076.61
-280.104
585.647
1528.12
2544.39
3626.27
4752.63
5905.96
7063.77
8200.31
9292.94
10323.4
11283.3
12161.1
12921.8
13491
13925
14294.5
14629.6
14915
15165.8
15418.7
15693.2
15996.9
16334.8
16716.4
17149.5
17635.8
18164.9
18726.8
19305.8
19900.5
20510.1
21129.9
21756.8
22372.5
22956.6
23489.3
23961.7
24384
24768.5
25123.5
25477.3
25837.4
26141.3
26343.9
26456.3
26482.8
26408.8
26225.4
25884.4
25359
24638.8
23734.7
22659.1
21431
20068.1
18583.8
16994
15318.9
13587.1
11831.9
10103
8438.2
6863.21
5386.89
4024.67
2758.69
1585.92
554.262
-324.662
-1086.56
-1751.16
-2300.65
-2718.64
-2954.38
-2979.22
-2787.25
-2400.58
-1835.51
-1102.76
-213.285
817.039
1964.76
3200.79
4492.91
5807.31
7107.75
8363.15
9538.01
10608.7
11553.4
12368.8
13060.8
13638.3
14127.6
14553.3
14934.2
15278.1
15588.7
15869.6
16133.2
16391.2
16654.9
16934.4
17228.6
17530.9
17838.5
18148.4
18461.8
18783.5
19125.8
19485
19854
20237.2
20633.6
21039.3
21451.3
21869.1
22280.7
22663.9
23016.8
23347.6
23674.4
23986.1
24264.8
24460
24500.3
24342.1
23962.6
23361.4
22552.1
21554.7
20404.3
19140.7
17808
16429.6
15022
13601.7
12178.4
10761.8
9365.56
8009.42
6712.05
5498.84
4395.15
3404.75
2524.46
1738.22
1041.69
421.659
-106.789
-493.121
-706.155
-731.44
-571.583
-237.515
258.088
890.177
1634.5
2453.97
3329.71
4251.8
5217.64
6209.19
7203.99
8182.94
9121.25
10001.6
10813
11544.7
12191.7
12753.2
13227.9
13624.1
13965.4
14273.6
14560.2
14833.2
15102.7
15378.2
15664.8
15967.4
16291.2
16641.3
17027.7
17451.7
17907.2
18369.1
18830.8
19293.2
19758.1
20225.2
20689.1
21141.4
21575
21991.1
22383
22756.9
23111.9
23467
23834.9
24196.8
24527.9
24755.8
24831.7
24729.3
24437
23952.5
23277.8
22428.6
21430.7
20315.8
19115.9
17866.3
16583.7
15280.5
13968.2
12657.2
11356.7
10083
8842.9
7643.19
6474.47
5344.15
4243.58
3174.4
2166.79
1247.42
483.866
-85.6396
-442.683
-579.215
-491.174
-180.494
329.613
1009.8
1809.67
2688.73
3618.81
4596.72
5609.45
6645.92
7689
8724.43
9732.58
10702
11630.1
12519.6
13378.5
14218.2
15036.8
15829.2
16603.8
17365.1
18122.1
18875.1
19615.1
20334.2
21020.3
21675.7
22308.5
22951.5
23633.1
24372.2
25172.4
26034.3
26959.5
27950.3
29002.3
30111.1
31265.3
32455.4
33675.6
34911.9
36141.8
37352.2
38529.1
39651.8
40706.6
41684.1
42586.1
43421.9
44200.1
44921.1
45570.7
46130.1
46576.5
46903.3
47101.8
47173.7
47125.7
46961.6
46686.3
46306.8
45833.7
45275
44633.2
43915.8
43126.5
42270.8
41350.9
40378.3
39366.5
38324.6
37261
36178.3
35075.8
33950.1
32806.9
31663.3
30537.9
29451.3
28415.7
27439.6
26522.3
25663.6
24861.4
24116.6
23427
22782.8
22179
21607.7
21058.5
20528.8
20020.6
19540.2
19088.3
18663.5
18268.8
17900.7
17556.3
17230.7
16921.7
16627.7
16344.9
16071.3
15804.5
15547.1
15300.9
15068
14849.7
14647.7
14459.9
14288.7
14136.9
14005.9
13895.8
13803.8
13725.8
13658.7
13600.8
13550.5
13507.2
13467.8
13432.9
13402.1
13376
13351.7
13327
13299.9
13269.4
13235.6
13196.6
13150
13096.9
13039.1
12978.1
12915.8
12851.5
12785.2
12715.6
12645
12573.8
12505
12439.9
12378.8
12322.5
12271.4
12226
12184.7
12147.2
12112.2
12081.8
12056.3
12037.4
12025.7
12020.4
12022
12033.6
12053.7
12081.2
12113.7
12150.5
12190.2
12231.6
12273.9
12314.8
12354
12390.2
12423.1
12452.9
12480.1
12503.9
12521.8
12532.7
12536.8
12535.6
12529.6
12518.8
12501.5
12475.9
12441.7
12395.9
12335.4
12259.5
12167.8
12060.2
11937.2
11800.3
11650.3
11486.6
11308.8
11117.2
10910.7
10689.2
10451.1
10194.5
9918.59
9624.22
9311.72
8980.64
8628.82
8254.35
7858.15
7441.58
7005.57
6550.96
6079.27
5591.78
5088.17
4568.02
4030.15
3471.98
2893.54
2293.31
1674.6
1044.76
416.311
-213.722
-881.472
-1596.69
-2342.37
-3103.66
-3867.38
-4602.62
-5279.3
-5863.38
-6338.54
-6740.09
-7116.37
-7552.43
-8096.41
-8747.22
-9458.33
-10192.6
-10938.1
-11676.2
-12393.4
-13069.8
-13694.4
-14255
-14719.1
-15076.8
-15326.8
-15453.4
-15473.4
-15413.5
-15291.2
-15109
-14881.6
-14631
-14385.1
-14171.9
-13964.3
-13726.9
-13376.1
-12867.3
-12202.5
-11430.8
-10578.3
-9652.73
-8659.24
-7613.81
-6542.69
-5457.6
-4369.13
-3311.91
-2312.33
-1372.24
-477.822
399.764
1282.88
2182.2
3091.16
3986.36
4852.69
5689.7
6526.73
7382.14
8268.32
9182.82
10127
11101.9
12103.9
13119.9
14137.2
15136.8
16119.2
17093.5
18052.8
18990.2
19897.4
20779.2
21641.1
22489.7
23322
24125.5
24893.2
25621.1
26321.9
27006.7
27671.3
28295.5
28869.1
29399.2
29890.1
30335.4
30704.9
30967.2
31132.5
31222.3
31225.2
31125.8
30914.3
30587.5
30156.1
29611.5
28915.1
28052
27034.5
25887.9
24625.6
23266
21815.6
20282.8
18673.5
16991
15250.4
13463.3
11636.5
9785.82
7931.74
6115.49
4388.33
2750.94
1197.56
-250.138
-1567.97
-2748.02
-3776.75
-4654.59
-5365.26
-5861.01
-6122.92
-6166.06
-6029.33
-5744.02
-5345.55
-4855.69
-4300.8
-3694.09
-3029.87
-2312.75
-1540.81
-713.498
152.027
1046.53
1961.2
2880.34
3794.19
4697.66
5593.38
6471.05
7324.18
8143.37
8902.93
9583.76
10185.1
10707.7
11155.4
11540.8
11868.9
12167.1
12517.6
12956
13511.3
14223.7
15097.1
16099.9
17175.3
18240.3
19225.6
20103.5
20915.4
21693.8
22420.4
23077.7
23628.8
24051.3
24340.1
24515.6
24621.1
24688.3
24758.8
24872.2
25025.6
25226.1
25451.2
25629.6
25721.7
25689.6
25451.8
24968.9
24247.9
23333.9
22308
21246.4
20172.6
19031.5
17770.6
16412
14991.5
13566.4
12183.1
10862.9
9618.92
8439.14
7299.08
6157.92
4989.4
3814.99
2658.68
1554.79
531.301
-380.843
-1167.36
-1808.55
-2286.93
-2601.56
-2755.62
-2745.21
-2584.66
-2272.26
-1787.87
-1105
-236.03
782.41
1910.27
3115.17
4369.67
5649.28
6936.75
8211.72
9455.15
10653.1
11792.3
12861.5
13851
14747.6
15550.6
16263.6
16903.3
17479.5
18002.7
18484.2
18933.9
19360
19762.4
20139.5
20490.8
20814.2
21113.8
21400.5
21676
21954.7
22241
22525.1
22804.3
23082.8
23359.1
23630.8
23897.3
24159.8
24426.7
24691.6
24951.9
25189.2
25398.8
25557.3
25624.3
25572.2
25390
25059.7
24574.3
23928.5
23133.3
22199.8
21143.1
19981.4
18722.6
17374.6
15953.4
14478.6
12970.8
11452.3
9936.68
8437.8
6965.03
5516.3
4098.82
2724.25
1419.13
200.749
-904.744
-1863.72
-2662.09
-3300.08
-3766.11
-4052
-4141.06
-4015.77
-3672.87
-3111.88
-2352.33
-1424.39
-346.249
845.958
2123.42
3461.38
4817.54
6162.62
7474.77
8723.26
9893.7
10978.4
11975
12889.6
13729.2
14504
15223.4
15903.3
16554.1
17183
17782.9
18336.9
18823
19230.6
19554.7
19810.7
20029.7
20231.6
20446
20685.4
20956.8
21273
21633.8
22025
22438.8
22869.5
23312
23757.7
24189.3
24590.8
24948.5
25247.7
25476
25634.9
25729.9
25768.8
25756
25688.9
25546.8
25316.3
24962.7
24453.6
23779.2
22945.3
21956.1
20823
19559
18182.1
16734.2
15251.3
13760.1
12275.4
10804
9357.04
7951.45
6602.81
5330.17
4138.28
3029.6
1996.28
1026.18
108.987
-760.056
-1558.96
-2272.99
-2866.45
-3304.74
-3572.12
-3656.1
-3541.94
-3223.11
-2684.51
-1916.03
-955.736
152.424
1364.48
2651.16
3989.35
5346.23
6686.03
7970.92
9172.12
10272.7
11265.8
12165.6
12989.7
13754.3
14481.1
15183.5
15875.3
16560.1
17233.6
17886.5
18505.5
19079.9
19601.5
20054.2
20429.9
20742.7
21016.9
21274.1
21527.5
21784.7
22053.5
22337.2
22640.9
22965
23311
23673.5
24041.5
24409.9
24781.5
25148.5
25502
25822.9
26093
26297.2
26436.4
26521.7
26558.7
26547.6
26495.5
26392.1
26227.8
25999.5
25668.9
25194
24557.6
23760.7
22810.2
21724.6
20534.3
19264
17934.8
16561.7
15161.7
13737.9
12292.2
10838.6
9404.51
8018.9
6702.09
5451.57
4246.82
3080.43
1946.83
838.157
-232.034
-1244.69
-2185.79
-3008.19
-3664.24
-4129.38
-4390.96
-4437.68
-4270.32
-3906.36
-3358.63
-2645.38
-1785.76
-817.516
214.567
1291.91
2387
3478.87
4542
5554.83
6508.53
7404.96
8246.46
9041.87
9801.93
10531.9
11232.1
11908.3
12559.9
13190.9
13801
14387.8
14942.7
15468.9
15964.9
16422.4
16841.9
17226.1
17590.6
17963.5
18356.2
18783.3
19244.7
19751
20314.4
20938
21617.9
22339.6
23083.2
23825.9
24547.9
25231.6
25859
26425.5
26919.2
27345
27704.6
27998.6
28223.8
28369.7
28412.5
28330
28099.3
27709.6
27188.1
26535.4
25762.4
24893.3
23942.3
22897.5
21740.8
20472.3
19103.8
17664.7
16178.9
14662
13131.5
11596.3
10058
8527.13
7006.39
5505.28
4038.61
2614.7
1253.27
-11.3982
-1147.78
-2119.2
-2895.41
-3487
-3884.94
-4096
-4140.07
-4050.15
-3826.42
-3466.96
-2987.22
-2406.2
-1754.79
-1047.95
-291.13
515.439
1378.18
2289.8
3246.42
4244.5
5278.81
6342.09
7414.92
8475.86
9512.2
10511.9
11457.5
12321.8
13085
13740.8
14285.4
14715.8
15052.2
15313.9
15537.6
15760.5
16008.4
16297.9
16626.3
16983.1
17349.5
17710.6
18075.3
18443.5
18809.7
19169
19512.8
19841.7
20144.6
20415.2
20647
20847.3
21029.2
21202.7
21376.2
21548.7
21683.6
21760.8
21788.6
21754.9
21651.1
21445.9
21108.6
20630
20000.2
19228
18326
17295.5
16139.4
14881.4
13539.6
12123.5
10649.1
9144.48
7645.83
6186.54
4781.66
3437.04
2172.52
995.235
-81.6651
-1001.25
-1736.21
-2300.14
-2685.22
-2884.97
-2882.4
-2679.15
-2282.63
-1690.57
-912.333
16.2624
1072.33
2249.62
3504.35
4804.91
6138.98
7496.69
8863.76
10204.7
11482.5
12668.8
13754.6
14727.4
15591.1
16351.9
17009
17574.6
18058.4
18452
18742.3
18932.3
19048.3
19112.5
19140
19141
19141.7
19159.8
19196.4
19266.8
19370.5
19495.3
19625.9
19771.2
19944.3
20155.3
20410.7
20705.2
21025
21347.4
21651
21921.2
22161.9
22405.2
22652.5
22883.2
23063.8
23138.2
23045.2
22747.5
22241.1
21536.9
20660.1
19634.4
18479.7
17229
15917.1
14574.9
13211.9
11841.9
10480.6
9143.51
7839.77
6583.95
5395.19
4295.79
3295.06
2375.69
1508.78
705.473
-6.6509
-605.144
-1046.29
-1282.32
-1291.9
-1073.97
-638.667
-11.9167
777.55
1711.07
2763.43
3908.23
5124.07
6392.79
7677.21
8949.91
10187.5
11375.2
12498.2
13548.1
14518.7
15406.8
16216.3
16933.6
17545.7
18057.5
18494.8
18884.4
19251.8
19622.8
20000.1
20375.3
20737.7
21084.1
21409.4
21712.8
21991.1
22241.6
22467.6
22687.4
22908.2
23135.1
23368.8
23603.1
23827.1
24031.6
24212.2
24372
24525.6
24681.8
24855
25019.8
25128.3
25119.8
24929.3
24532.1
23931.4
23147.9
22202.8
21121.7
19924.6
18633.8
17267.7
15833.7
14340
12804.3
11245
9691.61
8175.74
6716.85
5317.9
3982.62
2706.97
1488.32
320.965
-815.273
-1897.84
-2878.39
-3698.97
-4294.94
-4635.31
-4714.49
-4543.73
-4135.84
-3514.85
-2708.75
-1738.19
-639.15
558.102
1829.77
3146.05
4479.47
5803.45
7091.6
8329.5
9517.61
10651.7
11734.4
12765.2
13747.2
14684
15575.3
16410.4
17180.2
17883.8
18526.9
19113.9
19651.4
20142.7
20596.8
21024.2
21428.7
21826.7
22235.1
22660.9
23101.3
23552.5
23997.8
24423.3
24819.4
25178.4
25499.8
25782.3
26017.5
26206.4
26332.7
26403.2
26448.1
26465.2
26429.8
26295.6
25994
25483.6
24761.4
23839.1
22739
21480.7
20090.5
18591.5
17003.6
15360.3
13686.2
12014.1
10373.4
8780.91
7252.77
5794.68
4406.7
3102.47
1890.46
802.217
-162.184
-1021.13
-1764.27
-2374.23
-2832.18
-3106.34
-3183.96
-3082.39
-2820.99
-2422.26
-1895.18
-1249.95
-489.261
371.959
1313.17
2321.25
3372.37
4441.93
5507.96
6544.03
7539.95
8493.46
9399.41
10252.3
11039.1
11757.2
12403.5
12965
13438.4
13844.7
14219.1
14591.1
14981
15400.3
15856.9
16353.9
16891.3
17439
17974.5
18480.3
18954.2
19405.4
19844.6
20286.5
20745
21219.2
21699.2
22181.1
22654
23118
23562.3
23982.2
24354.4
24637
24795.4
24788.9
24603.1
24235.8
23685
22952.2
22041.3
20954.5
19719.4
18379.8
16974.6
15521.6
14031.2
12520.7
11000.5
9473.32
7950.77
6451.66
4989.04
3580.39
2233.7
963.108
-221.051
-1291.32
-2209.31
-2953.94
-3488.91
-3805.79
-3897.23
-3744.79
-3334.58
-2659.54
-1741.38
-625.412
627.119
1980.34
3402.18
4870.77
6352.92
7820.19
9254.03
10647.3
11993
13278.4
14491.4
15619.8
16655.7
17588.7
18415.6
19135.3
19746.1
20240.3
20616.4
20873.7
21008.3
21019.2
20912.6
20722.1
20493.2
20272.4
20071.2
19893.6
19731
19581.8
19446.9
19336.6
19238.7
19129.8
19015.2
18931.3
18876.7
18867.5
18930.9
19055.7
19198
19332
19419.6
19422.1
19305.7
19048.5
18646.4
18098.8
17402.5
16567.5
15616.4
14569.7
13447.9
12276.2
11068.3
9832.17
8580.75
7340.73
6147.69
5012.74
3913.54
2870.79
1877.92
923.605
38.7323
-710.429
-1271.3
-1579.23
-1582.54
-1252.52
-606.051
308.294
1422.73
2668.17
3983.3
5316.19
6637.83
7938.03
9204.66
10428.1
11609.9
12733
13791.9
14783.7
15706.3
16571.8
17371.4
18098.4
18745.8
19308.2
19777.6
20145.7
20394.9
20509.7
20480.9
20321.8
20065.9
19764
19469.9
19215.3
19013.1
18861
18752.9
18689.3
18678.2
18714.2
18795
18914.6
19057.7
19206.8
19343.9
19462.1
19570.7
19688.5
19817.6
19946.5
20035
20011.4
19827.8
19452.6
18889.4
18150.8
17248.4
16197.4
15027.1
13770.7
12475.8
11170
9864.83
8582.38
7356.74
6209.61
5155.64
4215.63
3403.24
2714.35
2144.95
1679.71
1281.42
918.466
570.089
255.994
52.4066
24.3888
217.092
646.063
1300.78
2155.02
3173.94
4325.42
5572.26
6871.87
8194.97
9522.64
10824
12065.8
13225.9
14284.9
15226.3
16049.9
16768.1
17381.5
17891.3
18313.1
18676.3
19009.9
19325.7
19620.2
19880.8
20094.3
20243.9
20332.1
20384.6
20445.4
20531.1
20644.1
20786.9
20957.8
21151.8
21369.8
21618.3
21902.8
22217.3
22545.6
22851.8
23098.1
23276.5
23398.4
23491.6
23572.1
23655
23733
23774.3
23740.3
23581.7
23271.6
22799.2
22155.8
21328.9
20328
19183.7
17925.1
16591.5
15210.9
13811.8
12413.5
11032.1
9686.86
8399.09
7194.26
6105.1
5148.14
4312.93
3566.69
2881.85
2237.24
1643.64
1127.46
713.96
455.369
391.669
543.367
905.536
1449.71
2144.99
2974.83
3922.56
4953.89
6056.6
7202.57
8360.42
9498.37
10588.4
11612.9
12566
13443.1
14243.1
14974.8
15643.8
16263.4
16842.6
17385.8
17900.4
18403.4
18894.6
19382.7
19867.5
20340
20783.8
21208.3
21617.8
22013.2
22398.6
22798.7
23267.2
23829.7
24490.4
25241.3
26039.6
26830.3
27567.4
28234.6
28819.5
29318.9
29729.6
30047.8
30270.1
30399.2
30440.6
30405.5
30283.2
30069.9
29776.5
29436.8
29055
28624.8
28135.7
27580.4
26926.6
26111.3
25124.9
23978.6
22706.2
21369
20030.1
18728.5
17468.3
16243.6
15043.2
13860
12687.9
11524.8
10357.7
9180.41
7987.4
6780.48
5554.6
4312.04
3055.73
1802.64
566.541
-627.737
-1751.43
-2779.53
-3676.28
-4429.89
-5028.9
-5480.86
-5796.92
-5990.24
-6065.49
-6027.02
-5875.03
-5617.36
-5266.21
-4834.21
-4333.61
-3765.61
-3134.53
-2442.33
-1689.22
-880.484
-26.1027
864.566
1774.86
2698.11
3630.06
4563.43
5494.44
6416.25
7323.25
8207.97
9072.37
9917.1
10750.6
11572.7
12381.3
13172.8
13950.1
14722.3
15504.1
16307.9
17137.1
17991.2
18863.1
19745.6
20635.9
21530.5
22428.6
23330.9
24229.7
25112.8
25968.5
26788.5
27565.5
28292.1
28964.7
29573.6
30113.7
30580.2
30970.4
31287.2
31535.2
31721.4
31845.8
31908.2
31910.1
31856.6
31751.3
31605.9
31428.5
31228.9
31018.9
30808.2
30604.7
30415.7
30245.4
30096.6
29965.3
29846.9
29737.3
29628
29515.4
29392.2
29251.6
29093.3
28916.2
28718.6
28497.4
28251.3
27977.2
27671.2
27327.8
26941.3
26503.8
26008.3
25451.3
24832.7
24155.5
23423.6
22645.3
21829.4
20986.5
20128.8
19268.3
18419.2
17596.6
16813.6
16084.2
15419.1
14824.4
14304.2
13861.8
13497.5
13212
13004.9
12876
12825.4
12854.5
12964.8
13152.7
13410.9
13728.9
14092
14490.1
14913.4
15351.6
15797.4
16242.7
16678.7
17094
17478.2
17821.8
18114.6
18350.2
18526.2
18643
18704.9
18719
18689
18621.5
18518.2
18383
18215.7
18014.8
17783.8
17528.4
17253.2
16966.5
16672
16373.9
16074.7
15774.3
15474.3
15180.4
14896.5
14626.6
14372.1
14133.5
13909.6
13697.8
13495
13295.6
13094.9
12889.5
12674.7
12450.9
12218.2
11978.8
11735.6
11491.2
11248.2
11011.9
10785.3
10572.8
10378.1
10203.7
10054
9930.46
9830.38
9751.48
9693.39
9654.16
9635.67
9638.82
9668.29
9725.61
9811.59
9924.09
10062.5
10225.4
10410.5
10612.3
10827.6
11053.1
11285.4
11523.3
11761.9
11999
12230.3
12454.6
12670.7
12879.3
13079.6
13271.6
13456.9
13636.4
13811.5
13982.5
14152.3
14319.1
14481.8
14639.5
14793.7
14943.3
15089.6
15231.7
15370.9
15505.9
15637.2
15764.1
15885.8
16004.4
16120.4
16234.7
16346.1
16455.5
16560
16658.5
16750.9
16838.4
16919.1
16994
17062.5
17123.4
17176.4
17222.7
17262.2
17294.3
17319.9
17336.7
17345.1
17346.4
17341.4
17329.1
17307.7
17274
17225.2
17161.3
17083.8
16992.7
16888.1
16772.7
16645.9
16506.7
16353.6
16188.2
16013.3
15832
15649.2
15467.7
15289.1
15115.6
14950.4
14793
14643.8
14501.8
14366.5
14236.5
14112.2
13994.4
13886.9
13791.6
13706.6
13629.5
13558.9
13492.5
13427
13365
13307.3
13254.4
13206.8
13163.6
13123.8
13085.5
13046.9
13006.8
12965.7
12921.9
12876.2
12829.9
12784.8
12742.4
12705.4
12676.1
12656.8
12648.4
12651
12667.2
12698.1
12744.8
12809.3
12891.3
12988.5
13098.6
13219.6
13347.4
13480.4
13615.4
13748.9
13877.5
13999.1
14110.3
14209.4
14295.8
14370.4
14431.9
14480.1
14514
14534.8
14542.6
14537.1
14518.9
14487.7
14444.1
14389.5
14323.3
14246.7
14159.9
14065.4
13963.8
13857
13745.4
13628.8
13509.9
13390.4
13272.7
13158.2
13050
12948.3
12853.6
12767.7
12691.6
12625.3
12568.6
12519.7
12478.5
12445.5
12419.8
12401.5
12389.1
12383
12382.8
12388.2
12399.3
12417.3
12442.4
12473.8
12512.3
12556
12605.7
12660.1
12721
12786.3
12857.2
12932.1
13010.9
13092.9
13177.6
13264.6
13353.9
13444.1
13533.2
13622.3
13709.7
13794
13874.2
13950.1
14021.8
14087.8
14147.1
14199.9
14246
14284.9
14317.1
14343.4
14363.8
14376.3
14382
14379.8
14369.6
14352.4
14328.3
14298.6
14263.3
14223.6
14181
14135.4
14085.5
14031.2
13973.3
13913.3
13851.8
13789.9
13727.7
13667.1
13607.9
13550.2
13495.5
13443
13393
13346
13302.9
13263.6
13228.8
13198.1
13170.1
13143.3
13119
13097.1
13076.3
13057.2
13039.8
13025.6
13014.9
13008.9
13007.4
13009.5
13015.1
13024.4
13036
13049.7
13065.8
13083.5
13103
13122.2
13140.4
13156.2
13170.4
13181.5
13191.1
13199
13205.4
13208.6
13208.3
13206.1
13201.3
13194
13184.2
13173.8
13161.8
13147.9
13134.2
13120.4
13107.1
13094.6
13083.1
13073.3
13065.1
13059
13054.8
13051.8
13050.9
13050.4
13051.4
13053.5
13058.2
13066.2
13077.3
13091.2
13107.2
13125.9
13147.1
13170.8
13196
13222.3
13249.8
13277.1
13303.4
13327.6
13349.8
13370.8
13390
13406.3
13420.9
13434.4
13447.4
13459.9
13472.5
13486
13499.7
13512.8
13525.3
13537.1
13548.5
13557.8
13565.6
13572
13575.1
13574.4
13571
13565.3
13556.8
13545.4
13532.6
13519.3
13505.5
13492.9
13481.4
13469.4
13458.4
13448.3
13439.7
13430.8
13421.2
13411.8
13402.5
13393.8
13387
13381.4
13376.6
13371.7
13366.1
13361.8
13359
13357.7
13357.6
13359.1
13362.9
13368.7
13375
13382.2
13389.3
13397.2
13405.8
13415.2
13424.7
13433.2
13442.2
13451.2
13461.3
13473.5
13486.2
13498.9
13513
13529.7
13548.9
13570.8
13594.8
13619.5
13643.7
13666.7
13686.7
13705.2
13721.1
13734.5
13745
13751.7
13754.5
13754
13750.5
13742.8
13732.5
13720
13705.3
13687.4
13665.1
13638.7
13607.2
13569
13526.3
13479.5
13429
13374.8
13319
13262.4
13205
13149
13094.1
13042.2
12992.8
12947.7
12906.6
12870.5
12840.4
12814.8
12795.2
12780.4
12770.4
12765.3
12764.5
12767.9
12776.1
12790.1
12810.2
12834.9
12863.5
12895.7
12931.1
12969.9
13011.7
13055.2
13100.8
13147.1
13193.7
13239.8
13285.9
13330.9
13375.7
13417.9
13458.7
13498.9
13538.4
13576.9
13613.4
13648.3
13680.1
13708.9
13734.5
13756.1
13773.3
13785.3
13794.1
13799.8
13802.2
13801.4
13798.6
13791.9
13783.4
13773.3
13763
13752
13740.8
13729.1
13718.8
13709.8
13701.8
13695.5
13690.6
13687.7
13685.9
13685.5
13685.7
13685.1
13684.4
13683.6
13682.8
13682.1
13679.7
13676
13671.1
13663.5
13655.1
13644.3
13629.9
13610.4
13586.7
13559.5
13528.3
13494.1
13457.4
13416.7
13372.5
13325.4
13276.9
13226.9
13177.1
13127.1
13078.1
13030.4
12985.2
12941.8
12897.5
12854.1
12810.5
12767.4
12728.6
12694.9
12666
12643.3
12627.9
12617.8
12613.6
12616.2
12623.2
12633.5
12648.7
12667.5
12689.6
12714.9
12743.3
12773.8
12806.7
12841.5
12878.1
12914.6
12953.3
12995.2
13040.4
13088.3
13139.3
13191.1
13240.8
13289.7
13336.6
13380.7
13422.9
13460.1
13491.9
13518.3
13539.9
13557.1
13570
13579.5
13584.8
13585.8
13583.3
13579.2
13574
13566.5
13557.6
13545.6
13531.3
13514.4
13494.6
13470.6
13442
13409.9
13373.9
13336.2
13297.6
13256.9
13215.9
13175.4
13135.2
13095.8
13055.9
13017.4
12979.5
12943
12909.4
12878.6
12849.5
12823.1
12801.3
12785.5
12774.4
12769.3
12769.5
12776.1
12789.5
12809.8
12837
12870.3
12908.1
12949.8
12996.1
13047.2
13101.5
13160.5
13223.9
13292.2
13363.5
13438
13514.5
13592
13669.7
13747.1
13823.1
13895.7
13962.8
14026.3
14084.5
14137.3
14182.9
14221.9
14254.3
14279.5
14296.8
14305.1
14305.2
14297.3
14282.5
14260.8
14232.5
14195.4
14150.1
14097.1
14036.3
13968.8
13895.5
13817.3
13735.5
13649.6
13561.7
13472.4
13380.6
13287.3
13194.1
13102.4
13011.8
12923.5
12838.9
12757.7
12681.5
12610.2
12544.3
12484.1
12429.9
12381.1
12339.6
12305.8
12280.3
12262.2
12252
12250.4
12256.2
12269.7
12291
12319.8
12355.5
12398.8
12447.5
12500.8
12557.9
12619.2
12682.3
12746.8
12812.2
12878.6
12945.1
13010
13071.1
13128.8
13183.4
13235.6
13285.4
13333.9
13381.3
13425.7
13466.6
13503.7
13537.4
13568.5
13597.6
13625.4
13652.3
13680.2
13709.3
13739.4
13769.7
13801.3
13833.7
13867.3
13901.3
13934.5
13966.9
13998.4
14028.4
14055.7
14079.2
14096.9
14108.7
14114.2
14113.9
14107.9
14096.3
14078.9
14054.3
14021.6
13981.4
13934.9
13883.2
13827.2
13768.8
13708.1
13644.8
13581.8
13520.3
13461.6
13407.7
13358.8
13316.9
13281.2
13251.4
13227.7
13210.4
13197.8
13190.1
13188.7
13192
13201
13214.3
13232.3
13254.7
13281
13310.6
13342
13374.3
13405.2
13434.8
13463.4
13488
13507.5
13521.5
13528.2
13529.6
13525.2
13516.8
13504.6
13488.7
13471.5
13452.7
13432.8
13411.1
13389.4
13367.3
13345
13323.6
13304.1
13285.3
13267.6
13250.3
13233.4
13216.6
13199.9
13181.9
13162.5
13140
13113.3
13081
13040.7
12991.4
12935.5
12875
12808.8
12734.3
12650.9
12558.9
12458.3
12349.5
12234.5
12114.7
11991.4
11863.2
11731
11596.2
11460
11323.9
11189.9
11057.9
10929.2
10805.6
10689.4
10581.8
10486.7
10406.6
10342.4
10292.3
10253.6
10227.6
10215.7
10217.6
10231.7
10258.7
10296.7
10345.8
10406.2
10477.2
10560.7
10656.9
10761.9
10872
10981.6
11087.2
11187.4
11281.4
11369.1
11450.8
11527
11595.8
11655.8
11704.6
11740.9
11765.2
11777.1
11776.2
11762.9
11739
11703.5
11657.2
11598.5
11527.7
11443.6
11346.5
11236.7
11116
10987.5
10856.9
10727
10599.9
10475.9
10353.4
10231.4
10110.5
9989.71
9870.66
9756.47
9648.63
9548.63
9456.18
9372.76
9299.86
9237.39
9184.13
9140.27
9105.23
9075.71
9051.95
9031.53
9013.62
8999.66
8989.3
8982.88
8981.22
8984.82
8993.71
9008.7
9031.71
9061.29
9098.4
9143.01
9193.86
9251.4
9313.38
9378.44
9448.55
9522.93
9603.65
9691.01
9784.2
9883.68
9989.45
10099.9
10213.1
10325.4
10430.7
10526.5
10610.3
10681.8
10738.3
10777.2
10795.3
10790
10762
10712.7
10641.8
10550.3
10437.8
10306.1
10160.1
9997.11
9817.94
9621.49
9410.29
9185.36
8946
8694.7
8432.81
8165.24
7895.61
7628.84
7366.98
7111.43
6859.94
6613.8
6374.48
6145.7
5929.26
5725.24
5533.21
5351.78
5179.85
5014.2
4854.54
4697.54
4543.6
4391.99
4242.04
4094.83
3951.12
3813.25
3680.04
3552.99
3431.54
3316.73
3208.99
3109.16
3016.01
2931.52
2856.2
2793.15
2739.83
2696.1
2662.26
2637.38
2621.97
2614.95
2618.41
2631.48
2653.88
2686.73
2731.44
2787.47
2853.79
2930.03
3015.85
3112.98
3221.01
3339.32
3466.13
3600.27
3740.34
3886.22
4037.39
4193.1
4350.16
4510.74
4674.26
4840.65
5008.73
5179.42
5355.15
5536.02
5722.32
5914.9
6113.35
6315.98
6521.9
6728.94
6935.6
7139.57
7339.81
7539.38
7738.9
7939.72
8141.84
8342.13
8538.42
8726.96
8905.98
9074.5
9234.47
9387.9
9536.49
9685.19
9831.13
9972.87
10110.2
10245.5
10379.6
10513.2
10648.9
10787.3
10932.3
11086.2
11250.7
11424.7
11604.6
11788.7
11979.2
12177.8
12390.5
12621.7
12874.5
13150.9
13449.4
13767.1
14098.9
14444.1
14797.8
15160.5
15526
15892.8
16273.9
16675.1
17084.2
17492.6
17899.6
18303.8
18706.1
19104.4
19499.9
19890.9
20273.8
20645.1
21003.3
21343.8
21663.5
21962.4
22238.8
22496.2
22735.1
22957.9
23165.8
23366.3
23561.9
23760.4
23969.2
24175.9
24380.3
24599.5
24843.3
25113.3
25404.4
25710.7
26029.5
26357.3
26692.3
27033.3
27373.7
27709.5
28034.4
28345.2
28639.1
28916.3
29173.8
29411.3
29627.9
29820.6
29983.5
30115.5
30217.8
30285.9
30319.3
30313.3
30262
30161.5
30009.7
29807.3
29556.2
29256.6
28909.8
28518.2
28086.6
27624.4
27137.2
26633.7
26121.2
25601.9
25077.9
24552
24025.3
23498.9
22976.6
22461.5
21956.8
21462.4
20977.7
20500.6
20027
19554.9
19082.8
18612.1
18146.4
17686.8
17237.3
16800.9
16379
15972.5
15579.9
15199.4
14829.5
14468.1
14115.6
13771.8
13438.2
13111.5
12789.9
12467.4
12139.7
11802.6
11454.3
11095.2
10727.3
10354.9
9980.33
9608.69
9241.71
8880.29
8524.41
8174.69
7829.63
7487.2
7146.35
6807.43
6471.92
6141.8
5815.48
5495.86
5181.83
4873.4
4572.67
4280.44
4008.21
3768.88
3571.85
3420.28
3315.98
3253.55
3226.11
3227.89
3251.39
3294.1
3350.17
3414.56
3479.53
3540.74
3594.85
3640.5
3675.06
3695.62
3702.3
3698.4
3685.48
3667.13
3646.81
3628.82
3619.55
3610.71
3590.83
3554.03
3499.2
3427.33
3346.1
3263.04
3186.44
3123.16
3076.1
3047.52
3040
3056.75
3096.43
3158.34
3240.88
3343.44
3465.86
3605.01
3755.99
3914.61
4078.91
4245.19
4411.7
4574.89
4736.18
4895.72
5054.12
5211.19
5365.78
5514
5654.72
5784.54
5897.52
5992.52
6070.44
6133.66
6186.02
6231.91
6275.42
6318.29
6363.61
6413.5
6469.39
6534.11
6609.17
6694.11
6789.24
6894.2
7008.28
7129.91
7258.57
7390.24
7521.05
7648.55
7771.55
7885.83
7991.5
8089.83
8179.9
8261.92
8335.35
8399.24
8455.58
8506.63
8555.54
8600.97
8641.9
8679.77
8714.65
8745.07
8769.61
8786.9
8795.42
8795.62
8788.14
8775.07
8758.14
8738.3
8715.39
8688.62
8659.58
8626.8
8593.25
8559.76
8527.17
8496.78
8470.8
8446.96
8425.04
8404.84
8388.99
8379.53
8376.36
8380.02
8391.03
8412.3
8444.94
8489.58
8544.64
8610.43
8683.17
8761.65
8844.51
8932.16
9027.75
9129.79
9238.38
9352.67
9472.49
9596.99
9726.13
9860.81
10001.9
10147.8
10297.6
10449.6
10604.4
10762.6
10923.1
11085.2
11246.3
11406
11564
11720.7
11873.7
12023.7
12170.6
12316.1
12459.9
12601.2
12741.1
12880.7
13017.7
13151.7
13281.6
13405.6
13521
13628.4
13728.5
13819.8
13900.4
13968.1
14022.2
14062.4
14089
14103.7
14106.7
14097.3
14077.1
14047.7
14013.7
13975.6
13933.4
13886.8
13835.6
13779.7
13716.6
13646.1
13567.5
13483.4
13395.5
13305.9
13216.1
13125.5
13034.4
12944.2
12856.5
12771.9
12691.1
12616.3
12545.1
12477.5
12415.6
12358.4
12307.8
12259.9
12214.5
12168.8
12123.5
12076.9
12032.7
11991.6
11956.2
11927
11905.6
11891.9
11886
11886.3
11894.5
11908.3
11926.4
11948.3
11972.6
11999.1
12025.4
12054.6
12086.4
12120.2
12153.1
12183.6
12210.4
12237.9
12269.2
12303.5
12341.8
12382.9
12428.3
12477.4
12530.4
12583.8
12636.2
12686.4
12732.9
12774.5
12813.1
12850.2
12886.5
12922.7
12958.7
12993.7
13025.6
13055.2
13082.5
13108.8
13133.8
13159.8
13182.6
13201.5
13216.5
13230.1
13240.1
13246.8
13250.8
13252.6
13252.5
13250.9
13248.5
13246.2
13244.4
13243.7
13243.6
13244.1
13244.6
13244.3
13244.3
13244.1
13243.7
13241.7
13239
13236.6
13232
13226.9
13220.3
13214.4
13207.1
13198.8
13189.3
13178.6
13167.7
13156.4
13144.1
13129.9
13115.3
13096.8
13074.7
13050
13022.3
12991
12957
12921.8
12887.7
12856.9
12831.5
12813.2
12800.4
12795.6
12796.7
12802.1
12809.5
12818.5
12829.7
12842.4
12853.3
12860.1
12864.2
12867.5
12869.6
12870
12873.9
12882.1
12895
12913
12936.5
12965.4
12998.3
13036.1
13075.3
13113.3
13148.4
13180.5
13208.2
13231.3
13252.6
13272.3
13289.6
13303.9
13316.1
13328.4
13341.6
13355.3
13369.9
13384.7
13400
13413.6
13424.5
13431.8
13435.2
13435.5
13433.4
13432
13428.1
13423.4
13418.8
13414.4
13410
13407.3
13406.2
13405
13403.3
13402.8
13403.8
13405.8
13409.9
13415.5
13421.2
13425.9
13431.4
13437
13444.1
13452.1
13460.8
13468.8
13476.1
13482.4
13486.1
13489.1
13491.1
13490.7
13488.3
13485.6
13480.8
13475.5
13470.5
13466
13461.6
13456.1
13450.9
13445.7
13440.1
13435.2
13430.8
13425.8
13420.1
13413.3
13407
13399.5
13393.3
13387.9
13384.7
13382.8
13381.5
13382.4
13386.4
13393.3
13401.6
13410.7
13419.9
13428.5
13437.2
13445.1
13453.1
13460.3
13467.4
13474
13480.6
13488.4
13496.9
13507.4
13518
13529
13542.2
13556.5
13573.3
13589.1
13603.6
13617.7
13628.7
13636.4
13641.7
13644.5
13646.1
13646.5
13646.4
13643.9
13641.5
13639.9
13637.4
13633.6
13630
13625.8
13621.3
13616.8
13613.2
13610.2
13606.6
13602
13597.4
13590.7
13583.7
13576.9
13569.1
13560.9
13553.2
13543.9
13533.2
13520.6
13507.6
13493.5
13482
13471.5
13461.3
13453.3
13447.6
13445.3
13445.1
13444.4
13443.6
13440.4
13436.8
13436.7
13439.7
13445.8
13455.7
13472.2
13493.6
13519.6
13550
13583.7
13621.3
13660.7
13699.8
13737.1
13772.9
13805.2
13832.3
13854.3
13870.8
13880.7
13884.2
13883.2
13879.4
13872.3
13863.5
13852.5
13834.9
13814.9
13791.8
13764.1
13727.8
13683.3
13635.1
13584.2
13528.8
13468.6
13404.8
13340.6
13275.9
13210.4
13144.5
13080.6
13019.9
12962.5
12907.9
12854.9
12804.3
12756.7
12712.1
12672.2
12633.2
12597.3
12559.8
12521.2
12482.1
12443.5
12407.7
12370.3
12330.2
12289.2
12247
12205.9
12166.4
12130.6
12101.7
12079.5
12064.2
12055.8
12055.5
12065.8
12086.3
12115
12150.4
12191.7
12235.4
12285.8
12341.3
12401.6
12465.6
12533.8
12605.4
12680.1
12759.5
12844
12934.4
13032.5
13138.2
13250.5
13366.9
13486.3
13605.4
13718.7
13822.9
13917.1
13999.9
14070.1
14127.5
14170.3
14199.7
14216.7
14222.3
14218.9
14210.4
14198.5
14182
14160.7
14135.7
14107.5
14075.8
14042.1
14004.1
13960.5
13911.8
13858.8
13801.2
13741.9
13684.4
13629.5
13576.7
13528.3
13484.7
13448.1
13422.1
13406.6
13398.7
13396.7
13395.9
13394.5
13391.6
13388.2
13383.6
13373.8
13359.3
13343.8
13327.2
13308.2
13287.1
13264.7
13241.3
13214.4
13180.7
13142.3
13103.2
13063.9
13022.8
12981.1
12941.3
12904.5
12871.3
12840.4
12812.2
12792
12783.1
12782
12787.7
12802
12826
12858.7
12896
12935.7
12978.5
13023.3
13068.8
13113.9
13162.3
13218.1
13281
13349.2
13423.4
13502.7
13584.3
13664.1
13740.6
13812.6
13885.4
13958.8
14029.7
14093.7
14152.1
14205.2
14251.8
14290.6
14320.7
14343.4
14361.9
14379.3
14396.9
14412.6
14428.9
14445.1
14462.2
14476.6
14487.2
14491.6
14491
14486.8
14479.9
14468.7
14453.7
14433.3
14408.5
14379.3
14349.6
14321.4
14296.2
14276
14263.9
14259.1
14260
14263.3
14266.8
14270.3
14275.2
14279.6
14281.3
14277.5
14271.7
14263.5
14254.8
14245.4
14235.7
14225.3
14213.9
14201.8
14189
14176
14161
14140.6
14113.5
14080.2
14042.7
14000.3
13952.5
13900.1
13845
13786.2
13724.7
13660.7
13594.8
13528.6
13463.7
13400.2
13339.4
13279.9
13222.3
13166.8
13114.5
13066.8
13022.5
12982.9
12946.4
12915.3
12888.3
12865.3
12843.7
12820.5
12796.4
12774.8
12758.3
12747.5
12742.9
12742.8
