0
0
0
0
0
0
0
0
0
0
0
0
0
0
0
0
0
0
0
0
0
0
0
0
0
0
0
0
0
0
0
0
0
0
0
0
0
0
0
0
0
0
0
0
0
0
0
0
0
0
0
0
0
0
0
0
0
0
0
0
0
0
0.434068
0.839855
1.2141
1.54047
1.82063
2.05694
2.24862
2.38937
2.47232
2.4953
2.45854
2.36969
2.22597
2.02107
1.74593
1.39143
0.966105
0.480924
-0.0495283
-0.589928
-1.09992
-1.57318
-2.02694
-2.46349
-2.88295
-3.28517
-3.68294
-4.08876
-4.51061
-4.94936
-5.39678
-5.84171
-6.28849
-6.73638
-7.18201
-7.61298
-8.02888
-8.43551
-8.83663
-9.22758
-9.60737
-9.97119
-10.3179
-10.6503
-10.9673
-11.2752
-11.5839
-11.9029
-12.2369
-12.5866
-12.9551
-13.3414
-13.7438
-14.1538
-14.5672
-14.9891
-15.4284
-15.8723
-16.3195
-16.7658
-17.2102
-17.6462
-18.068
-18.4794
-18.8811
-19.2674
-19.6369
-19.9906
-20.3359
-20.6766
-21.0169
-21.3631
-21.7208
-22.0838
-22.456
-22.8444
-23.2516
-23.6652
-24.078
-24.4856
-24.8695
-25.2128
-25.5164
-25.7841
-26.0204
-26.2283
-26.4043
-26.5558
-26.6865
-26.7905
-26.8559
-26.8702
-26.8354
-26.7438
-26.5892
-26.3801
-26.1195
-25.806
-25.445
-25.0415
-24.6002
-24.128
-23.6221
-23.0727
-22.4781
-21.8361
-21.1525
-20.4354
-19.6892
-18.918
-18.1264
-17.3138
-16.4739
-15.6116
-14.7276
-13.8195
-12.8837
-11.9199
-10.9307
-9.9176
-8.8853
-7.83037
-6.75328
-5.64825
-4.52517
-3.38702
-2.23722
-1.07528
0.0959364
1.28053
2.48949
3.72015
4.96444
6.21564
7.46644
8.7013
9.90812
11.0853
12.2244
13.3301
14.3997
15.4225
16.3828
17.2682
18.0766
18.8031
19.4472
20.0038
20.4822
20.89
21.2201
21.475
21.656
21.7642
21.7998
21.7666
21.6637
21.4884
21.234
20.9143
20.5249
20.0485
19.4818
18.8384
18.1212
17.33
16.485
15.6015
14.6828
13.7452
12.8078
11.8871
10.9957
10.1289
9.2798
8.44334
7.61238
6.80018
6.00567
5.22346
4.44566
3.676
2.9074
2.13218
1.34593
0.550069
-0.250191
-1.05189
-1.85023
-2.64073
-3.42115
-4.19529
-4.96327
-5.72234
-6.47269
-7.21352
-7.93619
-8.64106
-9.33399
-10.0162
-10.6959
-11.3714
-12.0324
-12.6805
-13.3187
-13.9434
-14.5463
-15.1316
-15.7086
-16.2834
-16.8624
-17.4533
-18.046
-18.6201
-19.1594
-19.6594
-20.1202
-20.5508
-20.9522
-21.299
-21.5698
-21.7723
-21.9308
-22.0506
-22.122
-22.1407
-22.0992
-21.9985
-21.8351
-21.6021
-21.2957
-20.9133
-20.4573
-19.9267
-19.3195
-18.647
-17.9182
-17.1365
-16.3083
-15.4357
-14.5259
-13.5821
-12.6104
-11.6165
-10.603
-9.5675
-8.50825
-7.41641
-6.29453
-5.1449
-3.9738
-2.78478
-1.56886
-0.326342
0.928132
2.18715
3.44562
4.69923
5.93852
7.15781
8.3606
9.53455
10.6341
11.6369
12.5388
13.3634
14.1356
14.8406
15.4872
16.0857
16.6408
17.1517
17.6115
18.0307
18.4201
18.779
19.1021
19.3961
19.6595
19.8904
20.087
20.2272
20.2913
20.2708
20.1589
19.9498
19.6398
19.2242
18.7167
18.1286
17.4745
16.7698
16.0249
15.2309
14.3935
13.5222
12.6279
11.7245
10.8078
9.87029
8.908
7.92768
6.94807
5.98065
5.03043
4.09371
3.1633
2.23357
1.30523
0.384457
-0.530091
-1.43615
-2.33364
-3.22371
-4.10529
-4.97068
-5.82617
-6.67268
-7.51564
-8.3654
-9.20797
-10.0425
-10.8771
-11.707
-12.5284
-13.3453
-14.1459
-14.9216
-15.6782
-16.4133
-17.1154
-17.7868
-18.4154
-18.9757
-19.4713
-19.9124
-20.3063
-20.6519
-20.9464
-21.1869
-21.3787
-21.5219
-21.6154
-21.6597
-21.6503
-21.589
-21.4801
-21.3125
-21.0866
-20.7987
-20.4394
-20.0126
-19.5204
-18.9662
-18.3462
-17.6638
-16.9175
-16.1198
-15.273
-14.3757
-13.4354
-12.4434
-11.3909
-10.2802
-9.11152
-7.88452
-6.60365
-5.27167
-3.89941
-2.49556
-1.07508
0.351648
1.78067
3.19259
4.57818
5.9332
7.26398
8.56623
9.82762
11.0375
12.2064
13.3388
14.4185
15.444
16.4142
17.3188
18.1594
18.9318
19.6314
20.2534
20.8011
21.2817
21.6914
22.0378
22.3232
22.5374
22.6582
22.6673
22.566
22.3508
22.0178
21.5689
21.0084
20.348
19.5938
18.7602
17.8689
16.9331
15.9706
14.9941
14.0018
12.9946
11.9722
10.9364
9.8942
8.85304
7.81621
6.77693
5.73095
4.6772
3.62254
2.56387
1.50391
0.445313
-0.605023
-1.64391
-2.66418
-3.67049
-4.66791
-5.65685
-6.63773
-7.5978
-8.53675
-9.45477
-10.3563
-11.2499
-12.1383
-13.013
-13.8706
-14.7119
-15.5331
-16.3289
-17.0878
-17.8022
-18.4912
-19.1614
-19.7971
-20.3884
-20.9281
-21.4049
-21.817
-22.1625
-22.4377
-22.6511
-22.8042
-22.8936
-22.9145
-22.8609
-22.7337
-22.5279
-22.2356
-21.8621
-21.4146
-20.8916
-20.2962
-19.6262
-18.8925
-18.0969
-17.2454
-16.3374
-15.3751
-14.3667
-13.3095
-12.1898
-10.9992
-9.7416
-8.42192
-7.05453
-5.65976
-4.23145
-2.75738
-1.23008
0.329301
1.88737
3.43148
4.96265
6.48732
7.99011
9.45018
10.8454
12.1652
13.4192
14.6071
15.7396
16.8183
17.8255
18.7537
19.5915
20.3305
20.9799
21.5585
22.0712
22.5142
22.8749
23.1402
23.3132
23.3623
23.2806
23.0772
22.7461
22.2864
21.6985
20.9966
20.1983
19.3158
18.3764
17.4024
16.4057
15.4059
14.4072
13.4001
12.3938
11.3812
10.3531
9.30875
8.24799
7.18502
6.12776
5.07803
4.02468
2.96466
1.89812
0.839523
-0.207462
-1.24044
-2.26567
-3.28329
-4.28822
-5.27878
-6.25575
-7.21389
-8.16171
-9.09178
-10.0071
-10.9055
-11.79
-12.6635
-13.5281
-14.3762
-15.2016
-16.0057
-16.7817
-17.5339
-18.2624
-18.9534
-19.6062
-20.2163
-20.7616
-21.2327
-21.636
-21.9749
-22.2458
-22.4553
-22.5978
-22.6736
-22.6747
-22.596
-22.4341
-22.1897
-21.8674
-21.4654
-20.9768
-20.4002
-19.736
-18.9995
-18.2012
-17.3371
-16.41
-15.419
-14.3646
-13.247
-12.0601
-10.8069
-9.49794
-8.14202
-6.74438
-5.29892
-3.79991
-2.25821
-0.682335
0.900746
2.47822
4.04757
5.60417
7.14494
8.64534
10.0737
11.4125
12.6752
13.8717
12.5146
11.1796
9.872
8.59082
7.3281
6.08179
4.84725
3.62976
2.42945
1.24526
0.0742289
-1.08055
-2.21271
-3.30908
-4.37038
-5.39037
-6.37729
-7.34424
-8.28109
-9.18558
-10.0593
-10.884
-11.6349
-12.3129
-12.9314
-13.507
-14.0356
-14.5102
-14.923
-15.268
-15.5411
-15.7391
-15.8558
-15.881
-15.8208
-15.6745
-15.4457
-15.1284
-14.723
-14.2364
-13.677
-13.056
-12.371
-11.6126
-10.7833
-9.8902
-8.93301
-7.91657
-6.84254
-5.71039
-4.5232
-3.28447
-1.9921
-0.635715
0.779833
2.23543
3.71235
5.20897
6.72538
8.26094
9.81382
11.3467
12.8134
14.2002
15.5179
16.777
17.9466
19.0347
20.0509
20.975
21.7925
22.5047
23.1127
23.6247
24.0751
24.4586
24.7833
25.0456
25.2269
25.3123
25.2991
25.1796
24.9622
24.6393
24.202
23.6472
22.9866
22.2374
21.4057
20.5153
19.5839
18.6186
17.6362
16.636
15.6094
14.5541
13.4649
12.3437
11.2022
10.05
8.89265
7.73743
6.58499
5.43481
4.29138
3.15647
2.03184
0.922761
-0.173934
-1.25061
-2.30718
-3.33904
-4.34954
-5.34294
-6.32388
-7.29022
-8.2413
-9.17814
-10.0938
-10.9893
-11.8691
-12.7264
-13.5647
-14.3872
-15.1892
-15.9681
-16.7256
-17.4461
-18.1092
-18.7175
-19.2746
-19.7793
-20.2255
-20.6055
-20.9248
-21.182
-21.3758
-21.5057
-21.5596
-21.5388
-21.4338
-21.2334
-20.9359
-20.5423
-20.0538
-19.4779
-18.8231
-18.0974
-17.3112
-16.4654
-15.5588
-14.5951
-13.5699
-12.4844
-11.3381
-10.1261
-8.85227
-7.5236
-6.13809
-4.68277
-3.16238
-1.59997
-0.000209614
1.6309
3.27743
4.93214
6.5865
8.21184
9.792
11.3045
12.7262
14.0607
15.3066
16.4559
17.516
18.4801
19.3298
20.0773
20.7268
21.2714
21.7395
22.1257
22.4197
22.6197
22.7322
22.7733
22.7516
22.6575
22.4862
22.2339
21.8922
21.4628
20.9434
20.3369
19.6462
18.8787
18.0501
17.1773
16.2621
15.3118
14.3308
13.3173
12.2662
11.1759
10.0501
8.89994
7.73883
6.57657
5.42321
4.28311
3.15554
2.04431
0.953629
-0.11261
-1.14701
-2.1545
-3.13659
-4.09736
-5.04704
-5.98729
-6.91304
-7.82553
-8.73602
-9.64193
-10.5417
-11.4277
-12.2896
-13.1299
-13.9499
-14.746
-15.5257
-16.2913
-17.0325
-17.7517
-18.4507
-19.1141
-19.7302
-20.2917
-20.7949
-21.244
-21.6399
-21.9739
-22.2374
-22.4211
-22.5387
-22.5951
-22.5875
-22.5084
-22.3554
-22.1208
-21.8045
-21.4108
-20.939
-20.3893
-19.7623
-19.058
-18.2779
-17.4312
-16.5211
-15.5424
-14.4937
-13.3804
-12.2
-10.9525
-9.64474
-8.27872
-6.86519
-5.40154
-3.88351
-2.33082
-0.767114
0.800931
2.37347
3.9418
5.49909
7.0226
8.49054
9.88658
11.1811
12.3887
13.5115
14.5557
15.5359
16.4426
17.2771
18.0454
18.745
19.3609
19.9023
20.381
20.791
21.1348
21.4137
21.6062
21.6946
21.6738
21.5393
21.3057
20.9836
20.5833
20.0899
19.4904
18.7944
18.0193
17.1881
16.3278
15.446
14.5388
13.6055
12.6421
11.6555
10.6465
9.6185
8.57569
7.5291
6.48696
5.45634
4.43796
3.42107
2.40062
1.38695
0.388529
-0.591115
-1.55881
-2.52485
-3.48519
-4.44185
-5.39684
-6.34873
-7.30143
-8.25492
-9.21156
-10.1701
-11.1298
-12.0846
-13.0261
-13.9514
-14.8562
-15.7392
-16.6028
-17.4386
-18.2501
-19.0326
-19.767
-20.4435
-21.0665
-21.6275
-22.1138
-22.5253
-22.8581
-23.1204
-23.3203
-23.451
-23.509
-23.4954
-23.4117
-23.2612
-23.0352
-22.7406
-22.3776
-21.9434
-21.4448
-20.8813
-20.2479
-19.5389
-18.759
-17.9096
-16.9937
-16.0035
-14.9436
-13.8263
-12.657
-11.4378
-10.163
-8.82919
-7.43908
-6.00077
-4.51927
-3.00716
-1.47152
0.0857507
1.65706
3.23709
4.80465
6.3344
7.80559
9.21963
10.5729
11.8532
13.0746
14.2408
15.344
16.3719
17.3117
18.1601
18.9244
19.612
20.2227
20.7705
21.2598
21.6867
22.0559
22.3574
22.5867
22.7199
22.7399
22.6599
22.4806
22.1936
21.8056
21.315
20.7312
20.0713
19.3425
18.5562
17.7223
16.8487
15.9436
15.0154
14.0643
13.0924
12.0999
11.0815
10.0403
8.98378
7.91804
6.84446
5.76629
4.69463
3.6303
2.57697
1.53444
0.495067
-0.532122
-1.54331
-2.53786
-3.51658
-4.48242
-5.43778
-6.37787
-7.30297
-8.21866
-9.12488
-10.0206
-10.909
-11.781
-12.6351
-13.48
-14.3106
-15.1265
-15.9276
-16.7143
-17.4819
-18.2346
-18.9726
-19.6893
-20.3804
-21.0386
-21.6442
-22.1904
-22.6673
-23.0587
-23.3526
-23.5493
-23.6601
-23.6934
-23.6607
-23.5559
-23.3771
-23.1261
-22.8053
-22.4159
-21.9552
-21.4192
-20.8054
-20.1182
-19.3686
-18.5574
-17.6893
-16.7571
-15.763
-14.7125
-13.6215
-12.4898
-11.3186
-10.1122
-8.86065
-7.55859
-6.21803
-4.84285
-3.40865
-1.89199
-0.29691
1.35973
3.0712
4.82517
6.60572
8.39871
10.1881
11.9011
13.4295
14.7767
16.1574
17.6155
18.8993
19.8355
20.5024
21.0704
21.6379
22.1952
22.6608
22.9903
23.2161
23.3734
23.4713
23.4933
23.4233
23.2637
23.0085
22.6525
22.2258
21.7593
21.2512
20.694
20.0831
19.415
18.6954
17.9338
17.1434
16.3196
15.4605
14.5805
13.6879
12.7736
11.8257
10.8389
9.86724
8.96979
8.14503
7.36497
6.5539
5.62998
4.57753
3.46846
2.41263
1.46206
0.587633
-0.260705
-1.11646
-1.99477
-2.88612
-3.76393
-4.60173
-5.39289
-6.15628
-6.91348
-7.67203
-8.43644
-9.20421
-9.96738
-10.7225
-11.471
-12.2097
-12.9369
-13.6538
-14.3514
-15.0234
-15.6733
-16.2987
-16.8951
-17.4657
-18.0135
-18.5364
-19.0441
-19.5414
-20.0173
-20.4437
-20.8026
-21.0928
-21.3202
-21.4983
-21.652
-21.79
-21.8987
-21.9691
-21.9939
-21.9594
-21.8644
-21.7245
-21.5446
-21.313
-21.0146
-20.6367
-20.1833
-19.6642
-19.078
-18.4323
-17.7278
-16.9559
-16.1318
-15.2592
-14.3338
-13.3628
-12.355
-11.3031
-10.2082
-9.07495
-7.90676
-6.70504
-5.4743
-4.22323
-2.94747
-1.64918
-0.32809
1.01892
2.37867
3.73226
5.08387
6.4455
7.82722
9.23653
10.6439
12.0287
13.3927
14.7019
15.9446
17.1335
18.2565
19.2827
20.2162
21.0599
21.7975
22.444
23.0022
23.4629
23.8345
24.1265
24.3393
24.4761
24.5352
24.5189
24.4251
24.2232
23.9256
23.5473
23.0844
22.541
21.9253
21.2222
20.4306
19.5757
18.6696
17.7213
16.7533
15.7727
14.7777
13.7693
12.7437
11.6847
10.5877
9.45685
8.30779
7.15733
6.02247
4.91055
3.8235
2.76464
1.72337
0.697426
-0.306083
-1.28498
-2.23809
-3.16735
-4.07851
-4.97956
-5.8767
-6.76403
-7.63791
-8.49933
-9.35309
-10.1996
-11.0401
-11.8646
-12.667
-13.4561
-14.2238
-14.9741
-15.711
-16.4301
-17.1305
-17.8281
-18.5264
-19.2164
-19.8943
-20.5335
-21.1115
-21.6315
-22.0993
-22.5058
-22.8538
-23.1492
-23.3832
-23.5532
-23.6508
-23.6759
-23.6233
-23.4967
-23.2914
-23.0173
-22.6676
-22.2432
-21.7371
-21.1465
-20.4805
-19.7427
-18.9439
-18.0891
-17.1793
-16.2109
-15.1856
-14.1127
-12.9922
-11.8214
-10.6009
-9.33625
-8.03424
-6.70449
-5.33942
-3.93832
-2.51002
-1.06129
0.398388
1.84154
3.24913
4.61065
5.91673
7.16968
8.36458
9.50475
10.6004
11.6365
12.6025
13.5097
14.3706
15.1794
15.9318
16.6314
17.2675
17.8465
18.3885
18.9047
19.3761
19.7895
20.1474
20.4453
20.675
20.8302
20.8904
20.8486
20.7063
20.4638
20.1276
19.7055
19.2048
18.6414
18.0331
17.3909
16.7256
16.0307
15.3001
14.5393
13.7427
12.9054
12.0457
11.1523
10.2231
9.26097
8.26474
7.24804
6.23112
5.22927
4.2489
3.28336
2.32709
1.38373
0.452778
-0.460029
-1.35673
-2.23861
-3.11025
-3.97116
-4.82608
-5.66845
-6.49588
-7.30892
-8.11334
-8.90621
-9.6818
-10.4438
-11.186
-11.9052
-12.6096
-13.2829
-13.9172
-14.5266
-15.1154
-15.6927
-16.2647
-16.8223
-17.3662
-17.8949
-18.3939
-18.8447
-19.2444
-19.5912
-19.888
-20.1416
-20.3616
-20.5596
-20.713
-20.8102
-20.8573
-20.856
-20.8111
-20.7309
-20.6014
-20.4198
-20.1823
-19.8743
-19.4909
-19.0318
-18.5001
-17.9016
-17.2405
-16.5192
-15.7447
-14.9209
-14.0496
-13.1321
-12.1672
-11.1472
-10.0762
-8.96234
-7.81242
-6.62215
-5.39139
-4.1219
-2.8202
-1.50055
-0.174791
1.16103
2.48543
3.78286
5.06486
6.32361
7.57153
8.79521
9.97314
11.1041
12.1928
13.227
14.2033
15.131
16.002
16.8013
17.5275
18.184
18.759
19.2565
19.7017
20.0919
20.4177
20.6798
20.8714
20.9758
20.9949
20.9323
20.7861
20.5559
20.2406
19.8423
19.3711
18.8309
18.2227
17.5587
16.85
16.0968
15.3172
14.5216
13.7112
12.8997
12.0915
11.2896
10.4918
9.69136
8.87272
8.03389
7.18912
6.34213
5.49893
4.65921
3.81907
2.98546
2.16064
1.35016
0.556602
-0.217018
-0.978273
-1.71976
-2.4402
-3.14481
-3.83531
-4.51799
-5.19442
-5.85684
-6.49359
-7.10302
-7.68568
-8.24402
-8.78235
-9.30585
-9.80597
-10.2872
-10.7579
-11.2235
-11.6934
-12.1814
-12.6881
-13.2085
-13.7422
-14.2906
-14.8511
-15.4144
-15.969
-16.5043
-17.0094
-17.4704
-17.8811
-18.2563
-18.5966
-18.8949
-19.1466
-19.3569
-19.5295
-19.6703
-19.7757
-19.8435
-19.873
-19.8508
-19.7662
-19.6058
-19.3672
-19.0661
-18.7049
-18.2698
-17.7691
-17.1862
-16.5224
-15.7928
-15.0168
-14.2095
-13.3734
-12.5127
-11.6204
-10.6879
-9.71287
-8.70736
-7.67536
-6.6169
-5.52847
-4.41017
-3.26643
-2.10685
-0.941779
0.229393
1.41252
2.60616
3.81059
5.02248
6.22471
7.41485
8.60055
9.76875
10.9193
12.0447
13.1302
14.1619
15.1405
16.0672
16.9269
17.7091
18.4231
19.0779
19.6635
20.1926
20.6806
21.1224
21.5045
21.8233
22.0786
22.2685
22.3884
22.4338
22.406
22.3078
22.1191
21.8548
21.5267
21.1263
20.671
20.1823
19.6684
19.1305
18.5688
17.9823
17.3626
16.7025
16.0035
15.2524
14.4426
13.5734
12.6403
11.6374
10.5678
9.45033
8.31646
7.19117
6.09005
5.01717
3.97961
2.98145
2.02094
1.099
0.215096
-0.63846
-1.46419
-2.26695
-3.05365
-3.82582
-4.57872
-5.3125
-6.02706
-6.7192
-7.39439
-8.05321
-8.6967
-9.32302
-9.9416
-10.5519
-11.1595
-11.771
-12.3831
-12.9912
-13.589
-14.1825
-14.7712
-15.3607
-15.9625
-16.5687
-17.1693
-17.7703
-18.3679
-18.9437
-19.4815
-19.9701
-20.4099
-20.8086
-21.1686
-21.479
-21.7488
-21.9755
-22.1498
-22.2656
-22.3234
-22.3306
-22.2875
-22.1891
-22.0304
-21.8066
-21.5041
-21.1218
-20.6659
-20.1379
-19.5406
-18.8849
-18.1745
-17.4104
-16.6052
-15.7604
-14.877
-13.9668
-13.0256
-12.0433
-11.0249
-9.98451
-8.92074
-7.82782
-6.70106
-5.54952
-4.37415
-3.17855
-1.96169
-0.716814
0.554073
1.83683
3.11855
4.39161
5.64638
6.86099
8.01857
9.09013
10.0566
10.9531
11.7934
12.5638
13.2722
13.9387
14.5611
15.1373
15.6737
16.1782
16.6453
17.0775
17.4887
17.8873
18.2729
18.6408
18.9774
19.2657
19.4997
19.6759
19.7858
19.8363
19.8247
19.7439
19.5866
19.3491
19.0305
18.6501
18.2137
17.7187
17.171
16.5685
15.9084
15.2069
14.4801
13.7259
12.9475
12.15
11.3331
10.4938
9.63477
8.75273
7.8508
6.93226
6.01081
5.08842
4.17325
3.2697
2.37393
1.47935
0.58856
-0.299236
-1.17931
-2.04633
-2.90199
-3.75009
-4.59175
-5.43713
-6.28305
-7.11803
-7.94443
-8.76339
-9.57625
-10.3853
-11.1882
-11.9729
-12.7411
-13.5014
-14.2444
-14.9648
-15.6611
-16.3252
-16.9582
-17.5758
-18.1924
-18.8001
-19.3975
-19.9644
-20.4801
-20.9441
-21.3597
-21.7287
-22.0341
-22.2735
-22.4554
-22.5833
-22.653
-22.656
-22.6008
-22.4921
-22.3319
-22.1272
-21.884
-21.5883
-21.2275
-20.8061
-20.3084
-19.7474
-19.1318
-18.4573
-17.7294
-16.9484
-16.1147
-15.2364
-14.3157
-13.3568
-12.3592
-11.3201
-10.2423
-9.11864
-7.95507
-6.75478
-5.51969
-4.26031
-2.97831
-1.67605
-0.361362
0.968148
2.30668
3.65311
5.01897
6.39265
7.74389
9.05972
10.3359
11.5635
12.742
13.8683
14.9266
15.9236
16.8671
17.7412
18.554
19.3106
19.9952
20.6007
21.1376
21.62
22.0586
22.4672
22.8403
23.1513
23.3831
23.5156
23.5382
23.4506
23.2524
22.9484
22.554
22.0699
21.4992
20.8663
20.187
19.4687
18.726
17.9798
17.2225
16.4504
15.6702
14.8689
14.0402
13.1984
12.3345
11.4348
10.488
9.49643
8.47326
7.44116
6.42037
5.41021
4.41618
3.4382
2.47788
1.53437
0.611883
-0.290242
-1.17528
-2.04573
-2.90283
-3.74924
-4.57848
-5.39306
-6.19899
-6.99095
-7.77663
-8.55449
-9.3199
-10.0812
-10.8393
-11.5867
-12.325
-13.0546
-13.7709
-14.4724
-15.1646
-15.8432
-16.5073
-17.1624
-17.8076
-18.4453
-19.08
-19.6985
-20.2838
-20.8223
-21.3144
-21.7517
-22.1224
-22.4195
-22.6473
-22.8208
-22.9443
-23.0058
-22.9996
-22.9277
-22.7926
-22.5956
-22.339
-22.0272
-21.6474
-21.1987
-20.6784
-20.0877
-19.4381
-18.7324
-17.9712
-17.1593
-16.3037
-15.407
-14.4708
-13.4944
-12.4749
-11.4185
-10.3234
-9.19358
-8.0211
-6.80754
-5.55729
-4.28067
-2.98105
-1.65364
-0.302587
1.0659
2.45148
3.85022
5.24776
6.60827
7.90092
9.09818
10.1914
11.1992
12.1297
12.9826
13.7772
14.524
15.219
15.8617
16.4666
17.0441
17.5843
18.0859
18.5503
18.9735
19.3685
19.7474
20.0932
20.3891
20.6192
20.7683
20.827
20.8012
20.6864
20.4923
20.2266
19.8954
19.5135
19.0982
18.6584
18.2037
17.7462
17.2767
16.7835
16.2561
15.6855
15.058
14.3703
13.6144
12.7737
11.8358
10.8017
9.68578
8.52258
7.33747
6.1536
4.99579
3.87524
2.79885
1.76837
0.775949
-0.186106
-1.11577
-2.01992
-2.89857
-3.75988
-4.6066
-5.44499
-6.27474
-7.09722
-7.91974
-8.7478
-9.58439
-10.4284
-11.2622
-12.0837
-12.8901
-13.6749
-14.4378
-15.1838
-15.9192
-16.6475
-17.3799
-18.1151
-18.8322
-19.5154
-20.1476
-20.7225
-21.2462
-21.7394
-22.1947
-22.6006
-22.9493
-23.2404
-23.4611
-23.6071
-23.6909
-23.7215
-23.6919
-23.5974
-23.4407
-23.2085
-22.8925
-22.504
-22.0324
-21.4792
-20.8553
-20.1575
-19.3904
-18.5613
-17.675
-16.7399
-15.754
-14.7276
-13.6732
-12.5911
-11.4728
-10.322
-9.14412
-7.94108
-6.70497
-5.42332
-4.0987
-2.74296
-1.36152
0.0446454
1.48148
2.9503
4.43754
5.92803
7.4138
8.89615
10.363
11.8033
13.2091
14.5409
15.7941
16.991
18.1157
19.156
20.1205
21.0084
21.8075
22.5129
23.1306
23.6626
24.1179
24.514
24.8543
25.1233
25.3166
25.3995
25.3421
25.146
24.8084
24.3543
23.7984
23.1417
22.409
21.6155
20.7713
19.8984
19.03
18.1788
17.3518
16.5484
15.7566
14.9608
14.1525
13.3151
12.4297
11.4897
10.5055
9.48797
8.45421
7.42153
6.39254
5.36596
4.34556
3.33721
2.35644
1.40628
0.488502
-0.400639
-1.27439
-2.1395
-2.99353
-3.83909
-4.67275
-5.49858
-6.32152
-7.14378
-7.96585
-8.79179
-9.62416
-10.4554
-11.2856
-12.1128
-12.9249
-13.7181
-14.4894
-15.2358
-15.9568
-16.6568
-17.336
-17.9891
-18.622
-19.2355
-19.8119
-20.3268
-20.7925
-21.2096
-21.5797
-21.8996
-22.1617
-22.3655
-22.5117
-22.5974
-22.6125
-22.5652
-22.4585
-22.3074
-22.1108
-21.8644
-21.5695
-21.2283
-20.8362
-20.3932
-19.9002
-19.3404
-18.7146
-18.0035
-17.2165
-16.3774
-15.4898
-14.5598
-13.5921
-12.5872
-11.5352
-10.4311
-9.28718
-8.1102
-6.90561
-5.66632
-4.39516
-3.10448
-1.79301
-0.457814
0.885098
2.20928
3.49957
4.74803
5.94739
7.09838
8.20938
9.27043
10.3014
11.3041
12.2684
13.1985
14.0893
14.9211
15.6909
16.4078
17.0661
17.6605
18.1974
18.6768
19.0997
19.4814
19.8396
20.1776
20.4708
20.6967
20.8466
20.9214
20.9241
20.8321
20.6419
20.3562
19.983
19.536
19.027
18.4607
17.8319
17.1531
16.43
15.6678
14.8835
14.0674
13.2179
12.3359
11.4132
10.4581
9.47762
8.47682
7.46639
6.44845
5.42864
4.41297
3.40542
2.41491
1.43992
0.47773
-0.475015
-1.41349
-2.33271
-3.23642
-4.12898
-5.01015
-5.88875
-6.74906
-7.59528
-8.43604
-9.27457
-10.1114
-10.9503
-11.784
-12.607
-13.424
-14.2364
-15.0337
-15.8208
-16.5893
-17.3265
-18.0438
-18.7371
-19.3985
-20.0367
-20.636
-21.1782
-21.6684
-22.1046
-22.474
-22.7677
-22.9899
-23.1535
-23.2644
-23.3297
-23.3524
-23.3316
-23.2594
-23.1348
-22.9599
-22.7309
-22.4335
-22.063
-21.6072
-21.0641
-20.444
-19.7416
-18.9593
-18.1052
-17.1782
-16.1857
-15.1378
-14.0357
-12.878
-11.6746
-10.4315
-9.14965
-7.8344
-6.48618
-5.10659
-3.70058
-2.2713
-0.82376
0.630208
2.09358
3.56139
5.03139
6.49422
7.95265
9.40486
10.8369
12.2254
13.5348
14.7473
15.8795
16.9323
17.9006
18.7939
19.6275
20.382
21.0734
21.7046
22.2543
22.73
23.1129
23.3854
23.5392
23.5863
23.5339
23.3641
23.0807
22.7032
22.2171
21.6348
20.9939
20.2944
19.523
18.6823
17.7813
16.825
15.8348
14.8333
13.8341
12.8468
11.8747
10.9056
9.93265
8.96242
7.99344
7.03403
6.08115
5.12796
4.17017
3.20286
2.23122
1.25918
0.292004
-0.66085
-1.60134
-2.53497
-3.45878
-4.37725
-5.29169
-6.20171
-7.10716
-8.01099
-8.9106
-9.80585
-10.6999
-11.585
-12.463
-13.3272
-14.1721
-15.0013
-15.8151
-16.6081
-17.3865
-18.1497
-18.886
-19.5982
-20.2812
-20.9112
-21.4764
-21.9855
-22.4287
-22.8069
-23.1229
-23.372
-23.5427
-23.6247
-23.625
-23.5512
-23.4096
-23.2019
-22.937
-22.6097
-22.2139
-21.7436
-21.1921
-20.5624
-19.8567
-19.0807
-18.2428
-17.3469
-16.393
-15.3823
-14.316
-13.1928
-12.0169
-10.7948
-9.52891
-8.21492
-6.85478
-5.45492
-4.0245
-2.56627
-1.07889
0.434442
1.95838
3.47574
4.98068
6.4732
7.94879
9.37216
10.7159
11.9852
13.1758
14.2908
15.3456
16.329
17.2374
18.0677
18.8195
19.4743
20.043
20.5517
20.9956
21.3886
21.7434
22.0419
22.2507
22.3275
22.2801
22.1292
21.8709
21.5212
21.0877
20.5641
19.9643
19.3035
18.5868
17.8296
17.0513
16.2435
15.4217
14.5939
13.7522
12.904
12.0376
11.1443
10.2225
9.26538
8.26547
7.2349
6.18812
5.14387
4.11741
3.11577
2.14086
1.18377
0.233163
-0.705608
-1.62752
-2.53122
-3.41997
-4.30001
-5.17896
-6.05131
-6.90144
-7.73864
-8.56912
-9.39351
-10.2172
-11.0304
-11.8268
-12.6167
-13.3928
-14.1554
-14.909
-15.6417
-16.3423
-17.017
-17.6641
-18.2834
-18.8705
-19.4102
-19.8963
-20.3309
-20.7047
-21.0149
-21.2679
-21.4664
-21.6124
-21.7046
-21.7512
-21.7631
-21.7282
-21.634
-21.4777
-21.2455
-20.9351
-20.5422
-20.0616
-19.4919
-18.8295
-18.082
-17.2499
-16.3358
-15.3456
-14.2943
-13.18
-12.0026
-10.7658
-9.46796
-8.12053
-6.7324
-5.30965
-3.85297
-2.36399
-0.857948
0.645943
2.13673
3.60749
5.04502
6.4299
7.75959
9.03137
10.2251
11.3424
12.3898
13.3649
14.2896
15.165
15.9806
16.7435
17.4527
18.1016
18.7035
19.2707
19.8106
20.3145
20.7666
21.1673
21.5033
21.7614
21.9335
22.0195
22.022
21.9332
21.7321
21.4258
21.0119
20.5075
19.9272
19.2724
18.5435
17.7505
16.8935
15.9768
15.0052
13.9756
12.9046
11.8088
10.6949
9.57222
8.44524
7.32191
6.21459
5.13277
4.0776
3.04425
2.03349
1.04054
0.059093
-0.913245
-1.87235
-2.81753
-3.75003
-4.66817
-5.57274
-6.46805
-7.34451
-8.20415
-9.05472
-9.88853
-10.7088
-11.5233
-12.3276
-13.1177
-13.8977
-14.6521
-15.3742
-16.0838
-16.7832
-17.4641
-18.135
-18.7688
-19.328
-19.8139
-20.2348
-20.6055
-20.9437
-21.2536
-21.5318
-21.775
-21.9781
-22.1268
-22.2209
-22.261
-22.2405
-22.1757
-22.0695
-21.914
-21.7099
-21.4402
-21.0984
-20.6869
-20.1977
-19.6338
-18.9968
-18.2897
-17.513
-16.6692
-15.7705
-14.8195
-13.8125
-12.7503
-11.6291
-10.4478
-9.21944
-7.94797
-6.63261
-5.2838
-3.91154
-2.52011
-1.09842
0.338571
1.78077
3.21826
4.64541
6.05214
7.44173
8.81906
10.1493
11.4041
12.5781
13.666
14.6567
15.5496
16.3441
17.0316
17.649
18.2208
18.7346
19.2084
19.6551
20.0651
20.4363
20.7674
21.0524
21.2777
21.427
21.4856
21.4507
21.3152
21.0627
20.7112
20.2757
19.7672
19.1962
18.567
17.8809
17.1454
16.3576
15.5259
14.6711
13.7923
12.8802
11.9447
10.9751
9.97737
8.97351
7.96128
6.94156
5.92432
4.90758
3.89683
2.89626
1.90494
0.928435
-0.0345188
-0.980365
-1.90514
-2.80545
-3.68632
-4.56247
-5.43473
-6.30484
-7.16353
-8.00026
-8.82336
-9.63335
-10.4362
-11.2335
-12.0164
-12.7778
-13.5156
-14.2279
-14.9136
-15.5704
-16.196
-16.7945
-17.3731
-17.9382
-18.4921
-19.0341
-19.556
-20.0461
-20.4887
-20.8565
-21.14
-21.3408
-21.4697
-21.5341
-21.5452
-21.5067
-21.4112
-21.256
-21.0383
-20.7607
-20.4251
-20.0317
-19.5825
-19.0747
-18.4974
-17.8407
-17.1009
-16.2744
-15.3741
-14.4131
-13.3975
-12.3264
-11.2005
-10.0218
-8.79886
-7.53007
-6.22402
-4.87813
-3.49437
-2.07495
-0.634922
0.815508
2.27183
3.73272
5.21125
6.68482
8.12319
9.52968
10.893
12.1951
13.4307
14.5939
15.6905
16.7265
17.6996
18.6015
19.4372
20.2185
20.9266
21.56
22.131
22.6318
23.0791
23.4833
23.8112
24.0413
24.1595
24.168
24.069
23.868
23.5926
23.2596
22.869
22.4157
21.8947
21.3014
20.6457
19.9405
19.1812
18.3621
17.4697
16.4919
15.4362
14.3069
13.1177
11.8947
10.6708
9.45089
8.23765
7.03386
5.83932
4.66007
3.50465
2.38094
1.28902
0.228503
-0.803394
-1.81633
-2.8102
-3.78825
-4.7563
-5.70787
-6.64876
-7.5871
-8.52291
-9.45842
-10.3972
-11.3351
-12.2739
-13.2052
-14.1142
-15
-15.8755
-16.7431
-17.6058
-18.4564
-19.2807
-20.0697
-20.8118
-21.4872
-22.0903
-22.6256
-23.0888
-23.4806
-23.8038
-24.0563
-24.2413
-24.3665
-24.4227
-24.4034
-24.305
-24.1255
-23.8613
-23.5043
-23.06
-22.5235
-21.8926
-21.1712
-20.358
-19.4665
-18.5081
-17.4782
-16.3817
-15.2247
-14.0069
-12.729
-11.4019
-10.028
-8.6149
-7.17266
-5.69665
-4.18562
-2.64888
-1.09554
0.470227
2.03575
3.5922
5.12875
6.61951
8.0666
9.45247
10.7645
12.0159
13.1946
14.3116
15.3806
16.3721
17.2699
18.0854
18.8108
19.4473
20.0088
20.4927
20.9044
21.2596
21.5572
21.7762
21.9045
21.9268
21.8432
21.648
21.3331
20.9201
20.4073
19.7981
19.1086
18.3471
17.526
16.6743
15.8099
14.9502
14.0945
13.2296
12.3581
11.4587
10.5186
9.53312
8.50443
7.43777
6.34606
5.25157
4.16176
3.07844
1.99911
0.925823
-0.134601
-1.17334
-2.1858
-3.17276
-4.13854
-5.09362
-6.03748
-6.96557
-7.87725
-8.77237
-9.65149
-10.5231
-11.3839
-12.229
-13.0612
-13.8794
-14.6748
-15.4608
-16.2374
-17
-17.7478
-18.4778
-19.1822
-19.8552
-20.4859
-21.0615
-21.5791
-22.0477
-22.4548
-22.7842
-23.0306
-23.2067
-23.3205
-23.3795
-23.3708
-23.2856
-23.1211
-22.8798
-22.5553
-22.1439
-21.6532
-21.0801
-20.4271
-19.7085
-18.9214
-18.0726
-17.1626
-16.1857
-15.1473
-14.0551
-12.9135
-11.7302
-10.5029
-9.23039
-7.90898
-6.54492
-5.14002
-3.69582
-2.21333
-0.691175
0.853361
2.40023
3.93409
5.43584
6.88938
8.29115
9.61374
10.8547
12.0198
13.0993
14.1094
15.0637
15.9528
16.7775
17.5515
18.2543
18.8826
19.4618
19.9925
20.4716
20.9131
21.3087
21.6524
21.9281
22.1055
22.1761
22.1236
21.9436
21.6469
21.2384
20.7218
20.1087
19.4114
18.6388
17.8116
16.9338
16.0172
15.0752
14.1001
13.0981
12.0718
11.0124
9.92522
8.8091
7.673
6.53452
5.4059
4.28814
3.18222
2.09532
1.02847
-0.0139258
-1.03285
-2.03952
-3.0392
-4.03371
-5.02984
-6.02158
-7.0021
-7.9783
-8.95099
-9.91929
-10.8797
-11.823
-12.7456
-13.6533
-14.5362
-15.3889
-16.2302
-17.0617
-17.8673
-18.6511
-19.3866
-20.0549
-20.6637
-21.2111
-21.6865
-22.0982
-22.4534
-22.7468
-22.9721
-23.1358
-23.2448
-23.2979
-23.2873
-23.2085
-23.062
-22.8462
-22.564
-22.2045
-21.7621
-21.2408
-20.6334
-19.9408
-19.1682
-18.318
-17.3997
-16.4155
-15.3734
-14.2781
-13.1287
-11.9225
-10.6591
-9.33709
-7.96192
-6.54207
-5.08082
-3.58402
-2.07054
-0.538574
1.02418
2.60421
4.16936
5.7307
7.28424
8.81196
10.2898
11.6773
12.979
14.2004
15.3398
16.4167
17.4179
18.3523
19.2249
20.042
20.7746
21.4227
22.0128
22.5434
23.0154
23.4168
23.731
23.9455
24.0336
23.9844
23.7924
23.4524
22.9891
22.4205
21.7579
21.0123
20.2024
19.3404
18.4311
17.4924
16.544
15.6017
14.6575
13.708
12.7445
11.757
10.7376
9.68649
8.611
7.52332
6.43301
5.3461
4.27256
3.21548
2.17284
1.14245
0.125024
-0.877077
-1.86224
-2.82747
-3.78175
-4.73057
-5.68002
-6.62745
-7.57505
-8.52354
-9.4772
-10.4371
-11.3936
-12.3415
-13.2714
-14.1796
-15.0567
-15.9053
-16.7273
-17.5112
-18.2655
-18.9887
-19.675
-20.3322
-20.9479
-21.5041
-22.0024
-22.4305
-22.7779
-23.043
-23.2322
-23.3499
-23.3922
-23.3594
-23.2651
-23.0948
-22.842
-22.5173
-22.1193
-21.6516
-21.1129
-20.4959
-19.8068
-19.0466
-18.2149
-17.3075
-16.333
-15.2947
-14.1993
-13.0491
-11.8387
-10.5715
-9.25773
-7.90016
-6.5107
-5.09358
-3.64433
-2.16072
-0.648937
0.878022
2.40575
3.93042
5.4461
6.94247
8.40413
9.81934
11.153
12.3956
13.5441
14.5854
15.5345
16.4108
17.2053
17.9234
18.5762
19.1615
19.699
20.2121
20.6935
21.1284
21.5099
21.8169
22.0438
22.1897
22.2438
22.2008
22.0469
21.7709
21.3737
20.8719
20.2841
19.6331
18.9357
18.2083
17.4727
16.726
15.966
15.1963
14.4139
13.615
12.8016
11.9595
11.0821
10.1694
9.22865
8.26581
7.28925
6.29994
5.30055
4.28529
3.25615
2.21127
1.16266
0.118538
-0.919764
-1.94997
-2.96746
-3.97009
-4.96248
-5.94147
-6.91116
-7.87268
-8.81713
-9.75512
-10.6908
-11.6167
-12.5326
-13.4312
-14.2968
-15.1357
-15.9533
-16.7483
-17.5224
-18.2708
-18.9893
-19.6825
-20.3401
-20.946
-21.498
-21.9864
-22.3947
-22.717
-22.9539
-23.1203
-23.2144
-23.2303
-23.1689
-23.0311
-22.815
-22.5157
-22.1436
-21.6978
-21.1879
-20.6126
-19.9682
-19.2617
-18.4876
-17.651
-16.7475
-15.782
-14.7529
-13.6641
-12.5198
-11.3283
-10.0971
-8.82175
-7.49584
-6.11878
-4.70591
-3.26106
-1.79038
-0.299868
1.21533
2.74994
4.28421
5.80406
7.2978
8.76287
10.1764
11.51
12.7606
13.9276
15.0148
16.0296
16.9768
17.8487
18.6433
19.3666
20.0195
20.6123
21.1564
21.6442
22.0687
22.4216
22.6761
22.8259
22.8644
22.7967
22.6293
22.3509
21.963
21.4824
20.9074
20.249
19.5273
18.7553
17.9444
17.1075
16.2378
15.3499
14.4506
13.5311
12.5821
11.5959
10.569
9.51365
8.43516
7.34191
6.24352
5.15251
4.07592
3.01918
1.98836
0.972891
-0.0327815
-1.02766
-2.00695
-2.9676
-3.91311
-4.84544
-5.76989
-6.68516
-7.58333
-8.46759
-9.34015
-10.2036
-11.0656
-11.9118
-12.7319
-13.541
-14.3386
-15.119
-15.8923
-16.6433
-17.3646
-18.0764
-18.7663
-19.4212
-20.0381
-20.6049
-21.1069
-21.5502
-21.9415
-22.2826
-22.5722
-22.8137
-22.9958
-23.1182
-23.1735
-23.1601
-23.0791
-22.9259
-22.704
-22.4096
-22.0343
-21.5745
-21.0218
-20.3827
-19.6581
-18.854
-17.9719
-17.0195
-16.0005
-14.9297
-13.8253
-12.6891
-11.5029
-10.2567
-8.94106
-7.56497
-6.14445
-4.70071
-3.23876
-1.76828
-0.29351
1.15989
2.54479
3.87258
5.19725
6.55542
7.92897
9.26142
10.5206
11.7118
12.8608
13.961
14.996
15.9624
16.8641
17.7021
18.4825
19.2193
19.9215
20.5784
21.1683
21.6958
22.1658
22.5708
22.9106
23.1895
23.4105
23.564
23.6439
23.6293
23.5202
23.3197
23.023
22.6417
22.1867
21.6493
21.0391
20.3772
19.6635
18.9133
18.1454
17.3547
16.53
15.6805
14.8066
13.9086
12.9815
12.0258
11.0642
10.0943
9.12272
8.1546
7.18552
6.21765
5.26771
4.34776
3.45672
2.59355
1.75003
0.91884
0.10475
-0.68732
-1.46307
-2.23096
-2.98229
-3.72433
-4.46492
-5.19691
-5.92214
-6.64746
-7.36926
-8.08929
-8.81118
-9.52532
-10.2247
-10.9168
-11.6058
-12.286
-12.9689
-13.6542
-14.3243
-14.9741
-15.6125
-16.2377
-16.8418
-17.4293
-18.0138
-18.5867
-19.1445
-19.6977
-20.234
-20.7395
-21.2098
-21.6356
-22.0032
-22.306
-22.5509
-22.7424
-22.8734
-22.9398
-22.9407
-22.8782
-22.7586
-22.5828
-22.3482
-22.0631
-21.7299
-21.3462
-20.914
-20.4343
-19.9061
-19.3323
-18.7104
-18.0348
-17.3261
-16.59
-15.8451
-15.0963
-14.3436
-13.5875
-12.8198
-12.0426
-11.2596
-10.4839
-9.72163
-8.97457
-8.22859
-7.47315
-6.70749
-5.93514
-5.16271
-4.37441
-3.55383
-2.71405
-1.85641
-0.990825
-0.124145
0.740738
1.60266
2.45357
3.30442
4.1636
5.01874
5.86896
6.7311
7.60588
8.4744
9.33941
10.1926
11.0225
11.8373
12.6262
13.3855
14.1207
14.8269
15.5089
16.1697
16.8033
17.399
17.956
18.4717
18.9522
19.3999
19.8034
20.1624
20.4795
20.7524
20.9748
21.1438
21.268
21.343
21.3724
21.3668
21.3133
21.204
21.0503
20.8496
20.5959
20.2777
19.8922
19.4415
18.9267
18.351
17.7273
17.0696
16.3903
15.7063
15.0274
14.3574
13.6973
13.0448
12.4038
11.7688
11.139
10.5159
9.89658
9.27414
8.64742
8.01817
7.37522
6.71787
6.05097
5.37876
4.70757
4.05529
3.42348
2.80071
2.19303
1.59463
0.994336
0.389795
-0.221776
-0.838326
-1.45115
-2.0498
-2.64987
-3.24822
-3.84535
-4.43795
-5.01846
-5.5833
-6.14042
-6.68927
-7.23073
-7.76662
-8.29227
-8.80429
-9.31134
-9.81279
-10.3095
-10.8062
-11.295
-11.7764
-12.2488
-12.7147
-13.1758
-13.6265
-14.0665
-14.5061
-14.9498
-15.397
-15.8444
-16.2888
-16.7236
-17.1578
-17.585
-17.9994
-18.3998
-18.7785
-19.1413
-19.4937
-19.8366
-20.1699
-20.4699
-20.7162
-20.8963
-21.0188
-21.0748
-21.0755
-21.0467
-21.0141
-20.9856
-20.9512
-20.8867
-20.7873
-20.662
-20.5179
-20.347
-20.1409
-19.8853
-19.5648
-19.1924
-18.7545
-18.2635
-17.7309
-17.1564
-16.5585
-15.9292
-15.281
-14.614
-13.9185
-13.1931
-12.4376
-11.6491
-10.8308
-9.98745
-9.10935
-8.20316
-7.27135
-6.30894
-5.32299
-4.31828
-3.29254
-2.24478
-1.17543
-0.0834792
1.01149
2.11109
3.21475
4.32693
5.44675
6.56305
7.67854
8.78894
9.87999
10.9561
12.0086
13.0317
14.0197
14.9639
15.8693
16.7272
17.5309
18.2831
18.9763
19.6069
20.1745
20.6788
21.119
21.5072
21.829
22.0901
22.3052
22.4614
22.566
22.6037
22.5769
22.486
22.3169
22.062
21.7025
21.2472
20.7032
20.0936
19.4406
18.7501
18.0266
17.2803
16.5181
15.7486
14.9809
14.2152
13.4469
12.6593
11.8463
10.9972
10.1061
9.18426
8.23665
7.28386
6.33769
5.40542
4.50041
3.62281
2.7795
1.96812
1.17535
0.38792
-0.402404
-1.19294
-1.97937
-2.75868
-3.5322
-4.30221
-5.06494
-5.81959
-6.55747
-7.27916
-7.98403
-8.67193
-9.34655
-10.0184
-10.6917
-11.3668
-12.0358
-12.7007
-13.3574
-14.0026
-14.6378
-15.2572
-15.8689
-16.4663
-17.045
-17.5995
-18.1257
-18.6313
-19.1046
-19.54
-19.9315
-20.2681
-20.5315
-20.7373
-20.9321
-21.1325
-21.3321
-21.5341
-21.7227
-21.8755
-21.9787
-22.0394
-22.0614
-22.0274
-21.9227
-21.7333
-21.4559
-21.089
-20.6383
-20.1074
-19.5105
-18.8604
-18.1577
-17.4214
-16.6461
-15.8449
-15.017
-14.1659
-13.297
-12.4089
-11.5048
-10.5727
-9.61238
-8.62418
-7.59599
-6.52909
-5.41564
-4.2659
-3.08752
-1.87654
-0.635282
0.63517
1.9187
3.20523
4.50835
5.81791
7.1259
8.418
9.68809
10.9239
12.1107
13.2479
14.3274
15.355
16.3121
17.2044
18.0361
18.7974
19.476
20.0825
20.6097
21.0711
21.4579
21.7659
22.0184
22.2062
22.3472
22.4252
22.4239
22.3404
22.1649
21.8928
21.519
21.0487
20.484
19.8432
19.1509
18.4201
17.6621
16.8834
16.098
15.3164
14.549
13.7888
13.0329
12.2533
11.4393
10.5857
9.69855
8.78607
7.85121
6.90015
5.93942
4.97927
4.02732
3.09202
2.17758
1.28048
0.400354
-0.469814
-1.32975
-2.1842
-3.0371
-3.8868
-4.73194
-5.56089
-6.37828
-7.18124
-7.98176
-8.77822
-9.56377
-10.352
-11.1431
-11.9431
-12.7399
-13.5335
-14.3255
-15.1187
-15.907
-16.674
-17.4152
-18.1279
-18.8099
-19.4615
-20.0769
-20.6553
-21.1682
-21.6053
-21.9422
-22.1707
-22.3301
-22.4755
-22.6162
-22.7007
-22.7018
-22.6156
-22.448
-22.2275
-21.947
-21.5738
-21.1131
-20.5668
-19.9322
-19.2104
-18.4227
-17.5824
-16.7049
-15.8151
-14.9101
-14.0095
-13.1017
-12.1893
-11.2592
-10.31
-9.32749
-8.29552
-7.19908
-6.02873
-4.80219
-3.49549
-2.10712
-0.614339
0.993914
2.69812
4.47652
6.30492
8.13428
9.90482
11.5938
13.2144
14.7724
16.2651
17.6983
19.0216
20.2273
21.2846
22.214
23.0468
23.7877
24.4533
25.0358
25.538
25.9556
26.2891
26.5294
26.6793
26.7519
26.7752
26.7708
26.7455
26.6781
26.5528
26.3669
26.1161
25.8099
25.454
25.0305
24.5044
23.8469
23.0641
22.1869
21.2498
20.2765
19.2731
18.2457
17.2022
16.1633
15.1519
14.2049
13.323
12.4948
11.7124
10.9735
10.2732
9.59754
8.92802
8.25252
7.56186
6.85919
6.1407
5.39069
4.62102
3.8567
3.09811
2.34704
1.58948
0.812647
0.0152623
-0.785297
-1.59183
-2.39634
-3.17329
-3.9445
-4.74426
-5.55146
-6.33462
-7.09494
-7.83289
-8.51545
-9.15472
-9.75037
-10.3059
-10.8066
-11.2291
-11.572
-11.8203
-11.9806
-12.0431
-12.0095
-11.8633
-11.6162
-11.2687
-10.8296
-10.2965
-9.69192
-9.02458
-8.2862
-7.47798
-6.59772
-5.65356
-4.63029
-3.53856
-2.37473
-1.15123
0.134556
1.45845
2.80893
4.17853
5.55014
6.90675
8.23551
9.53148
10.7652
11.9508
13.0998
14.2337
15.327
16.387
17.3975
18.3621
19.2827
20.1796
21.041
21.8411
22.5705
23.2152
23.7876
24.3131
24.7922
25.2178
25.5627
25.8121
25.9739
26.0489
26.0454
25.9543
25.7849
25.5326
25.185
24.7228
24.1454
23.4529
22.6459
21.724
20.6865
19.5442
18.3251
17.0586
15.7721
14.4865
13.2172
11.9748
10.7608
9.55914
8.3619
7.16877
5.9799
4.79426
3.61344
2.44835
1.30537
0.185726
-0.909374
-1.99309
-3.07138
-4.14771
-5.21781
-6.294
-7.37519
-8.45842
-9.50661
-10.4729
-11.3711
-12.2192
-13.0478
-13.8577
-14.643
-15.3861
-16.0765
-16.7092
-17.2484
-17.7099
-18.1273
-18.504
-18.8188
-19.044
-19.1909
-19.2407
-19.201
-19.0694
-18.8329
-18.493
-18.0459
-17.5041
-16.8531
-16.109
-15.2683
-14.3458
-13.3406
-12.2571
-11.102
-9.87936
-8.59397
-7.24848
-5.84433
-4.38963
-2.89709
-1.39209
0.123675
1.6316
3.11892
4.5753
5.97627
7.3179
8.6021
9.82907
10.9976
12.1075
13.165
14.1678
15.1283
16.0656
16.9991
17.9351
18.8458
19.6999
20.4943
21.2418
21.9105
22.4886
22.9584
23.3066
23.5351
23.6376
23.6101
23.4561
23.1789
22.7743
22.2359
21.561
20.7378
19.7704
18.6718
17.457
16.1513
14.7816
13.3761
11.9682
10.5746
9.20409
7.86194
6.54782
5.26405
4.02245
2.82552
1.67093
0.547081
-0.548315
-1.61989
-2.6772
-3.73512
-4.79818
-5.8775
-6.96941
-8.07032
-9.16929
-10.2432
-11.2875
-12.2721
-13.1903
-14.0831
-14.9595
-15.7512
-16.4669
-17.1689
-17.849
-18.4936
-19.1773
-19.8259
-20.4469
-21.0117
-21.4823
-21.8635
-22.1849
-22.4585
-22.665
-22.7956
-22.8216
-22.732
-22.5269
-22.216
-21.8044
-21.2885
-20.6861
-19.9836
-19.1874
-18.2919
-17.3051
-16.2304
-15.0692
-13.8225
-12.4872
-11.0751
-9.59199
-8.03986
-6.42556
-4.76657
-3.07934
-1.37805
0.299739
1.94253
3.54267
5.09121
6.57794
8.01295
9.37169
10.6631
11.8871
13.023
14.0942
15.0803
16.0037
16.8776
17.6995
18.467
19.1597
19.7751
20.2929
20.7227
21.0528
21.2833
21.4108
21.4357
21.3558
21.1713
20.8702
20.4433
19.8852
19.1998
18.3896
17.4524
16.4054
15.2694
14.0732
12.8253
11.5551
10.286
9.05721
7.88698
6.75856
5.63192
4.47594
3.28834
2.07622
0.848174
-0.377297
-1.58973
-2.78628
-3.97348
-5.16276
-6.36242
-7.56559
-8.77098
-9.96828
-11.1357
-12.2135
-13.1882
-14.0926
-14.9399
-15.7423
-16.4877
-17.2104
-17.8789
-18.4901
-19.0408
-19.5042
-19.8874
-20.2277
-20.5427
-20.8307
-21.0836
-21.2875
-21.4418
-21.5307
-21.528
-21.4103
-21.1482
-20.7467
-20.1915
-19.5097
-18.705
-17.7986
-16.7992
-15.7146
-14.5329
-13.266
-11.9435
-10.5719
-9.15387
-7.70086
-6.21213
-4.69414
-3.13695
-1.56931
-0.0184442
1.49734
2.98568
4.43325
5.83466
7.19562
8.53151
9.83733
11.1192
12.3699
13.5538
14.6851
15.7478
16.7535
17.6874
18.541
19.3108
19.9837
20.5554
21.0251
21.4154
21.7213
21.9445
22.0651
22.0612
21.9274
21.6457
21.2149
20.6264
19.8852
18.9872
17.9377
16.7479
15.4499
14.0569
12.6153
11.1478
9.70369
8.30613
6.96186
5.65546
4.37783
3.11929
1.86609
0.61213
-0.639215
-1.88059
-3.10312
-4.30119
-5.47196
-6.626
-7.77155
-8.91234
-10.064
-11.218
-12.331
-13.324
-14.2151
-15.0805
-15.9358
-16.7627
-17.5468
-18.2404
-18.8599
-19.4235
-19.9407
-20.4035
-20.7976
-21.1389
-21.4306
-21.6619
-21.821
-21.9147
-21.9454
-21.8956
-21.7689
-21.5467
-21.2219
-20.7839
-20.231
-19.5742
-18.8113
-17.9556
-17.0106
-15.9813
-14.8643
-13.6599
-12.374
-11.0329
-9.64775
-8.22071
-6.75075
-5.24039
-3.70334
-2.16071
-0.615707
0.914651
2.44189
3.973
5.48592
6.9846
8.47362
9.95653
11.4117
12.8394
14.2462
15.6127
16.9316
18.1772
19.3518
20.4539
21.4818
22.4072
23.2216
23.9102
24.4689
24.9017
25.2242
25.4349
25.5257
25.4796
25.2922
24.9637
24.4835
23.8646
23.0921
22.1481
21.0282
19.7305
18.2889
16.7577
15.2102
13.6848
12.1921
10.7163
9.25738
7.82237
6.36468
4.86275
3.32705
1.80079
0.309352
-1.13839
-2.55001
-3.94319
-5.32023
-6.68311
-8.0302
-9.34247
-10.6146
-11.8327
-13.0074
-14.1441
-15.2694
-16.3647
-17.3549
-18.2397
-19.0409
-19.8045
-20.571
-21.3179
-21.9564
-22.4478
-22.8134
-23.0699
-23.2087
-23.2644
-23.2612
-23.1987
-23.0775
-22.8722
-22.5871
-22.2264
-21.7752
-21.2443
-20.6227
-19.922
-19.1268
-18.2404
-17.2718
-16.1985
-15.0282
-13.7498
-12.3765
-10.9293
-9.42114
-7.87052
-6.29163
-4.70966
-3.1524
-1.62819
-0.145946
1.30666
2.70726
4.05714
5.34967
6.63572
7.93189
9.22676
10.4874
11.7103
12.8596
13.951
15.0081
16.0006
16.8994
17.6932
18.3697
18.9367
19.3883
19.7269
19.9462
20.0445
20.0188
19.8568
19.5488
19.0928
18.4999
17.7678
16.894
15.8859
14.7622
13.5505
12.289
11.0111
9.73223
8.46556
7.22399
6.00485
4.80365
3.61978
2.44667
1.28293
0.126207
-1.02818
-2.17883
-3.32177
-4.45404
-5.5773
-6.69171
-7.79674
-8.89257
-9.98322
-11.065
-12.1043
-13.0466
-13.9076
-14.7225
-15.5137
-16.3104
-17.0846
-17.8506
-18.5512
-19.1703
-19.7169
-20.2187
-20.7176
-21.216
-21.7053
-22.1391
-22.4834
-22.7181
-22.8311
-22.8
-22.6007
-22.2338
-21.7074
-21.0287
-20.2264
-19.3096
-18.3039
-17.2219
-16.0502
-14.7793
-13.4125
-11.9565
-10.4211
-8.829
-7.19915
-5.53377
-3.81614
-2.04226
-0.237179
1.56455
3.3312
5.02475
6.64691
8.2022
9.68933
11.1037
12.4532
13.7298
14.9066
15.9893
16.9689
17.8588
18.6537
19.3555
19.9539
20.4388
20.8147
21.0646
21.1847
21.1697
21.0128
20.6973
20.2228
19.597
18.8286
17.9222
16.8808
15.7171
14.4859
13.2465
12.019
10.8034
9.60308
8.42002
7.25058
6.10765
4.99808
3.92171
2.87164
1.84472
0.838584
-0.153885
-1.12866
-2.08369
-3.02895
-3.98518
-4.97607
-6.00809
-7.05054
-8.07932
-9.06792
-10.0045
-10.913
-11.7887
-12.6618
-13.5365
-14.3976
-15.2192
-15.9966
-16.7195
-17.4003
-18.012
-18.5555
-19.0611
-19.5294
-19.9555
-20.3275
-20.6237
-20.8174
-20.915
-20.9023
-20.7641
-20.4982
-20.0766
-19.5072
-18.797
-17.9524
-17.0015
-15.941
-14.7706
-13.5007
-12.1369
-10.693
-9.16981
-7.58214
-5.93708
-4.23576
-2.51803
-0.820548
0.833658
2.38714
3.85051
5.23537
6.57413
7.88516
9.19435
10.4886
11.7287
12.9161
14.0539
15.1389
16.1663
17.1318
18.0455
18.899
19.6861
20.3746
20.9197
21.324
21.5988
21.746
21.7741
21.6847
21.4728
21.1263
20.6342
19.9815
19.1567
18.1552
17.0086
15.7737
14.5318
13.3185
12.1149
10.8826
9.60966
8.31198
7.0056
5.6718
4.29105
2.88653
1.48644
0.115308
-1.22458
-2.53098
-3.81268
-5.07735
-6.33298
-7.58741
-8.83276
-10.0608
-11.2687
-12.4736
-13.6547
-14.7202
-15.6603
-16.5059
-17.2748
-18.0377
-18.792
-19.5352
-20.2006
-20.7899
-21.2793
-21.6614
-21.966
-22.1879
-22.3362
-22.4
-22.3657
-22.2385
-22.0069
-21.666
-21.2047
-20.6312
-19.9518
-19.1835
-18.3333
-17.3822
-16.3337
-15.1733
-13.9076
-12.5516
-11.1136
-9.61208
-8.03063
-6.3558
-4.60953
-2.81835
-1.0403
0.709613
2.40851
4.02562
5.56426
7.05563
8.50021
9.9006
11.2768
12.6107
13.8703
15.0574
16.1689
17.2074
18.1841
19.0923
19.8987
20.5794
21.0979
21.4456
21.6276
21.6587
21.5616
21.3307
20.9411
20.3887
19.6836
18.8329
17.8319
16.6757
15.3751
13.9645
12.4868
11.003
9.5481
8.14026
6.77373
5.44528
4.15297
2.89534
1.67578
0.497814
-0.636035
-1.72402
-2.76969
-3.78704
-4.8003
-5.8234
-6.87839
-7.95985
-9.06581
-10.191
-11.3052
-12.3344
-13.2534
-14.1056
-14.9694
-15.8452
-16.7548
-17.6688
-18.5216
-19.3486
-20.1707
-20.9779
-21.742
-22.4337
-23.0468
-23.5988
-24.0846
-24.4873
-24.783
-24.9554
-24.9953
-24.8929
-24.6412
-24.2361
-23.683
-23
-22.2013
-21.2986
