0
0
0
0
0
0
0
0
0
0
0
0
0
0
0
0
0
0
0
0
0
0
0
0
0
0
0
0
0
0
0
0
0
0
0
0
0
0
0
0
0
0
0
0
0
0
0
0
0
0
0
0
0
1816
1734
1636
1467
1301
1141
974
777
547
303
55
-166
-403
-671
-982
-1337
-1663
-1949
-2179
-2265
-2183
-2072
-2030
-1996
-1961
-1924
-1939
-2006
-2107
-2213
-2286
-2313
-2358
-2400
-2428
-2404
-2377
-2373
-2384
-2375
-2361
-2326
-2285
-2254
-2217
-2206
-2235
-2304
-2393
-2487
-2595
-2700
-2800
-2865
-2914
-2984
-3092
-3148
-3199
-3233
-3262
-3264
-3241
-3233
-3227
-3196
-3158
-3123
-3117
-3127
-3154
-3207
-3284
-3336
-3405
-3504
-3615
-3676
-3707
-3720
-3655
-3517
-3380
-3255
-3146
-3047
-2931
-2843
-2769
-2668
-2515
-2307
-2103
-1862
-1591
-1350
-1117
-874
-649
-441
-249
-83
98
322
557
805
1033
1230
1412
1579
1729
1883
2065
2229
2392
2567
2759
2954
3141
3324
3489
3670
3851
4058
4226
4383
4527
4674
4810
4964
5165
5357
5517
5650
5753
5791
5777
5754
5693
5649
5590
5484
5308
5075
4827
4552
4268
3956
3675
3420
3129
2842
2554
2265
1970
1685
1391
1079
734
439
121
-276
-693
-1062
-1424
-1794
-2085
-2317
-2538
-2694
-2772
-2780
-2735
-2706
-2705
-2723
-2770
-2761
-2755
-2770
-2817
-2848
-2908
-3000
-3111
-3217
-3302
-3375
-3428
-3462
-3486
-3525
-3564
-3591
-3618
-3641
-3627
-3613
-3622
-3635
-3682
-3721
-3717
-3718
-3731
-3728
-3689
-3666
-3680
-3719
-3785
-3883
-3940
-3912
-3814
-3695
-3573
-3485
-3399
-3204
-2915
-2652
-2485
-2336
-2144
-1929
-1679
-1428
-1157
-852
-526
-182
158
508
873
1197
1489
1771
2031
2286
2515
2733
2929
3103
3268
3445
3631
3856
4073
4283
4469
4642
4854
5067
5221
5345
5448
5533
5578
5598
5631
5611
5398
5085
4747
4499
4349
4132
3947
3800
3668
3530
3359
3227
3138
3043
2923
2828
2725
2611
2487
2267
1961
1612
1228
812
372
-95
-515
-894
-1220
-1486
-1713
-1981
-2229
-2441
-2610
-2723
-2854
-3018
-3200
-3356
-3435
-3466
-3475
-3498
-3550
-3625
-3697
-3743
-3794
-3835
-3875
-3919
-3958
-3964
-3995
-4029
-4085
-4184
-4225
-4262
-4332
-4382
-4416
-4466
-4466
-4429
-4414
-4387
-4311
-4241
-4118
-3885
-3661
-3475
-3314
-3145
-2960
-2759
-2575
-2388
-2192
-1994
-1773
-1555
-1351
-1096
-838
-560
-237
75
385
685
1007
1320
1644
1922
2194
2476
2731
3026
3362
3694
4029
4371
4699
5020
5300
5547
5734
5879
6008
6056
6064
6052
6064
6056
5994
5884
5814
5759
5633
5497
5351
5158
4966
4751
4511
4245
3986
3751
3495
3264
3038
2764
2391
1934
1473
988
477
-36
-540
-1005
-1453
-1848
-2159
-2420
-2610
-2749
-2897
-3042
-3190
-3332
-3445
-3528
-3597
-3694
-3809
-3929
-4021
-4126
-4220
-4303
-4357
-4397
-4406
-4433
-4480
-4528
-4577
-4572
-4564
-4555
-4563
-4605
-4658
-4675
-4677
-4680
-4667
-4629
-4541
-4419
-4372
-4351
-4263
-4130
-3964
-3746
-3515
-3271
-3006
-2770
-2536
-2282
-2003
-1693
-1381
-1041
-662
-298
43
396
743
1105
1427
1748
2048
2356
2659
2932
3221
3571
3961
4341
4706
5016
5245
5502
5813
6159
6421
6546
6618
6693
6794
6830
6777
6628
6429
6264
6093
5960
5830
5621
5375
5074
4731
4418
4176
3949
3700
3393
3024
2660
2156
1613
1097
546
-20
-595
-1121
-1583
-2002
-2314
-2537
-2714
-2810
-2889
-3008
-3089
-3199
-3349
-3503
-3659
-3757
-3822
-3879
-3982
-4098
-4214
-4270
-4310
-4339
-4393
-4447
-4479
-4503
-4529
-4532
-4569
-4574
-4590
-4596
-4613
-4641
-4677
-4680
-4656
-4636
-4586
-4551
-4515
-4419
-4317
-4193
-3973
-3708
-3464
-3228
-2972
-2738
-2475
-2208
-1902
-1568
-1213
-855
-508
-148
248
657
1072
1430
1750
2092
2428
2773
3121
3474
3857
4234
4572
4878
5166
5483
5828
6132
6404
6566
6675
6773
6851
6915
6875
6699
6444
6238
6066
-4517
-4538
-4535
-4534
-4564
-4601
-4656
-4688
-4718
-4751
-4795
-4825
-4827
-4772
-4717
-4633
-4580
-4579
-4534
-4477
-4424
-4292
-4052
-3810
-3618
-3490
-3342
-3160
-2941
-2692
-2420
-2129
-1805
-1432
-1077
-712
-354
35
430
804
1149
1454
1773
2138
2498
2834
3177
3505
3831
4164
4489
4804
5132
5508
5869
6155
6366
6572
6780
6987
7188
7234
7086
6874
6701
6566
6297
6054
5844
5544
5175
4803
4427
4076
3861
3619
3405
3171
2854
2468
2063
1617
1197
738
232
-296
-785
-1211
-1619
-1934
-2180
-2400
-2552
-2709
-2903
-3109
-3339
-3564
-3743
-3883
-4001
-4089
-4174
-4261
-4329
-4389
-4441
-4470
-4511
-4519
-4525
-4510
-4507
-4520
-4551
-4572
-4589
-4609
-4599
-4591
-4600
-4580
-4572
-4576
-4559
-4530
-4505
-4414
-4234
-4060
-3897
-3724
-3522
-3282
-3060
-2827
-2583
-2332
-2025
-1717
-1363
-955
-532
-105
325
731
1110
1461
1775
2090
2415
2730
3068
3406
3751
4122
4482
4818
5167
5575
5969
6272
6559
6824
7025
7197
7334
7351
7298
7147
6894
6648
6389
6089
5812
5499
5101
4745
4397
4013
3738
3435
3081
2713
2363
2074
1815
1510
1179
826
431
35
-377
-785
-1188
-1567
-1887
-2141
-2392
-2615
-2823
-3041
-3283
-3535
-3775
-3971
-4113
-4215
-4275
-4316
-4359
-4385
-4392
-4381
-4337
-4311
-4289
-4282
-4316
-4356
-4374
-4396
-4464
-4521
-4571
-4589
-4562
-4544
-4529
-4498
-4496
-4502
-4464
-4434
-4410
-4319
-4177
-4000
-3803
-3619
-3434
-3208
-2941
-2629
-2368
-2122
-1859
-1559
-1243
-889
-528
-177
182
548
917
1293
1669
2013
2349
2712
3087
3445
3819
4198
4555
4908
5221
5549
5899
6171
6347
6496
6646
6760
6845
6834
6729
6551
6243
5988
5734
5499
5319
5093
4867
4660
4437
4145
3885
3668
3421
3178
2935
2597
2178
1728
1251
825
435
81
-342
-827
-1281
-1670
-1970
-2161
-2323
-2503
-2688
-2892
-3070
-3246
-3410
-3558
-3661
-3730
-3769
-3804
-3883
-3983
-4040
-4061
-4066
-4098
-4172
-4229
-4294
-4367
-4434
-4517
-4600
-4693
-4781
-4866
-4926
-4950
-4961
-4953
-4937
-4930
-4886
-4854
-4801
-4665
-4484
-4317
-4110
-3844
-3572
-3277
-3010
-2771
-2498
-2205
-1910
-1616
-1329
-1001
-695
-384
-56
250
563
903
1272
1628
1984
2333
2721
3095
3424
3735
4042
4376
4730
5077
5395
5696
5948
6173
6392
6581
6749
6829
6802
6685
6569
6433
6241
6102
5973
5807
5584
5302
4998
4717
4460
4196
3984
3785
3565
3359
3107
2830
2447
1985
1568
1146
680
234
-228
-659
-1026
-1370
-1671
-1936
-2172
-2377
-2549
-2723
-2889
-3057
-3248
-3429
-3580
-3707
-3829
-3938
-4001
-4060
-4103
-4146
-4220
-4256
-4275
-4290
-4307
-4335
-4372
-4388
-4404
-4442
-4479
-4511
-4555
-4561
-4559
-4592
-4603
-4611
-4617
-4624
-4610
-4612
-4613
-4586
-4539
-4459
-4294
-4096
-3852
-3534
-3159
-2777
-2434
-2119
-1846
-1541
-1223
-906
-593
-279
52
405
776
1134
1453
1773
2079
2420
2757
3076
3333
3595
3855
4100
4390
4706
4976
5233
5595
6060
6515
6906
7274
7595
7853
8054
8189
8019
7390
6760
7013
7452
6845
5498
4450
4092
4137
4142
3805
3275
2868
2601
2365
2056
1673
1292
879
436
110
-92
-305
-553
-824
-1115
-1386
-1622
-1806
-2012
-2229
-2388
-2514
-2680
-2897
-3139
-3158
-2929
-2700
-2582
-2777
-3317
-3932
-4257
-4127
-3775
-3536
-3500
-3602
-3768
-3896
-3914
-3820
-3695
-3645
-3683
-3752
-3840
-3918
-3963
-3993
-4029
-4050
-4064
-4082
-4061
-4012
-3976
-3928
-3859
-3801
-3753
-3695
-3675
-3674
-3626
-3459
-3212
-2955
-2716
-2529
-2442
-2389
-2278
-2127
-1942
-1696
-1440
-1244
-1065
-834
-535
-177
170
483
807
1105
1405
1746
2029
2301
2595
2863
3098
3367
3635
3887
4128
4366
4588
4776
4984
5185
5389
5608
5774
5862
5967
6122
6320
6551
6661
6684
6713
6598
6429
6308
6132
5821
5519
5221
4848
4529
4213
3852
3518
3216
2909
2609
2295
1985
1659
1199
782
419
34
-342
-690
-1107
-1536
-1867
-2153
-2405
-2567
-2701
-2843
-2982
-3139
-3364
-3612
-3845
-4016
-4118
-4149
-4148
-4137
-4110
-4125
-4148
-4140
-4121
-4095
-4075
-4077
-4111
-4170
-4204
-4222
-4243
-4283
-4324
-4370
-4373
-4350
-4361
-4338
-4329
-4336
-4323
-4305
-4352
-4413
-4437
-4444
-4339
-4136
-3942
-3767
-3550
-3339
-3148
-2916
-2668
-2379
-2084
-1761
-1447
-1107
-802
-463
-121
256
652
1017
1373
1690
1991
2293
2614
2933
3218
3507
3811
4117
4404
4666
4891
5150
5415
5646
5851
6018
6071
6043
5968
5850
5737
5599
5470
5379
5222
5015
4850
4732
4586
4418
4260
4053
3867
3761
3698
3554
3351
3153
2932
2672
2379
1995
1573
1149
718
306
-82
-446
-750
-985
-1178
-1328
-1508
-1715
-1903
-2116
-2353
-2517
-2730
-2954
-3170
-3393
-3562
-3648
-3670
-3664
-3684
-3726
-3752
-3779
-3781
-3790
-3803
-3834
-3862
-3909
-3928
-3936
-3945
-3977
-3996
-3990
-3998
-3979
-3945
-3943
-3872
-3765
-3714
-3679
-3680
-3706
-3694
-3683
-3665
-3585
-3425
-3249
-3061
-2881
-2725
-2606
-2532
-2362
-2140
-1938
-1740
-1557
-1406
-1193
-964
-715
-400
-59
290
632
956
1268
1575
1858
2129
2397
2663
2938
3249
3548
3817
4061
4326
4595
4860
5101
5285
5421
5574
5638
5636
5680
5690
5750
5753
5664
5566
5484
5347
5191
5070
4910
4683
4444
4213
3927
3651
3474
3281
3044
2805
2532
2183
1835
1495
1140
776
401
27
-311
-639
-969
-1253
-1496
-1741
-1915
-2047
-2175
-2248
-2302
-2343
-2393
-2471
-2614
-2767
-2862
-2942
-2997
-3053
-3125
-3168
-3201
-3210
-3207
-3190
-3203
-3184
-3158
-3152
-3152
-3177
-3208
-3206
-3154
-3093
-3032
-2979
-2942
-2925
-2871
-2834
-2830
-2848
-2905
-3020
-3139
-3239
-3338
-3444
-3541
-3599
-3610
-3576
-3494
-3352
-3180
-3066
-2951
-2804
-2634
-2482
-2342
-2223
-2087
-1938
-1784
-1570
-1307
-983
-642
-361
-84
255
566
952
1339
1670
1925
2121
2309
2482
2686
2929
3185
3394
3589
3786
4000
4216
4416
4578
4698
4821
4969
5112
5257
5389
5450
5500
5581
5607
5631
5622
5549
5415
5279
5144
4941
4689
4469
4281
4046
3859
3731
3579
3366
3133
2894
2642
2365
2063
1761
1464
1077
745
456
126
-137
-315
-461
-605
-749
-900
-1088
-1309
-1527
-1803
-2112
-2428
-2768
-3138
-3501
-3791
-3953
-4012
-4005
-3979
-3921
-3843
-3769
-3688
-3606
-3553
-3508
-3481
-3481
-3486
-3470
-3453
-3434
-3400
-3387
-3375
-3366
-3348
-3368
-3385
-3425
-3492
-3546
-3580
-3588
-3620
-3650
-3702
-3803
-3872
-3899
-3951
-3987
-3946
-3835
-3674
-3511
-3376
-3247
-3070
-2926
-2768
-2568
-2338
-2105
-1898
-1688
-1453
-1193
-907
-559
-200
140
480
814
1108
1392
1676
1912
2145
2377
2563
2769
3020
3253
3430
3615
3826
4059
4257
4453
4636
4825
5044
5257
5413
5516
5587
5617
5554
5417
5154
4804
4592
4432
4210
4015
3899
3770
3629
3511
3422
3308
3201
3149
3131
3110
3068
2968
2794
2591
2369
2106
1867
1611
1321
994
645
286
1
-265
-547
-809
-1084
-1375
-1604
-1768
-1944
-2108
-2253
-2401
-2563
-2716
-2884
-3041
-3186
-3275
-3356
-3403
-3431
-3474
-3544
-3603
-3665
-3707
-3726
-3751
-3791
-3835
-3921
-3994
-4019
-4053
-4091
-4134
-4186
-4228
-4219
-4216
-4247
-4238
-4206
-4165
-4089
-4014
-4003
-4050
-4065
-4072
-3995
-3828
-3655
-3491
-3331
-3096
-2845
-2625
-2414
-2181
-1908
-1665
-1436
-1212
-1012
-834
-594
-297
-13
341
648
923
1221
1501
1784
2070
2326
2577
2814
3056
3313
3562
3844
4105
4356
4602
4807
5007
5199
5360
5532
5681
5826
6020
6167
6188
6153
6097
6001
5898
5778
5588
5420
5280
5068
4885
4718
4480
4206
3970
3787
3644
3555
3441
3212
2907
2511
2062
1603
1133
674
270
-138
-541
-849
-1096
-1316
-1478
-1555
-1664
-1789
-1888
-2041
-2223
-2347
-2510
-2732
-3004
-3271
-3486
-3609
-3648
-3689
-3706
-3722
-3730
-3740
-3731
-3723
-3727
-3740
-3757
-3784
-3783
-3791
-3823
-3832
-3872
-3905
-3918
-3965
-4015
-4034
-4058
-4084
-4089
-4087
-4107
-4108
-4104
-4122
-4135
-4158
-4199
-4184
-4097
-3950
-3801
-3613
-3371
-3094
-2829
-2621
-2426
-2177
-1899
-1624
-1353
-1083
-817
-565
-254
66
403
741
1037
1326
1617
1893
2144
2387
2628
2874
3136
3376
3626
3863
4136
4406
4661
4876
5079
5304
5514
5700
5886
6057
6169
6131
5961
5670
5335
5069
4830
4583
4411
4277
4123
3962
3858
3794
3686
3570
3456
3323
3240
3206
3099
2919
2669
2349
1983
1635
1260
919
603
307
67
-105
-242
-341
-391
-479
-618
-802
-1027
-1313
-1617
-1960
-2378
-2855
-3336
-3765
-4056
-4245
-4339
-4329
-4270
-4179
-4077
-4004
-3960
-3905
-3876
-3845
-3846
-3857
-3893
-3927
-3966
-4035
-4127
-4232
-4333
-4361
-4379
-4385
-4362
-4336
-4329
-4347
-4379
-4457
-4530
-4516
-4434
-4278
-4091
-3925
-3841
-3724
-3555
-3350
-3138
-2868
-2574
-2326
-2110
-1861
-1587
-1319
-990
-620
-290
90
471
813
1174
1523
1846
2155
2433
2724
2976
3179
3383
3625
3855
4064
4268
4507
4801
5088
5329
5550
5769
6015
6269
6469
6607
6712
6822
6881
6893
6869
6677
6460
6329
6127
5868
5638
5398
5101
4776
4468
4161
3885
3675
3475
3205
2911
2465
1885
1300
692
176
-288
-756
-1129
-1445
-1723
-1914
-1968
-1969
-1939
-1909
-1928
-2011
-2130
-2319
-2590
-2893
-3156
-3378
-3531
-3613
-3684
-3760
-3820
-3855
-3824
-3778
-3722
-3679
-3689
-3726
-3752
-3788
-3809
-3846
-3903
-3969
-4037
-4122
-4218
-4283
-4348
-4405
-4411
-4400
-4375
-4335
-4291
-4264
-4235
-4183
-4153
-4125
-4021
-3812
-3649
-3485
-3323
-3144
-2929
-2707
-2483
-2242
-1954
-1694
-1442
-1247
-1044
-819
-596
-377
-136
110
356
677
1000
1409
1786
2070
2343
2595
2830
3067
3348
3654
3913
4147
4361
4607
4844
5032
5227
5436
5580
5614
5583
5516
5415
5313
5242
5126
5089
5057
4980
4918
4831
4659
4469
4312
4127
3915
3724
3528
3332
3195
3129
3074
2915
2658
2359
2057
1762
1366
947
532
142
-198
-495
-777
-1086
-1348
-1590
-1814
-1970
-2169
-2377
-2584
-2828
-3041
-3227
-3394
-3518
-3634
-3727
-3795
-3846
-3859
-3877
-3905
-3946
-3966
-3964
-3976
-4005
-4032
-4095
-4092
-4105
-4153
-4214
-4277
-4356
-4404
-4429
-4473
-4522
-4527
-4551
-4539
-4472
-4451
-4410
-4335
-4293
-4184
-3995
-3823
-3638
-3395
-3109
-2835
-2608
-2401
-2220
-2047
-1867
-1650
-1425
-1204
-963
-658
-327
61
464
832
1228
1621
1987
2363
2715
3030
3344
3669
3957
4224
4490
4737
4985
5229
5455
5670
5866
6014
6175
6316
6448
6541
6645
6741
6778
6716
6501
6205
5971
5733
5468
5235
5060
4799
4598
4404
4116
3852
3504
3074
2600
2167
1754
1259
769
352
-134
-577
-871
-1170
-1529
-1884
-2206
-2513
-2735
-2865
-2939
-2973
-2992
-3061
-3158
-3228
-3304
-3345
-3398
-3479
-3578
-3698
-3797
-3880
-3941
-3962
-3990
-4040
-4077
-4132
-4192
-4250
-4307
-4376
-4434
-4491
-4561
-4598
-4643
-4658
-4650
-4655
-4660
-4641
-4646
-4648
-4599
-4560
-4497
-4333
-4114
-3927
-3694
-3459
-3230
-2977
-2670
-2313
-1978
-1668
-1378
-1090
-833
-550
-236
109
488
861
1232
1585
1909
2222
2539
2857
3174
3501
3816
4107
4393
4700
5003
5283
5528
5764
6008
6241
6412
6512
6587
6661
6715
6620
6406
6207
5984
5767
5609
5398
5167
4916
4657
4314
4009
3805
3577
3401
3274
3068
2718
2183
1670
1233
771
367
-13
-426
-789
-1094
-1383
-1613
-1764
-1953
-2079
-2173
-2300
-2398
-2545
-2730
-2924
-3149
-3408
-3620
-3774
-3851
-3864
-3846
-3818
-3825
-3878
-3908
-3916
-3917
-3930
-3968
-4037
-4083
-4063
-4080
-4122
-4166
-4232
-4257
-4255
-4294
-4303
-4311
-4337
-4313
-4240
-4190
-4131
-4069
-3986
-3837
-3658
-3483
-3265
-3030
-2817
-2610
-2407
-2194
-2011
-1870
-1675
-1424
-1156
-826
-479
-108
292
705
1140
1552
1968
2381
2776
3114
3466
3823
4170
4529
4845
5128
5389
5650
5907
6103
6220
6291
6332
6316
6216
6101
5970
5750
5530
5331
5116
4987
4858
4681
4529
4368
4175
4033
3938
3871
3766
3591
3414
3177
2879
2541
2195
1853
1471
994
537
61
-352
-712
-1072
-1437
-1766
-2100
-2422
-2728
-3052
-3311
-3505
-3672
-3802
-3914
-3993
-4020
-4006
-3985
-3982
-3974
-3984
-4019
-4063
-4089
-4111
-4137
-4155
-4175
-4212
-4208
-4211
-4245
-4246
-4259
-4304
-4329
-4337
-4361
-4319
-4247
-4255
-4272
-4253
-4268
-4169
-3910
-3650
-3419
-3244
-3139
-3049
-2942
-2819
-2672
-2461
-2245
-2027
-1777
-1590
-1411
-1196
-980
-688
-364
-44
316
669
1022
1369
1719
2065
2365
2659
2973
3288
3624
3969
4265
4548
4838
5088
5299
5494
5737
5920
6062
6163
6240
6274
6320
6385
6303
6099
5866
5604
5288
4962
4625
4244
4008
3869
3674
3550
3476
3360
3232
3095
2930
2704
2405
2038
1652
1228
727
292
-89
-431
-735
-1026
-1317
-1581
-1861
-2111
-2277
-2449
-2662
-2836
-3057
-3256
-3365
-3484
-3600
-3675
-3758
-3818
-3860
-3905
-3926
-3951
-3960
-3951
-3926
-3920
-3974
-4031
-4095
-4120
-4100
-4113
-4127
-4165
-4209
-4215
-4191
-4156
-4111
-4059
-3996
-3920
-3859
-3826
-3818
-3818
-3815
-3776
-3687
-3529
-3253
-2931
-2609
-2325
-2066
-1848
-1642
-1400
-1142
-868
-599
-333
-63
203
486
819
1200
1602
2027
2405
2734
3043
3360
3679
3994
4278
4572
4834
5110
5381
5646
5851
6015
6161
6302
6498
6601
6577
6564
6501
6359
6190
5990
5809
5647
5471
5254
5053
4895
4654
4401
4193
3947
3765
3622
3337
2955
2506
2057
1608
1173
845
581
312
17
-304
-650
-961
-1223
-1508
-1822
-2197
-2629
-3037
-3433
-3778
-4019
-4125
-4211
-4285
-4347
-4409
-4445
-4444
-4408
-4369
-4329
-4298
-4305
-4310
-4327
-4367
-4379
-4414
-4482
-4550
-4627
-4719
-4794
-4876
-4923
-4908
-4887
-4918
-4958
-5010
-5032
-4993
-4914
-4784
-4567
-4321
-4088
-3831
-3571
-3317
-3048
-2787
-2552
-2274
-1963
-1630
-1283
-913
-503
-108
315
755
1186
1631
2026
2381
2760
3125
3470
3821
4174
4487
4794
5073
5313
5575
5845
6079
6277
6459
6589
6682
6729
6666
6608
6473
6280
6136
5937
5777
5670
5435
5126
4857
4548
4237
3976
3699
3437
3235
3024
2720
2359
1926
1485
1011
494
57
-395
-841
-1228
-1587
-1900
-2097
-2221
-2274
-2329
-2439
-2539
-2729
-2974
-3243
-3506
-3751
-3945
-4048
-4120
-4184
-4258
-4323
-4359
-4357
-4334
-4312
-4306
-4342
-4375
-4388
-4397
-4404
-4412
-4454
-4482
-4488
-4505
-4516
-4489
-4516
-4543
-4549
-4551
-4539
-4493
-4421
-4300
-4122
-3928
-3766
-3548
-3257
-2937
-2664
-2418
-2198
-1920
-1599
-1260
-925
-557
-166
200
586
968
1297
1644
1968
2295
2651
2990
3302
3600
3870
4153
4445
4756
5045
5330
5612
5893
6183
6404
6543
6618
6612
6536
6441
6227
5996
5783
5522
5322
5173
4980
4785
4642
4409
4156
4003
3849
3677
3560
3405
3221
2965
2577
2145
1636
1098
595
102
-384
-831
-1235
-1608
-1901
-2182
-2418
-2601
-2818
-3012
-3198
-3422
-3627
-3839
-4016
-4121
-4175
-4224
-4268
-4281
-4288
-4275
-4264
-4298
-4353
-4415
-4505
-4570
-4606
-4670
-4737
-4800
-4848
-4857
-4849
-4864
-4836
-4784
-4807
-4837
-4798
-4774
-4638
-4418
-4225
-4019
-3764
-3537
-3335
-3106
-2846
-2607
-2392
-2167
-1905
-1619
-1329
-1027
-731
-384
-7
360
764
1171
1564
1953
2309
2662
2986
3296
3614
3948
4288
4639
4972
5274
5566
5837
6032
6236
6493
6696
6766
6881
6979
7001
6920
6666
6423
6196
5955
5789
5562
5367
5186
5027
4742
4450
4261
4062
3861
3605
3274
2883
2372
1805
1204
568
24
-455
-896
-1299
-1630
-1916
-2186
-2385
-2504
-2558
-2645
-2746
-2884
-3065
-3281
-3499
-3689
-3830
-3932
-4009
-4044
-4065
-4093
-4129
-4161
-4182
-4195
-4194
-4229
-4286
-4368
-4439
-4519
-4602
-4703
-4809
-4875
-4919
-4923
-4910
-4856
-4810
-4770
-4679
-4621
-4554
-4460
-4396
-4277
-4080
-3884
-3632
-3330
-3015
-2720
-2436
-2131
-1820
-1560
-1234
-875
-553
-219
106
442
815
1168
1523
1886
2272
2629
2977
3303
3624
3972
4311
4612
4905
5152
5384
5637
5902
6144
6334
6465
6580
6670
6716
6696
6624
6401
6132
5842
5490
5191
4966
4697
4444
4231
4003
3852
3795
3705
3551
3364
3084
2775
2455
2083
1681
1214
690
160
-311
-713
-1026
-1275
-1459
-1554
-1662
-1780
-1884
-2002
-2136
-2264
-2452
-2670
-2891
-3085
-3256
-3394
-3529
-3654
-3804
-3947
-4099
-4202
-4271
-4334
-4387
-4420
-4443
-4484
-4511
-4554
-4601
-4610
-4662
-4731
-4768
-4804
-4808
-4745
-4706
-4687
-4661
-4640
-4597
-4535
-4489
-4398
-4237
-4062
-3842
-3548
-3222
-2892
-2617
-2328
-2009
-1687
-1362
-1023
-657
-327
12
318
634
971
1285
1627
1953
2303
2638
2985
3321
3644
3937
4203
4491
4809
5134
5399
5651
5880
6086
6314
6522
6649
6717
6735
6740
6647
6431
6195
5950
5714
5502
5304
5068
4818
4586
4352
4155
4001
3811
3587
3323
2941
2524
2071
1630
1207
729
247
-173
-608
-1005
-1325
-1596
-1823
-2000
-2207
-2356
-2478
-2638
-2838
-3073
-3326
-3531
-3716
-3868
-3981
-4042
-4073
-4080
-4060
-4082
-4126
-4165
-4183
-4187
-4204
-4228
-4273
-4312
-4317
-4334
-4359
-4394
-4460
-4466
-4428
-4450
-4470
-4465
-4500
-4472
-4410
-4431
-4399
-4310
-4206
-4048
-3824
-3621
-3440
-3263
-3076
-2899
-2671
-2436
-2166
-1883
-1599
-1290
-990
-668
-305
80
507
915
1326
1719
2113
2481
2839
3141
3371
3597
3901
4251
4646
5009
5310
5526
5723
5881
6022
6056
5891
5768
5866
6117
6295
6238
6043
5864
5787
5679
5498
5298
5108
4917
4746
4629
4546
4415
4190
3978
3782
3549
3310
3084
2865
2601
2306
1917
1521
1129
710
331
-9
-392
-741
-1009
-1281
-1493
-1630
-1790
-1998
-2171
-2344
-2518
-2715
-2912
-3017
-3132
-3220
-3287
-3372
-3448
-3454
-3408
-3364
-3322
-3312
-3331
-3329
-3305
-3303
-3335
-3330
-3354
-3410
-3436
-3469
-3530
-3576
-3629
-3697
-3725
-3723
-3751
-3796
-3817
-3885
-3952
-3946
-3917
-3924
-3922
-3886
-3867
-3904
-3904
-3889
-3916
-3892
-3808
-3703
-3556
-3348
-3108
-2891
-2688
-2451
-2192
-1923
-1658
-1414
-1169
-908
-677
-452
-213
22
257
500
735
984
1261
1456
1630
1728
1807
1886
1963
2075
2179
2268
2303
2312
2312
2370
2472
2578
2670
2735
2866
3067
3216
3361
3466
3543
3608
3668
3694
3765
3871
3926
3977
4098
4223
4270
4328
4351
4325
4331
4291
4233
4196
4136
4094
4062
4004
3898
3786
3660
3556
3459
3311
3159
3014
2855
2667
2462
2289
2093
1909
1765
1564
1326
1131
922
683
392
84
-221
-527
-825
-1074
-1268
-1414
-1490
-1526
-1546
-1560
-1584
-1590
-1619
-1650
-1675
-1711
-1776
-1846
-1909
-2019
-2133
-2228
-2306
-2358
-2335
-2304
-2319
-2308
-2320
-2378
-2446
-2526
-2598
-2634
-2626
-2682
-2725
-2770
-2801
-2800
-2783
-2798
-2810
-2825
-2847
-2849
-2836
-2858
-2877
-2899
-2941
-2949
-2959
-2962
-2974
-2993
-2988
-2981
-3016
-3070
-3122
-3160
-3185
-3182
-3216
-3223
-3205
-3181
-3124
-3089
-3076
-3066
-3054
-2943
-2743
-2487
-2261
-1993
-1766
-1643
-1625
-1639
-1612
-1483
-1332
-1215
-1126
-1002
-840
-616
-323
-79
226
485
700
920
1066
1247
1379
1512
1687
1870
2057
2258
2449
2622
2838
3029
3212
3418
3597
3758
3930
4108
4286
4470
4574
4685
4794
4922
5047
5126
5216
5288
5300
5329
5320
5285
5224
5123
5040
4917
4762
4614
4430
4226
4015
3798
3572
3391
3146
2919
2748
2520
2317
2046
1779
1509
1174
801
342
-89
-498
-818
-1051
-1262
-1458
-1614
-1743
-1837
-1894
-1950
-2025
-2170
-2342
-2561
-2808
-3011
-3196
-3297
-3349
-3370
-3334
-3295
-3225
-3162
-3152
-3196
-3274
-3341
-3390
-3426
-3467
-3517
-3551
-3581
-3574
-3568
-3558
-3546
-3548
-3593
-3655
-3719
-3750
-3789
-3810
-3817
-3829
-3816
-3836
-3827
-3799
-3746
-3674
-3632
-3539
-3420
-3273
-3076
-2798
-2579
-2550
-2590
-2603
-2630
-2591
-2457
-2262
-2093
-1936
-1704
-1405
-1042
-658
-260
121
494
815
1087
1362
1561
1786
1959
2138
2304
2450
2603
2744
2937
3133
3330
3580
3828
4112
4357
4573
4808
5036
5262
5423
5543
5720
5856
5959
6002
6018
5981
5879
5771
5625
5498
5289
5098
4919
4694
4412
4167
3886
3655
3381
3084
2878
2628
2448
2196
1871
1527
1135
716
268
-167
-601
-967
-1236
-1455
-1630
-1780
-1873
-1923
-1929
-1963
-2009
-2171
-2380
-2614
-2826
-3006
-3176
-3322
-3442
-3520
-3566
-3576
-3567
-3571
-3575
-3607
-3637
-3686
-3751
-3809
-3861
-3864
-3885
-3893
-3950
-4000
-4021
-4098
-4176
-4279
-4333
-4386
-4446
-4517
-4563
-4540
-4496
-4439
-4370
-4300
-4203
-4100
-3874
-3600
-3217
-2792
-2522
-2477
-2469
-2246
-1904
-1539
-1191
-956
-686
-275
122
519
934
1352
1688
1974
2200
2325
2463
2520
2626
2721
2871
3029
3248
3537
3893
4294
4627
5065
5516
6069
6677
7213
7666
8024
8181
8088
7895
7750
7624
7481
7357
7017
6636
6116
5669
5343
5028
4775
4483
4196
3884
3567
3205
2847
2536
2336
2222
2134
1956
1708
1444
1157
904
671
358
-107
-700
-1280
-1740
-2064
-2294
-2501
-2686
-2839
-2907
-2879
-2694
-2501
-2350
-2228
-2111
-2012
-1967
-1998
-2079
-2199
-2307
-2432
-2624
-2769
-2811
-2851
-2883
-2973
-3117
-3268
-3348
-3440
-3499
-3451
-3492
-3676
-3774
-3741
-3711
-3681
-3511
-3387
-3258
-3140
-2957
-2672
-2374
-2007
-1660
-1264
-867
-393
41
482
894
1324
1668
1981
2334
2688
3057
3398
3808
4180
4573
4920
5283
5550
5772
5965
6088
6140
6137
6111
5959
5861
5807
5840
5765
5717
5599
5491
5388
5366
5292
5108
4879
4586
4337
4189
4039
3855
3553
3182
2837
2487
2165
1798
1463
1102
682
174
-347
-877
-1414
-1962
-2523
-3048
-3465
-3765
-3955
-4059
-4098
-4092
-4077
-4127
-4209
-4292
-4374
-4460
-4539
-4572
-4577
-4575
-4566
-4610
-4678
-4760
-4824
-4939
-5050
-5149
-5093
-4838
-4634
-4500
-4489
-4480
-4445
-4334
-4176
-3992
-3654
-3374
-3228
-3093
-2865
-2517
-2208
-1814
-1444
-1056
-606
-154
323
757
1259
1703
2169
2582
3005
3417
3807
4186
4551
4910
5268
5597
5877
6054
6225
6319
6359
6354
6244
6113
5985
5853
5711
5564
5437
5297
5204
5187
5250
5338
5311
5150
4972
4842
4575
4252
3847
3378
2906
2398
1863
1331
803
247
-347
-963
-1640
-2312
-2942
-3520
-4002
-4379
-4643
-4771
-4829
-4849
-4845
-4840
-4823
-4754
-4671
-4594
-4562
-4537
-4529
-4559
-4650
-4760
-4917
-5060
-5189
-5273
-5260
-5226
-5064
-4868
-4839
-4845
-4564
-4312
-4315
-4282
-4190
-4408
-4318
-4257
-4074
-3727
-3392
-3174
-3001
-2743
-2443
-2016
-1535
-1044
-584
-137
334
739
1208
1659
2141
2598
3048
3500
3955
4430
4863
5278
5691
6081
6403
6660
6860
6904
6898
6857
6775
6646
6554
6355
6187
6013
5747
5571
5305
5125
4995
4851
4692
4443
4178
3821
3496
3115
2726
2314
1896
1459
1015
512
-40
-624
-1204
-1783
-2382
-2920
-3380
-3727
-4043
-4241
-4343
-4280
-4138
-4061
-4148
-4365
-4594
-4796
-4964
-5056
-5104
-5139
-5200
-5308
-5451
-5566
-5676
-5743
-5718
-5441
-5100
-4887
-4724
-4607
-4436
-4403
-4237
-4053
-3851
-3532
-3235
-3088
-3010
-2924
-2801
-2617
-2427
-2166
-1790
-1309
-695
-90
587
1163
1734
2227
2692
3132
3629
4084
4423
4739
5048
5313
5584
5831
6122
6296
6357
6340
6352
6306
6234
6182
6191
6177
6186
6163
5988
5867
5675
5525
5309
5051
4772
4431
4064
3685
3392
3072
2751
2341
1830
1286
656
9
-687
-1375
-2093
-2802
-3477
-4029
-4535
-4855
-5084
-5109
-5035
-4929
-4883
-4872
-4899
-4982
-5090
-5184
-5247
-5272
-5272
-5258
-5286
-5347
-5423
-5564
-5670
-5595
-5186
-4843
-4810
-4840
-4793
-4683
-4370
-4118
-3936
-3789
-3605
-3356
-3168
-2989
-2761
-2478
-2218
-1962
-1628
-1302
-892
-444
57
574
1055
1554
2006
2451
2883
3336
3795
4237
4575
4872
5163
5462
5754
5992
6144
6283
6351
6466
6610
6662
6729
6814
6913
6921
6928
6960
6909
6824
6628
6435
6230
6012
5669
5282
4824
4338
3858
3433
2992
2508
1943
1348
742
80
-541
-1235
-2017
-2832
-3670
-4380
-4876
-5072
-5109
-5100
-5154
-5207
-5229
-5444
-5751
-6018
-6107
-6089
-6031
-6001
-6042
-6091
-6147
-6195
-6162
-6104
-5984
-5905
-5844
-5891
-5860
-5512
-5154
-4878
-4788
-4864
-4846
-4455
-3893
-3408
-2982
-2511
-2175
-1933
-1685
-1434
-1072
-721
-381
28
399
823
1206
1660
2108
2526
3045
3541
4091
4595
5019
5395
5699
5947
6092
6121
6113
6065
6065
5969
5874
5747
5828
5978
6081
6046
5994
5788
5642
5590
5408
5099
4735
4311
3909
3474
3039
2568
2080
1570
997
373
-272
-883
-1515
-2169
-2804
-3372
-3834
-4144
-4318
-4429
-4485
-4486
-4496
-4523
-4551
-4605
-4664
-4732
-4819
-4900
-4964
-5015
-5072
-5129
-5183
-5237
-5307
-5361
-5274
-4955
-4694
-4573
-4542
-4631
-4604
-4634
-4425
-4142
-3891
-3749
-3779
-3819
-3822
-3631
-3293
-2863
-2374
-1780
-1074
-356
342
1023
1597
2143
2592
2995
3461
3974
4482
4969
5423
5789
6080
6365
6723
7102
7381
7518
7522
7364
7207
7063
6908
6728
6575
6383
6072
5777
5436
5143
4820
4497
4123
3698
3283
2787
2265
1710
1115
438
-253
-926
-1575
-2217
-2857
-3456
-3836
-3973
-4027
-4080
-4118
-4146
-4188
-4175
-4131
-4085
-4065
-4056
-4055
-4082
-4091
-4090
-4129
-4254
-4479
-4734
-4864
-4894
-4812
-4677
-4638
-4577
-4639
-4719
-4735
-4642
-4526
-4363
-4247
-4015
-3781
-3668
-3554
-3417
-3226
-2940
-2536
-2150
-1697
-1171
-625
49
702
1339
1961
2476
3014
3563
4077
4576
5025
5478
5875
6248
6621
6832
6891
6852
6569
6322
6116
6039
6035
6137
6184
6066
5949
5841
5715
5565
5392
5256
5081
4874
4528
3985
3442
2934
2423
1937
1448
928
347
-291
-1004
-1779
-2587
-3278
-3743
-3876
-3860
-3921
-4142
-4415
-4625
-4770
-4994
-5302
-5517
-5616
-5612
-5596
-5568
-5574
-5610
-5678
-5778
-5845
-5877
-5895
-5984
-5985
-5600
-5165
-4848
-4598
-4637
-4665
-4682
-4418
-4156
-3787
-3379
-3087
-2766
-2477
-2136
-1731
-1339
-892
-415
117
625
1116
1545
1952
2445
2932
3488
4026
4509
4966
5352
5812
6335
6774
7108
7203
7234
7167
6967
6774
6705
6634
6570
6586
6524
6325
6127
5910
5698
5526
5321
4971
4513
3891
3220
2556
1940
1406
838
155
-559
-1244
-1912
-2612
-3345
-4046
-4615
-5014
-5163
-5166
-5091
-5036
-4991
-4951
-4914
-4860
-4788
-4702
-4605
-4519
-4488
-4556
-4682
-4901
-5100
-5293
-5466
-5514
-5252
-4877
-4674
-4794
-4917
-5131
-5226
-5046
-5010
-5058
-5065
-4952
-4713
-4442
-4238
-4007
-3700
-3286
-2795
-2255
-1663
-1030
-367
286
876
1417
1919
2409
2856
3295
3706
4110
4570
5008
5469
5932
