0
0
0
0
0
0
0
0
0
0
0
0
0
0
0
0
-2
-2
-25
-25
-88
-88
-198
-198
-348
-348
-526
-526
-734
-734
-993
-993
-1292
-1292
-1618
-1618
-1995
-1995
-2417
-2417
-2888
-2888
-3469
-3469
-4199
-4199
-5116
-5116
-6284
-6284
-7748
-7748
-9482
-9482
-11420
-11420
-13459
-13459
-15442
-15442
-17225
-17225
-18626
-18626
-19537
-19537
-19867
-19867
-19505
-19505
-18412
-18412
-16576
-16576
-14012
-14012
-10737
-10737
-6629
-6629
-1555
-1555
4544
4544
11742
11742
20059
20059
29493
29493
40110
40110
51921
51921
65057
65057
79620
79620
95612
95612
112967
112967
131537
131537
151033
151033
171262
171262
192046
192046
213075
213075
234088
234088
254875
254875
275226
275226
294930
294930
313782
313782
331619
331619
348392
364200
379035
392836
405576
417200
427601
436649
444290
450355
454633
456968
457247
455639
452200
446863
439633
430501
419422
406467
391639
374938
356505
336464
314840
291697
267182
241383
214442
186576
157915
128593
98735
68489
37954
7308
-23263
-53545
-83402
-112703
-141460
-169627
-197226
-224272
-250799
-276705
-301878
-326233
-349819
-372644
-394671
-415881
-436114
-455203
-473045
-489562
-504756
-518684
-531329
-542767
-553163
-562705
-571457
-579420
-586640
-593233
-599307
-604925
-610054
-614629
-618654
-622052
-624891
-627208
-629001
-630312
-631089
-631384
-631278
-630798
-630050
-628964
-627473
-625574
-623237
-620493
-617327
-613755
-609776
-605356
-600438
-595007
-589008
-582421
-575227
-567349
-558640
-549015
-538340
-526588
-513814
-500044
-485320
-469643
-453012
-435439
-416932
-397538
-377303
-356263
-334474
-312016
-288959
-265366
-241293
-216798
-191950
-166755
-141242
-115368
-89138
-62626
-35968
-9218
17571
44458
71448
98448
125439
152310
178760
204671
229951
254576
278540
301829
324459
346402
367435
387359
405966
423064
438544
452209
464022
474037
482221
488465
492781
495345
496277
495559
493269
489461
484266
477660
469586
459985
448847
436184
421996
406214
388890
370153
350084
328840
306535
283224
258934
233601
207271
179983
151699
122432
92309
61499
30180
-1462
-33198
-64858
-96340
-127527
-158344
-188733
-218733
-248307
-277416
-305900
-333655
-360517
-386357
-411097
-434835
-457416
-478668
-498326
-516146
-532113
-546219
-558622
-569538
-579036
-587260
-594386
-600555
-605914
-610659
-614953
-618854
-622351
-625487
-628318
-630936
-633387
-635642
-637628
-639270
-640486
-641219
-641379
-640953
-639886
-638146
-635810
-632904
-629391
-625252
-620508
-615094
-609049
-602360
-594971
-586905
-578179
-568738
-558556
-547632
-535893
-523300
-509805
-495450
-480350
-464609
-448340
-431578
-414328
-396606
-378449
-359880
-340903
-321497
-301608
-281179
-260205
-238609
-216380
-193495
-169855
-145389
-120031
-93747
-66685
-38942
-10696
17857
46518
75175
103560
131587
159206
186265
212721
238420
263283
287283
310341
332360
353273
373035
391612
408971
425049
439761
453093
464939
475236
483914
490953
496440
500377
502843
503912
503484
501381
497593
492208
485242
476647
466476
454781
441465
426442
409598
390922
370424
348232
324440
299139
272398
244276
214816
184168
152510
120068
87020
53620
20151
-13144
-46057
-78409
-110238
-141592
-172477
-202820
-232607
-261818
-290365
-318109
-345020
-371125
-396276
-420379
-443289
-464811
-484816
-503204
-519887
-534872
-548144
-559874
-570197
-579210
-587044
-593757
-599429
-604177
-608087
-611322
-613928
-615920
-617456
-618641
-619643
-620615
-621446
-622022
-622253
-622112
-621632
-620745
-619439
-617662
-615371
-612598
-609407
-605750
-601599
-596941
-591724
-585976
-579729
-572995
-565788
-558080
-549885
-541225
-532078
-522406
-512194
-501411
-490045
-478090
-465519
-452312
-438454
-423946
-408775
-392904
-376327
-359019
-340963
-322136
-302485
-281990
-260615
-238326
-215122
-190980
-165988
-140219
-113823
-86969
-59797
-32428
-4988
22472
50023
77821
105937
134352
162956
191610
220106
248082
275325
301710
327121
351454
374593
396307
416373
434545
450680
464656
476306
485703
493019
498432
502143
504382
505245
504757
503081
500189
496162
490980
484463
476492
466849
455368
442023
426726
409517
390273
368899
345474
320062
292686
263424
232402
199789
165812
130692
94752
58279
21520
-15181
-51555
-87283
-122109
-155989
-188995
-221302
-252950
-283899
-313984
-342969
-370649
-396937
-421801
-445234
-467215
-487697
-506542
-523631
-538835
-552111
-563486
-573078
-581017
-587528
-592830
-597143
-600593
-603304
-605347
-606956
-608295
-609433
-610505
-611508
-612452
-613333
-614087
-614719
-615188
-615458
-615516
-615377
-614992
-614342
-613332
-611899
-609979
-607510
-604420
-600613
-596045
-590726
-584756
-578146
-571011
-563370
-555216
-546555
-537318
-527470
-516977
-505815
-493961
-481412
-468109
-454085
-439354
-423932
-407820
-391033
-373528
-355283
-336235
-316308
-295462
-273721
-251126
-227783
-203747
-179126
-153984
-128328
-102212
-75704
-48727
-21116
7340
36487
66041
95777
125492
155058
184403
213372
241834
269686
296790
322951
348016
371836
394334
415397
434947
452880
469048
483327
495618
505931
514225
520429
524607
526760
526929
525108
521252
515363
507511
497744
486227
473015
458279
442030
424168
404715
383625
360971
336769
311022
283833
255307
225608
194868
163231
130848
97892
64467
30756
-3142
-37039
-70781
-104319
-137551
-170458
-203035
-235176
-266800
-297690
-327357
-355353
-381231
-404693
-425782
-444760
-462109
-478321
-493660
-508296
-522247
-535458
-547899
-559507
-570226
-580046
-589021
-597209
-604579
-611095
-616747
-621501
-625392
-628536
-631044
-632949
-634309
-635241
-635840
-636120
-636161
-636015
-635649
-635089
-634324
-633288
-631920
-630181
-628032
-625453
-622333
-618594
-614183
-608989
-603000
-596243
-588787
-580691
-571996
-562690
-552768
-542199
-530975
-519075
-506470
-493039
-478770
-463589
-447489
-430506
-412657
-393913
-374288
-353737
-332251
-309837
-286414
-262026
-236748
-210649
-183904
-156686
-129060
-101069
-72683
-43840
-14522
15301
45546
76092
106795
137486
168100
198438
228289
257305
285295
312117
337728
362138
385289
407202
427885
447218
465081
481400
496013
508807
519696
528623
535427
540140
542780
543401
542090
538808
533608
526502
517505
506745
494367
480494
465261
448634
430556
410974
389803
367101
342873
317151
290072
261735
232143
201390
169583
136819
103285
69129
34483
-433
-35419
-70295
-104948
-139226
-173059
-206317
-238821
-270509
-301316
-331082
-359821
-387386
-413674
-438620
-462061
-483938
-504189
-522802
-539709
-554877
-568232
-579911
-590021
-598674
-606025
-612199
-617285
-621286
-624309
-626435
-627801
-628602
-628883
-628713
-628197
-627462
-626604
-625617
-624423
-623026
-621375
-619437
-617222
-614711
-611881
-608738
-605218
-601354
-597108
-592479
-587477
-582095
-576304
-570043
-563291
-555989
-548072
-539570
-530457
-520739
-510421
-499459
-487863
-475590
-462611
-448881
-434458
-419375
-403654
-387272
-370258
-352680
-334561
-315892
-296627
-276701
-256077
-234732
-212561
-189558
-165739
-141104
-115765
-89868
-63497
-36829
-9933
17133
44227
71325
98430
125484
152367
178951
205122
230857
256058
280662
304569
327691
349930
371202
391411
410370
427892
443813
457959
470075
480051
487831
493372
496799
498283
497947
495769
491881
486408
479387
470800
460537
448593
434918
419454
402232
383230
362465
339989
315851
290131
262955
234438
204732
173916
142163
109730
76928
43940
10973
-21774
-54167
-86076
-117409
-148064
-178161
-207709
-236754
-265152
-292786
-319522
-345361
-370271
-394079
-416615
-437653
-456968
-474384
-489932
-503731
-515862
-526477
-535762
-543927
-551151
-557532
-563199
-568266
-572874
-577079
-580936
-584410
-587540
-590423
-593187
-595815
-598259
-600475
-602433
-604032
-605254
-606063
-606491
-606518
-606114
-605310
-604134
-602597
-600636
-598169
-595158
-591601
-587546
-582973
-577906
-572323
-566209
-559567
-552338
-544502
-536005
-526844
-516981
-506384
-495035
-482955
-470162
-456666
-442468
-427614
-412046
-395758
-378728
-360912
-342349
-323157
-303469
-283237
-262131
-239448
-214900
-188500
-160425
-131034
-100767
-69872
-38488
-6724
25104
56659
87843
118550
148719
178271
207098
235241
262788
289770
316208
342014
367105
391313
414398
436148
456354
474847
491428
505996
518568
529110
537553
543893
548043
550049
549858
547380
542610
535615
526413
515124
501803
486649
469773
451213
431076
409428
386263
361614
335491
307939
279013
248775
217412
185091
152012
118365
84295
49861
15144
-19758
-54761
-89648
-124258
-158380
-191902
-224722
-256738
-287761
-317620
-346205
-373476
-399433
-424088
-447411
-469293
-489619
-508271
-525164
-540319
-553790
-565671
-576131
-585391
-593662
-601060
-607684
-613640
-618950
-623615
-627596
-630808
-633190
-634763
-635624
-635935
-635768
-635192
-634249
-632929
-631325
-629463
-627354
-625018
-622421
-619513
-616319
-612771
-608825
-604515
-599803
-594674
-589133
-583186
-576866
-570167
-563052
-555456
-547309
-538521
-529015
-518759
-507707
-495917
-483405
-470207
-456393
-442032
-427104
-411617
-395544
-378852
-361533
-343570
-324959
-305759
-285998
-265713
-244897
-223476
-201342
-178387
-154380
-129203
-102646
-74591
-45129
-14416
17293
49389
81350
112747
143188
172544
200751
227874
254014
279139
303127
325950
347766
368786
389266
409279
428589
446845
463693
478839
492183
503783
513589
521577
527631
531627
533481
533269
530985
526367
519347
510063
498680
485393
470418
453831
435690
415991
394608
371594
347100
321164
293907
265371
235691
204971
173458
141389
108912
76213
43420
10776
-21579
-53687
-85577
-117300
-148865
-180271
-211513
-242549
-273236
-303481
-333104
-361872
-389464
-415746
-440597
-463885
-485406
-505058
-522728
-538428
-552246
-564356
-574863
-583838
-591430
-597813
-603247
-607955
-612048
-615608
-618532
-620884
-622791
-624348
-625626
-626595
-627251
-627602
-627606
-627262
-626555
-625477
-624073
-622303
-620161
-617679
-614826
-611510
-607673
-603255
-598233
-592626
-586448
-579672
-572261
-564175
-555395
-545961
-535834
-525027
-513543
-501328
-488334
-474611
-460162
-445029
-429265
-412887
-395928
-378394
-360268
-341579
-322392
-302713
-282544
-261796
-240435
-218399
-195617
-172041
-147617
-122222
-95922
-68822
-41097
-12837
15949
45178
74768
104598
134396
163880
192781
220857
248086
274470
299946
324535
348227
370970
392640
413108
432265
449960
466121
480598
493231
503848
512371
518761
522969
524952
524797
522572
518229
511796
503235
492425
479415
464279
447122
428056
407140
384528
360257
334341
306874
277985
247852
216701
184753
152329
119788
87399
55247
23317
-8428
-40125
-71942
-103961
-136265
-168784
-201452
-234032
-266140
-297417
-327407
-355995
-383076
-408414
-431738
-452899
-471838
-488376
-502510
-514374
-524159
-532239
-538816
-544083
-548324
-551837
-554908
-557753
-560552
-563424
-566339
-569211
-572096
-575005
-577827
-580558
-583218
-585683
-587784
-589318
-590129
-590114
-589277
-587651
-585294
-582273
-578680
-574660
-570342
-565839
-561209
-556421
-551471
-546400
-541225
-535917
-530493
-524925
-519099
-512899
-506275
-499252
-491916
-484315
-476451
-468278
-459753
-450867
-441601
-431824
-421328
-409911
-397420
-383730
-368792
-352550
-335018
-316224
-296246
-275233
-253297
-230465
-206737
-182099
-156549
-130141
-102979
-75151
-46786
-17994
11013
40007
68794
97094
124729
151531
177419
202512
226951
250871
274280
297078
319187
340487
360842
380091
398133
414958
430563
444900
457911
469531
479637
488142
494942
499930
503000
504031
503003
499853
494562
487103
477400
465464
451329
435009
416580
396094
373613
349274
323166
295405
266176
235689
204122
171481
137894
103532
68484
33028
-2688
-38352
-73761
-108804
-143255
-176904
-209599
-241195
-271656
-300910
-328909
-355651
-381120
-405349
-428328
-450024
-470366
-489205
-506295
-521441
-534614
-545873
-555509
-563760
-570808
-576897
-582194
-586818
-590850
-594336
-597264
-599609
-601386
-602670
-603600
-604325
-604866
-605227
-605397
-605317
-604904
-604097
-602808
-601035
-598753
-595953
-592696
-588974
-584785
-580128
-574970
-569352
-563289
-556835
-550035
-542896
-535363
-527415
-518905
-509648
-499582
-488726
-477142
-464991
-452363
-439301
-425887
-412111
-397928
-383297
-368176
-352524
-336335
-319623
-302483
-284947
-266978
-248595
-229747
-210391
-190485
-169917
-148659
-126725
-104000
-80411
-55895
-30418
-4041
23176
51157
79713
108681
137877
167026
196044
224930
253537
281657
308950
335110
359762
382678
403671
422582
439296
453790
466081
476266
484471
490706
495039
497515
498114
496898
493862
488968
482165
473436
462879
450646
436957
422137
406337
389644
372023
353423
333752
312963
291067
268038
243828
218427
191852
164115
135266
105311
74397
42702
10461
-22024
-54562
-86967
-119107
-150981
-182584
-213837
-244542
-274436
-303466
-331626
-358860
-385099
-410195
-433937
-456138
-476780
-495950
-513780
-530292
-545621
-559957
-573476
-586267
-598120
-608719
-617843
-625324
-631291
-635942
-639372
-641880
-643722
-645090
-646095
-646764
-647120
-647217
-647024
-646554
-645771
-644652
-643250
-641605
-639737
-637619
-635176
-632324
-628975
-625016
-620448
-615247
-609364
-602767
-595378
-587174
-578139
-568249
-557503
-545915
-533520
-520366
-506422
-491629
-475882
-459081
-441163
-422049
-401710
-380085
-357267
-333491
-309020
-284058
-258785
-233339
-207935
-182654
-157513
-132584
-107756
-82915
-57962
-32805
-7350
18486
44824
71719
99147
127070
155402
183985
212672
241248
269451
297007
323654
349189
373359
396043
417142
436637
454528
470776
485384
498278
509499
519001
526714
532546
536533
538673
539064
537833
534929
530147
523425
514770
504273
491894
477620
461464
443363
423340
401396
377562
351998
324753
295914
265554
233760
200718
166738
132186
97427
62720
28206
-6016
-39937
-73525
-106826
-139958
-172986
-205947
-238780
-271279
-303092
-333748
-362902
-390338
-415853
-439412
-461057
-480832
-498726
-514721
-528926
-541501
-552575
-562322
-570938
-578667
-585736
-592220
-598148
-603474
-608202
-612400
-616095
-619309
-622066
-624415
-626398
-627990
-629185
-629949
-630268
-630133
-629530
-628468
-626960
-624971
-622527
-619545
-615955
-611687
-606757
-601238
-595207
-588792
-582086
-575186
-568163
-561113
-554106
-547190
-540299
-533268
-525935
-518103
-509552
-500110
-489559
-477767
-464773
-450617
-435345
-418965
-401425
-382799
-363141
-342522
-321015
-298762
-275841
-252422
-228534
-204196
-179449
-154303
-128775
-102928
-76871
-50664
-24395
1967
28400
54905
81383
107714
133833
159710
185259
210479
235340
259762
283701
306993
329441
350889
371245
390441
408439
425143
440489
454381
466746
477548
486769
494389
500353
504588
506910
507141
505287
501347
495298
487163
476914
464572
450202
433889
415715
395743
374097
350905
326278
300290
273013
244574
215074
184687
153647
122099
90175
57971
25504
-7130
-39907
-72756
-105587
-138339
-170807
-202726
-233847
-264013
-293135
-321147
-347995
-373491
-397543
-420041
-440780
-459675
-476768
-492171
-506015
-518379
-529324
-538951
-547416
-554863
-561468
-567393
-572805
-577790
-582412
-586662
-590631
-594384
-597880
-601058
-603842
-606177
-608029
-609348
-610156
-610484
-610329
-609750
-608784
-607409
-605635
-603456
-600876
-597918
-594594
-590850
-586628
-581794
-576187
-569824
-562870
-555370
-547346
-538821
-529844
-520431
-510566
-500108
-488856
-476700
-463648
-449686
-434801
-419040
-402517
-385372
-367707
-349583
-330965
-311795
-292002
-271468
-250096
-227873
-204769
-180822
-156032
-130434
-104118
-77151
-49518
-21369
7096
35761
64522
93283
122108
150868
179423
207574
235118
261924
287921
312985
336962
359691
380938
400629
418547
434459
448293
460064
469992
478218
484771
489574
492480
493543
492938
490691
486718
480927
473331
463906
452664
439678
424954
408571
390560
370918
349730
327011
302842
277371
250673
222917
194336
165076
135391
105451
75338
45127
14855
-15527
-45969
-76322
-106478
-136358
-165936
-195125
-223855
-252118
-279823
-306864
-333218
-358729
-383157
-406349
-428137
-448364
-466730
-483163
-497689
-510362
-521273
-530374
-537755
-543651
-548225
-551723
-554374
-556403
-557964
-559232
-560337
-561329
-562174
-562885
-563517
-564157
-564886
-565589
-566190
-566639
-566908
-567004
-566868
-566441
-565723
-564726
-563467
-561943
-560139
-558024
-555540
-552651
-549316
-545557
-541283
-536392
-530817
-524492
-517398
-509518
-500799
-491186
-480727
-469444
-457389
-444599
-431184
-417235
-402873
-388114
-372968
-357405
-341393
-324922
-307982
-290557
-272640
-254249
-235325
-215724
-195347
-174148
-152091
-129086
-105086
-80210
-54535
-28175
-1249
26112
53655
81175
108460
135329
161680
187385
212324
236519
259901
282368
303886
324345
343660
361752
378546
393987
408053
420660
431762
441249
449007
454960
458865
460490
459641
456235
450277
441865
430987
417685
402260
384966
365965
345575
324027
301697
278836
255675
232375
209028
185595
162009
138178
113997
89392
64254
38489
11984
-15297
-43324
-72035
-101285
-130764
-160222
-189365
-217904
-245724
-272622
-298438
-323210
-346808
-368993
-389616
-408522
-425730
-441503
-456054
-469688
-482535
-494720
-506380
-517565
-528345
-538718
-548604
-557963
-566720
-574790
-582091
-588589
-594253
-599043
-602874
-605777
-607819
-609059
-609507
-609197
-608257
-606716
-604603
-602015
-599070
-595845
-592347
-588582
-584593
-580417
-576121
-571669
-566988
-561903
-556290
-550043
-543157
-535626
-527454
-518616
-509130
-499003
-488254
-476930
-465007
-452420
-439152
-425149
-410368
-394815
-378469
-361363
-343489
-324790
-305254
-284908
-263762
-241857
-219212
-195868
-171989
-147689
-123076
-98220
-73121
-47795
-22300
3252
28742
54053
79098
103766
128163
152462
176615
200589
224380
247852
270798
293013
314307
334628
353876
371994
388930
404574
418874
431821
443440
453865
463213
471664
479367
486406
492700
498002
502114
504653
505351
504005
500424
494535
486340
475807
462906
447594
429878
409760
387278
362563
335852
307460
277775
246981
215299
183012
150433
117834
85390
53237
21444
-9976
-41048
-71860
-102600
-133319
-164001
-194695
-225432
-256151
-286663
-316698
-345923
-374028
-400657
-425547
-448485
-469406
-488406
-505613
-521297
-535696
-548815
-560759
-571562
-581379
-590421
-598837
-606740
-614111
-620944
-627263
-633017
-638258
-643059
-647445
-651496
-655149
-658434
-661261
-663617
-665467
-666688
-667280
-667225
-666514
-665225
-663346
-660941
-658012
-654565
-650644
-646256
-641419
-636198
-630525
-624375
-617684
-610422
-602535
-593876
-584304
-573715
-562061
-549314
-535463
-520523
-504496
-487427
-469347
-450269
-430251
-409273
-387355
-364536
-340840
-316345
-291015
-264862
-238024
-210552
-182513
-154001
-125010
-95637
-65971
-36110
-6147
23860
53957
84133
114470
145033
175789
206641
237347
267615
297171
325700
352949
378743
402876
425221
445697
464203
480654
494980
507166
517160
524999
530677
534297
535920
535650
533644
529970
524529
517163
507824
496480
483290
468433
451971
434119
414982
394653
373224
350716
327209
302680
277050
250250
222294
193151
162861
131404
98919
65524
31408
-3284
-38270
-73362
-108269
-142763
-176607
-209588
-241601
-272552
-302387
-331249
-359161
-386118
-411978
-436547
-459630
-480954
-500358
-517729
-532984
-546217
-557531
-567157
-575357
-582307
-588121
-592873
-596669
-599473
-601424
-602572
-602952
-602605
-601685
-600301
-598523
-596416
-593985
-591268
-588332
-585275
-582168
-579091
-576071
-573130
-570201
-567203
-564074
-560776
-557228
-553400
-549213
-544603
-539509
-533876
-527665
-520870
-513474
-505472
-496761
-487305
-477090
-466098
-454307
-441687
-428218
-413915
-398788
-382844
-366114
-348590
-330355
-311457
-291901
-271766
-251053
-229754
-207904
-185509
-162584
-139123
-115067
-90391
-65118
-39210
-12632
14593
42369
70351
98164
125395
151780
176991
200828
223305
244568
264808
284394
303606
322476
340942
358756
375653
391295
405497
418093
428967
437910
444684
449198
451521
451778
450035
446225
440641
433378
424473
413942
401718
387919
372623
355823
337542
317704
296393
273762
249930
225081
199227
172340
144406
115479
85683
55080
23769
-8077
-40065
-71849
-103083
-133622
-163338
-192198
-220266
-247497
-273808
-299142
-323479
-346775
-368957
-389944
-409593
-427727
-444284
-459254
-472553
-484310
-494682
-503874
-511977
-519134
-525392
-530812
-535476
-539465
-542938
-546028
-548908
-551881
-555246
-559098
-563476
-568341
-573552
-578909
-584241
-589358
-594141
-598347
-601849
-604635
-606712
-608099
-608811
-608768
-607962
-606389
-604113
-601123
-597331
-592688
-587172
-580779
-573517
-565383
-556428
-546682
-536156
-524834
-512701
-499739
-485945
-471297
-455720
-439172
-421623
-403060
-383445
-362758
-341051
-318278
-294423
-269514
-243514
-216488
-188466
-159422
-129460
-98593
-66975
-34842
-2405
30016
62293
94360
126073
157285
187938
217879
246946
274945
301851
327773
352759
376936
400316
422724
443856
463347
480831
496052
508859
519205
527150
532826
536321
537543
536459
533097
527441
519528
509391
496950
482337
465664
447039
426648
404463
380537
354958
327783
299149
269175
238011
205894
172944
139304
105185
70827
36514
2481
-31024
-63806
-95776
-127005
-157496
-187134
-215812
-243404
-269799
-294969
-318999
-342187
-364752
-386710
-407995
-428485
-448088
-466750
-484405
-501026
-516600
-531180
-544899
-557789
-569790
-580789
-590822
-599998
-608382
-615941
-622661
-628584
-633764
-638180
-641765
-644536
-646487
-647450
-647357
-646382
-644616
-642236
-639404
-636232
-632753
-628964
-624790
-620151
-614943
-609086
-602441
-594895
-586473
-577248
-567342
-556824
-545739
-534129
-522008
-509326
-495993
-481847
-466786
-450769
-433785
-415878
-397068
-377368
-356818
-335435
-313205
-290103
-266033
-241022
-215114
-188436
-161152
-133345
-105086
-76591
-47944
-19143
9877
39053
68227
97242
126000
154266
181924
208894
235184
260846
285932
310437
334282
357374
379544
400667
420545
438956
455665
470455
483134
493573
501730
507623
511265
512658
511817
508787
503662
496569
487524
476506
463542
448692
432065
413663
393613
371941
348651
323826
297594
270090
241477
211847
181224
149698
117353
84294
50583
16403
-18098
-52692
-87171
-121290
-154802
-187533
-219408
-250464
-280729
-310085
-338523
-365962
-392232
-417224
-440876
-463024
-483462
-502005
-518541
-533131
-545844
-556809
-566211
-574275
-581181
-587097
-592184
-596612
-600496
-603923
-606863
-609238
-611218
-613116
-614999
-616765
-618331
-619688
-620744
-621492
-621920
-622042
-621857
-621353
-620512
-619289
-617666
-615560
-612909
-609638
-605682
-601001
-595571
-589377
-582370
-574535
-565847
-556305
-545887
-534592
-522402
-509357
-495507
-480900
-465512
-449408
-432631
-415191
-397090
-378309
-358811
-338592
-317650
-295964
-273462
-250081
-225888
-200918
-175187
-148671
-121329
-93104
-63911
-33612
-2015
31010
65318
100624
136398
172059
207147
241239
274032
305320
334906
362624
388378
412139
433957
453938
472139
488635
503496
516830
528629
538672
546865
553202
557563
559823
559907
557843
553545
547022
538246
527181
513867
498362
480761
461089
439306
415393
389361
361352
331400
299646
266260
231493
195461
158335
120339
81772
42846
3748
-35316
-74280
-113087
-151746
-190232
-228429
-266305
-303614
-340053
-375283
-408956
-440811
-470513
-497908
-522863
-545182
-564854
-581861
-596277
-608406
-618464
-626925
-634072
-640242
-645709
-650658
-655162
-659260
-663047
-666529
-669683
-672437
-674757
-676628
-677846
-678297
-677937
-676791
-674922
-672302
-668947
-664814
-659909
-654224
-647743
-640498
-632517
-623776
-614213
-603776
-592428
-580132
-566906
-552769
-537813
-522180
-506005
-489439
-472689
-455835
-438939
-421998
-404932
-387690
-370182
-352260
-333874
-314919
-295335
-275067
-254099
-232454
-210086
-186937
-163026
-138334
-112868
-86656
-59695
-32037
-3822
24933
54092
83485
112906
142181
171026
199198
226519
253000
278661
303547
327646
350970
373448
394949
415332
434542
452475
468956
483808
496840
507935
516915
523631
528085
530303
530349
528289
524167
517920
509583
499186
486899
472867
457176
440006
421449
401547
380389
357912
334162
309073
282719
255177
226549
196887
166201
134499
101842
68415
34408
-6
-34727
-69631
-104688
-139730
-174673
-209437
-243863
-277733
-310768
-342792
-373565
-402854
-430354
-455989
-479801
-501885
-522466
-541696
-559768
-576735
-592516
-607018
-620156
-631938
-642463
-651754
-659769
-666532
-672057
-676365
-679547
-681704
-683055
-683884
-684412
-684676
-684679
-684461
-684058
-683419
-682508
-681215
-679478
-677259
-674558
-671296
-667359
-662694
-657332
-651249
-644426
-636867
-628581
-619570
-609821
-599286
-587943
-575821
-562901
-549148
-534525
-518926
-502253
-484422
-465339
-444964
-423279
-400277
-375997
-350507
-323978
-296549
-268288
-239337
-209779
-179656
-149021
-117828
-86109
-53986
-21534
11049
43642
76062
108065
139480
170120
199864
228622
256365
283134
308968
333915
357962
381034
402994
423688
442909
460508
476434
490583
502723
512796
520643
526110
529277
530277
529083
525689
520164
512666
503343
492185
479063
463899
446589
427259
406216
383743
360066
335390
309819
283461
256318
228492
200123
171244
141910
112085
81722
50764
19037
-13525
-46997
-81263
-116028
-151027
-185923
-220437
-254369
-287426
-319412
-350117
-379358
-406949
-432703
-456504
-478292
-498027
-515773
-531658
-546032
-559066
-570865
-581486
-590953
-599307
-606602
-612858
-618098
-622353
-625681
-628173
-630005
-631362
-632226
-632519
-632240
-631352
-629894
-627907
-625449
-622549
-619282
-615656
-611636
-607198
-602213
-596632
-590427
-583604
-576073
-567789
-558686
-548713
-537870
-526146
-513487
-499904
-485423
-470063
-453874
-436931
-419272
-400942
-381914
-362165
-341781
-320796
-299303
-277294
-254663
-231318
-207252
-182537
-157320
-131693
-105794
-79611
-53151
-26573
27
26506
52823
78867
104532
129768
154591
179015
203019
226627
249814
272453
294435
315709
336122
355445
373337
389508
403704
415920
426128
434411
440855
445439
448147
449000
448118
445660
441556
435693
428030
418533
407157
393735
378311
360906
341582
320515
297872
273835
248600
222327
195122
167052
138200
108602
78299
47354
15906
-16000
-48222
-80651
-113164
-145706
-178181
-210354
-242150
-273357
-303770
-333218
-361596
-388817
-414816
-439441
-462388
-483268
-501947
-518399
-532714
-545036
-555487
-564179
-571094
-576324
-580073
-582480
-583724
-583998
-583463
-582345
-580791
-579011
-577160
-575443
-573880
-572482
-571190
-569918
-568581
-567052
-565269
-563168
-560643
-557683
-554297
-550500
-546250
-541519
-536191
-530143
-523303
-515650
-507157
-497793
-487553
-476425
-464426
-451579
-437886
-423399
-408169
-392242
-375587
-358263
-340348
-321938
-303053
-283717
-263910
-243606
-222754
-201395
-179566
-157246
-134396
-110938
-86830
-62100
-36835
-11150
14856
40913
66864
92529
117804
142614
166832
190473
213538
235988
257699
278504
298250
316894
334506
351177
366916
381694
395375
407786
418747
428049
435550
441116
444750
446344
445873
443307
438513
431441
422021
410194
395946
379249
360068
338437
314580
288788
261260
232120
201443
169306
135840
101236
65894
30098
-5850
-41702
-77183
-112184
-146736
-180903
-214765
-248333
-281508
-314041
-345728
-376203
-405037
-431847
-456184
-477717
-496212
-511799
-524601
-534794
-542640
-548346
-552275
-554667
-555954
-556495
-556600
-556603
-556790
-557401
-558501
-560087
-562153
-564574
-567208
-569946
-572739
-575403
-577803
-579899
-581535
-582665
-583226
-583133
-582272
-580644
-578235
-575058
-571124
-566485
-561163
-555154
-548468
-541137
-533241
-524851
-515972
-506592
-496698
-486229
-475190
-463546
-451231
-438214
-424467
-409959
-394615
-378373
-361190
-343016
-323893
-303817
-282816
-260916
-238200
-214684
-190393
-165376
-139707
-113409
-86521
-59160
-31314
-3148
25236
53771
82362
110895
139128
166866
194012
220451
246231
271359
295792
319462
342345
364345
385322
405155
423615
440555
455823
469256
480733
490124
497314
502140
504548
504541
502062
497231
490102
480569
468539
454024
437139
418023
396851
373763
348829
322297
294414
265405
235532
204883
173592
141761
109478
76750
43523
9784
-24510
-59373
-94779
-130634
-166770
-202903
-238638
-273670
-307778
-340750
-372353
-402449
-430768
-457015
-480919
-502233
-520956
-537258
-551527
-564042
-575058
-584927
-593855
-602041
-609570
-616505
-622933
-628900
-634332
-639081
-643010
-646319
-649144
-651504
-653300
-654555
-655289
-655508
-655182
-654197
-652469
-649901
-646395
-641990
-636723
-630623
-623736
-616053
-607552
-598275
-588175
-577268
-565582
-553101
-539826
-525722
-510718
-494794
-477940
-460153
-441494
-422002
-401666
-380531
-358633
-335969
-312596
-288561
-263955
-238858
-213363
-187523
-161395
-135045
-108464
-81633
-54454
-26866
1102
29415
58015
86800
115567
144010
171924
199231
226027
252385
278278
303566
328004
351424
373691
394776
414680
433391
450891
467025
481623
494468
505413
514307
521080
525678
528056
528092
525683
520777
513377
503602
491580
477413
461205
443064
423109
401451
378273
353654
327692
300459
271955
242173
211107
178861
145540
111335
76414
40884
4817
-31669
-68395
-105142
-141777
-178079
-213840
-248909
-283032
-315988
-347602
-377666
-405977
-432402
-456995
-479834
-500919
-520255
-537886
-553819
-568011
-580568
-591611
-601372
-610135
-618146
-625511
-632278
-638340
-643648
-648052
-651412
-653666
-654889
-655280
-654931
-653806
-651934
-649375
-646157
-642340
-637991
-633105
-627696
-621800
-615438
-608625
-601382
-593688
-585526
-576886
-567758
-558127
-547962
-537205
-525786
-513673
-500830
-487311
-473088
-458169
-442549
-426318
-409606
-392516
-375112
-357426
-339472
-321301
-302855
-284112
-264990
-245366
-225204
-204445
-183085
-161135
-138517
-115198
-91187
-66485
-41103
-15077
11592
38728
66344
94396
122718
151080
179285
207108
234313
260766
286391
310992
334479
356582
377081
395794
412673
427587
440575
451760
461377
469454
476166
481452
485316
487758
488666
487843
485055
480171
473121
463818
452282
438519
422560
404491
384400
362381
338512
312913
285727
257014
226885
195479
162904
129311
94799
59435
23383
-13148
-49988
-87030
-124043
-160865
-197452
-233644
-269237
-303990
-337551
-369733
-400528
-429760
-457268
-482683
-505616
-526042
-544120
-560059
-574001
-586162
-596874
-606357
-614841
-622501
-629412
-635644
-641237
-646159
-650493
-654217
-657375
-660079
-662337
-664117
-665414
-666098
-666032
-665166
-663491
-661038
-657812
-653833
-649143
-643737
-637617
-630797
-623274
-615066
-606217
-596728
-586589
-575760
-564223
-551906
-538792
-524861
-510123
-494511
-477871
-460282
-442010
-423136
-403664
-383629
-363103
-342117
-320627
-298208
-274536
-249667
-223755
-196979
-169638
-142009
-114352
-86773
-59334
-32053
-4869
22206
49189
76073
102909
129727
156468
183160
209761
236161
262221
287714
312393
336072
358537
379648
399234
417241
433615
448329
461331
472568
481836
489087
494205
497063
497598
495856
491864
485775
477775
468018
456475
443161
428185
411577
393371
373688
352590
330132
306368
281441
255488
228600
200814
172210
142910
112856
81966
50301
17980
-14923
-48110
-81368
-114517
-147411
-179926
-211860
-243141
-273722
-303563
-332533
-360498
-387358
-412900
-436882
-458980
-478995
-496924
-512867
-527091
-539890
-551596
-562457
-572655
-582303
-591442
-600112
-608369
-616238
-623677
-630687
-637320
-643553
-649312
-654446
-658772
-662233
-664775
-666400
-667159
-667006
-666024
-664254
-661746
-658496
-654453
-649589
-643847
-637177
-629541
-620927
-611317
-600756
-589248
-576866
-563680
-549702
-534899
-519264
-502770
-485346
-467007
-447753
-427574
-406435
-384313
-361221
-337209
-312325
-286587
-260000
-232529
-204158
-174888
-144794
-113966
-82528
-50734
-18819
13073
44739
76030
106760
136830
166194
194830
222747
249914
276354
302080
327112
351477
375115
397878
419475
439607
458022
474421
488612
500556
510258
517801
523192
526402
527372
526005
522030
515315
505868
493849
479337
462416
443323
422231
399281
374713
348613
321138
292335
262321
231145
199008
166106
132612
98700
64534
30138
-4429
-39126
-73883
-108561
-142986
-176909
-210029
-242127
-272977
-302332
-330068
-356137
-380435
-402830
-423505
-442581
-460223
-476512
-491630
-505700
-518783
-531034
-542709
-554066
-565283
-576088
-586396
-596485
-606279
-615471
-623937
-631594
-638356
-644208
-649119
-652953
-655664
-657210
-657656
-656998
-655228
-652428
-648656
-643967
-638458
-632207
-625291
-617738
-609510
-600603
-591002
-580639
-569538
-557754
-545335
-532241
-518399
-503845
-488616
-472748
-456236
-439134
-421487
-403295
-384478
-364994
-344789
-323810
-302067
-279565
-256312
-232266
-207402
-181691
-155075
-127526
-99038
-69714
-39730
-9265
21545
52614
83811
114969
145915
176431
206324
235419
263553
290547
316267
340693
363779
385499
405785
424581
441895
457680
471791
484083
494251
502012
507230
509716
509501
506738
501542
493840
483553
470767
455734
438603
419492
398620
376234
352628
327902
302138
275376
247786
219545
190869
161885
132432
102281
71114
38711
5032
-29763
-65290
-101284
-137501
-173659
-209530
-244912
-279595
-313462
-346120
-377235
-406534
-433604
-458233
-480560
-500890
-519433
-536464
-552198
-566766
-580357
-593124
-605171
-616454
-626908
-636413
-644914
-652455
-659126
-664948
-670072
-674529
-678288
-681427
-683950
-685692
-686519
-686373
-685180
-682982
-679798
-675651
-670586
-664617
-657741
-649977
-641348
-631892
-621556
-610288
-598067
-584996
-571091
-556282
-540577
-523974
-506502
-488143
-468819
-448465
-427017
-404401
-380607
-355590
-329318
-301781
-272942
-242822
-211436
-178863
-145334
-111032
-76160
-40949
-5599
29562
64302
98390
131621
163796
194757
224306
252298
278691
303510
326833
348705
369257
388759
407477
425684
443460
460875
477752
493641
508121
520738
531121
538979
544072
546256
545555
541943
535503
526407
514753
500662
484220
465420
444215
420643
394824
366951
337152
305649
272715
238721
203983
168876
133670
98621
63784
28965
-6138
-41826
-78170
-115164
-152384
-189242
-225454
-260820
-295032
-327797
-358910
-388417
-416309
-442486
-467024
-489958
-511312
-531284
-549941
-566976
-582030
-595127
-606469
-616384
-625004
-632358
-638424
-643279
-647038
-649766
-651496
-652207
-651994
-650920
-649122
-646821
-644049
-640739
-636823
-632245
-627025
-621204
-614774
-607768
-600210
-592157
-583634
-574693
-565355
-555603
-545429
-534825
-523777
-512277
-500312
-487820
-474727
-460984
-446609
-431636
-416065
-399826
-382819
-364977
-346398
-327151
-307284
-286785
-265655
-243963
-221808
-199236
-176316
-153164
-129819
-106252
-82370
-58045
-33289
-8189
17190
42687
68171
93447
118311
142579
165996
188385
209444
228971
246853
263011
277521
290577
302448
313524
323998
333855
342957
351141
358339
364501
369620
373663
376604
378309
378659
377489
374490
369417
362252
352930
341399
327668
311786
293899
274187
252741
229730
205398
179962
153573
126291
98272
69656
40596
11189
-18532
-48494
-78539
-108474
-138074
-166946
-194916
-221998
-248011
-272890
-296573
-319225
-340941
-361620
-381197
-399629
-416745
-432403
-446580
-459397
-471000
-481514
-491167
-500149
-508555
-516463
-523890
-530918
-537630
-544009
-550057
-555666
-560744
-565359
-569446
-573104
-576416
-579386
-581992
-584097
-585645
-586623
-586929
-586536
-585485
-583721
-581142
-577746
-573556
-568501
-562536
-555646
-547808
-538987
-529191
-518410
-506696
-494068
-480609
-466392
-451375
-435535
-418870
-401374
-383087
-364038
-344264
-323825
-302777
-281122
-258873
-236039
-212643
-188731
-164358
-139605
-114485
-89041
-63311
-37352
-11228
14967
41206
67537
93929
120181
146182
171812
196970
221564
245525
268794
291338
313122
334142
354359
373664
391964
409131
424996
439300
451795
462205
470354
476122
479401
480077
478188
473695
466521
456613
443921
428556
410818
390937
369279
346081
321655
296486
270868
244963
218780
192240
165267
137644
109269
80031
49938
19130
-12241
-43942
-75738
-107516
-139280
-170866
-202059
-232682
-262510
-291208
-318489
-343961
-367017
-387342
-404755
-419610
-432476
-443821
-454011
-463330
-472086
-480583
-489046
-497619
-506407
-515452
-524724
-534030
-543014
-551442
-559249
-566432
-572963
-578870
-584194
-588956
-593120
-596692
-599685
-602117
-604004
-605307
-606045
-606199
-605794
-604852
-603398
-601477
-599110
-596321
-593092
-589419
-585202
-580379
-574808
-568438
-561232
-553231
-544486
-535031
-524827
-513838
-501922
-488973
-474883
-459531
-442870
-424883
-405634
-385196
-363668
-341191
-317804
-293553
-268497
-242594
-215722
-187739
-158534
-128245
-96875
-64390
-30431
5534
43305
82395
122171
162019
201338
239795
277014
312502
345965
377165
405943
432183
455836
476879
495365
511357
524986
536400
545665
552839
558081
561375
562666
561970
559344
554809
548286
539703
529019
516226
501327
484477
465822
445600
423846
400584
375916
349831
322297
293218
262507
230211
196453
161463
125445
88560
51024
12968
-25413
-63923
-102376
-140536
-178204
-215335
-251840
-287563
-322339
-356026
-388424
-419293
-448422
-475668
-500877
-523928
-544902
-564019
-581382
-596945
-610686
-622593
-632741
-641261
-648404
-654381
-659430
-663701
-667329
-670318
-672792
-674858
-676541
-677786
-678466
-678562
-678010
-676585
-674287
-671198
-667369
-662879
-657825
-652260
-646305
-640114
-633704
-627078
-620052
-612606
-604700
-596327
-587237
-577294
-566671
-555508
-543783
-531529
-518799
-505570
-491838
-477605
-462873
-447675
-431966
-415602
-398409
-380284
-361153
-340989
-319729
-297303
-273664
-248809
-222724
-195411
-166965
-137529
-107354
-76687
-45794
-14903
15673
45783
75289
103992
131844
158810
184849
209966
234202
257614
280330
302437
323934
344665
364432
383050
400304
416054
430115
442380
452753
461163
467598
472076
474603
475175
473882
470632
465258
457720
448112
436553
423193
408141
391506
373527
354370
334157
312826
290381
266889
242443
217109
190832
163616
135501
106569
76930
46723
16039
-15083
-46548
-78169
-109826
-141381
-172692
-203644
-234025
-263663
-292246
-319538
-345255
-369243
-391429
-411787
-430418
-447520
-463333
-478044
-491791
-504713
-516992
-528796
-540156
-551099
-561584
-571472
-580590
-588684
-595705
-601577
-606373
-610258
-613295
-615469
-616810
-617352
-617143
-616224
-614694
-612649
-610166
-607308
-604151
-600817
-597332
-593700
-589827
-585672
-581265
-576562
-571512
-565991
-559850
-553009
-545293
-536621
-526838
-515808
-503438
-489654
-474438
-457854
-440028
-421116
-401318
-380770
-359626
-337974
-315906
-293527
-270824
-247778
-224386
-200577
-176309
-151508
-126075
-99943
-73061
-45468
-17328
11191
39820
68295
96386
123861
150569
176422
201338
225320
248396
270496
291615
311787
331100
349592
367273
384231
400514
416068
430729
444218
456333
466835
475568
482375
487114
489644
489839
487698
483296
476665
467741
456454
442883
427118
409281
389498
367901
344696
319986
293898
266519
237990
208490
178240
147430
116163
84443
52243
19555
-13522
-46849
-80293
-113584
-146408
-178433
-209492
-239318
-267752
-294726
-320438
-345082
-368963
-392210
-414752
-436444
-457125
-476512
-494338
-510347
-524511
-536979
-548037
-557888
-566689
-574600
-581727
-588191
-593996
-599137
-603671
-607618
-611012
-613906
-616327
-618319
-619908
-621061
-621730
-621808
-621272
-620146
-618461
-616271
-613606
-610482
-606917
-602889
-598394
-593371
-587639
-581030
-573342
-564493
-554429
-543244
-531039
-517948
-504044
-489487
-474412
-458936
-443146
-427057
-410617
-393815
-376705
-359358
-341814
-324040
-305971
-287503
-268510
-248957
-228797
-207986
-186510
-164290
-141314
-117584
-93125
-67981
-42155
-15717
11244
38713
66607
94770
123015
151173
179076
206578
233522
259846
285346
309951
333548
355910
376865
396290
414015
429909
443865
455811
465655
473378
478972
482492
483921
483289
480575
475680
468665
459599
448400
434995
419372
401808
382606
361804
339561
316119
291682
266476
240705
214466
187819
160810
133372
105367
76676
47147
16714
-14604
-46795
-79728
-113118
-146704
-180171
-213158
-245324
-276378
-306010
-334159
-360688
-385517
-408502
-429570
-448649
-465628
-480489
-493195
-503859
-512724
-520074
-526188
-531242
-535523
-539267
-542677
-545846
-548949
-552051
-555222
-558562
-562105
-565799
-569703
-573921
-578386
-582827
-586979
-590656
-593726
-596167
-597941
-599062
-599564
-599490
-598824
-597580
-595735
-593281
-590241
-586635
-582440
-577648
-572219
-566089
-559196
-551493
-542929
-533474
-523126
-511930
-499916
-487122
-473563
-459235
-444131
-428271
-411634
-394210
-376025
-357057
-337274
-316663
-295111
-272507
-248735
-223621
-197096
-169059
-139433
-108240
-75550
-41544
-6370
29630
66111
102661
138891
174367
208717
241654
273079
302974
331340
358138
383259
406676
428422
448590
467220
484181
499287
512408
523407
532133
538517
542337
543455
541993
538049
531627
522868
512060
499412
485095
469195
451715
432616
411890
389475
365373
339603
312225
283379
253172
221734
189086
155189
120168
84212
47493
10240
-27256
-64619
-101558
-138009
-173956
-209315
-243938
-277597
-310036
-341093
-370533
-398232
-424134
-448166
-470364
-490784
-509556
-526679
-542248
-556310
-568977
-580327
-590370
-599037
-606330
-612321
-617156
-621047
-624099
-626284
-627682
-628519
-629041
-629349
-629427
-629277
-628834
-628105
-627135
-625946
-624495
-622713
-620616
-618214
-615463
-612277
-608603
-604374
-599610
-594279
-588283
-581543
-574050
-565768
-556670
-546727
-535927
-524282
-511799
-498437
-484168
-468994
-452904
-435887
-417908
-398937
-378939
-357934
-335956
-313048
-289313
-264813
-239588
-213620
-186900
-159455
-131261
-102300
-72712
-42650
-12345
18061
48393
78421
107918
136730
164751
191931
218262
243832
268775
293172
317037
340317
362878
384600
405395
425037
443329
460030
474847
487423
497361
504529
508856
510464
509537
506251
500834
493383
483990
472649
459278
443887
426525
407226
386025
363025
338295
311946
284052
254650
223740
191405
157807
123213
87776
51543
14618
-22852
-60618
-98462
-136202
-173562
-210385
-246476
-281406
-314932
-346820
-376839
-404875
-430716
-454284
-475490
-494297
-510795
-525086
-537423
-548024
-557137
-564925
-571560
-577256
-582173
-586550
-590516
-594174
-597659
-601058
-604450
-607852
-611243
-614420
-617323
-620051
-622637
-625089
-627201
-628674
-629220
-628736
-627300
-625012
-621812
-617627
-612414
-606220
-599121
-591165
-582368
-572687
-562065
-550441
-537764
-523974
-509106
-493257
-476554
-459061
-440780
-421728
-401933
-381455
-360403
-338836
-316776
-294263
-271326
-247957
-224098
-199705
-174748
-149156
-122910
-96011
-68502
-40546
-12265
16204
44747
73293
101674
129695
157211
183945
209790
234686
258621
281613
303677
324824
345015
364081
381902
398383
413482
427192
439485
450242
459396
466900
472688
476711
478924
479241
477614
473996
468344
460558
450606
438407
423899
407101
388040
366760
343343
317884
290630
261813
231671
200372
168158
135225
101683
67612
33082
-1850
-37197
-72931
-108828
-144739
-180615
-216347
-251766
-286595
-320583
-353295
-384437
-413661
-440727
-465365
-487390
-506799
-523924
-539032
-552486
-564403
-574921
-584101
-591944
-598578
-604074
-608536
-612070
-614780
-616737
-618096
-618915
-619284
-619277
-618964
-618363
-617390
-615981
-614068
-611572
-608495
-604791
-600360
-595160
-589231
-582615
-575346
-567434
-558872
-549681
-539871
-529457
-518475
-506959
-494921
-482340
-469184
-455515
-441288
-426475
-410982
-394743
-377737
-359999
-341493
-322198
-302158
-281563
-260542
-239112
-217162
-194657
-171664
-148318
-124785
-101268
-77944
-54862
-32054
-9565
12624
34547
56216
77582
98613
119153
139112
158535
177434
195777
213610
230975
247850
264094
279569
294102
307629
320102
331514
341896
351332
359941
367636
374318
379867
384123
386894
387911
386860
383480
377642
369330
358591
345562
330364
312935
293230
271363
247527
221922
194761
166316
136797
106572
75963
45286
14878
-15077
-44486
-73414
-101827
-129812
-157567
-185159
-212597
-239855
-266895
-293718
-320126
-345858
-370563
-393663
-414789
-433633
-450202
-464796
-477637
-488967
-499014
-508026
-516282
-524054
-531637
-539266
-547171
-555423
-564068
-572977
-581753
-590202
-598190
-605735
-612882
-619593
-625709
-630953
-635191
-638352
-640333
-641079
-640578
-638865
-636008
-632053
-627039
-621036
-614017
-605935
-596793
-586629
-575522
-563512
-550652
-536933
-522300
-506659
-489940
-472117
-453162
-433033
-411695
-389277
-365939
-341887
-317178
-291952
-266336
-240424
-214252
-187769
-160921
-133641
-105988
-78007
-49553
-20390
9683
40633
72130
103928
135695
167141
197941
227885
256939
285075
312237
338455
363698
387858
410791
432298
452181
470351
486696
501073
513395
523514
531423
537116
540599
541942
541132
538226
533179
526065
516795
505375
491874
476388
458965
439809
419083
396828
373060
347763
320965
292653
262921
231887
199683
166361
131921
96385
59801
22283
-16065
-55011
-94135
-133161
-171795
-209780
-246816
-282689
-317096
-349895
-380967
-410203
-437605
-463266
-487203
-509310
-529560
-547936
-564320
-578650
-590945
-601278
-609754
-616555
-621966
-626205
-629470
-631836
-633523
-634698
-635463
-635925
-636258
-636596
-636971
-637347
-637672
-637846
-637843
-637569
-636961
-635964
-634498
-632466
-629851
-626611
-622711
-618134
-612816
-606732
-599864
-592211
-583753
-574483
-564359
-553374
-541482
-528697
-514973
-500317
-484684
-468029
-450376
-431751
-412172
-391671
-370249
-347921
-324736
-300709
-275893
-250269
-223873
-196737
-168901
-140477
-111580
-82255
-52706
-23039
6693
36439
66095
95545
124763
153763
182626
211367
239920
268127
295729
322423
347999
372287
395233
416723
436582
454619
470710
484700
496443
505879
512899
517503
519718
519580
517092
512296
505214
495936
484373
470456
454230
435840
415466
393208
369184
343449
316105
287286
257028
225501
192837
159171
124636
89305
53123
16132
-21551
-59788
-98412
-137108
-175487
-213276
-250102
-285424
-318687
-349379
-377161
-401971
-423967
-443557
-461243
-477566
-492779
-507067
-520578
-533326
-545227
-556151
-566097
-575123
-583386
-590991
-597899
-604031
-609466
-614294
-618631
-622560
-626175
-629481
-632470
-635088
-637285
-638933
-639927
-640229
-639891
-638945
-637325
-634898
-631574
-627314
-622125
-616010
-608988
-601068
-592280
-582649
-572202
-560988
-549056
-536456
-523180
-509238
-494627
-479391
-463550
-447122
-430130
-412660
-394774
-376477
-357733
-338485
-318611
-298049
-276711
-254476
-231325
-207229
-182234
-156430
-129915
-102816
-75263
-47347
-19170
9286
38065
67254
96731
126218
155473
184172
212041
238868
264547
289012
312265
334308
355121
374617
392778
409562
424911
438829
451313
462330
471731
479361
485053
488676
490082
489308
486415
481517
474707
466105
455834
443984
430502
415330
398382
379533
358785
336114
311579
285158
256919
227125
196032
163902
130992
97484
63500
29181
-5271
-39713
-74036
-107975
-141416
-174308
-206594
-238144
-268875
-298786
-327826
-355818
-382706
-408158
-431774
-453251
-472336
-489000
-503410
-515724
-526254
-535342
-543236
-550141
-556324
-561961
-567228
-572262
-577178
-582015
-586579
-590777
-594540
-597817
-600584
-602782
-604459
-605732
-606714
-607525
-608292
-609025
-609693
-610129
-610174
-609677
-608507
-606612
-604005
-600618
-596352
-591124
-584916
-577801
-569800
-560943
-551215
-540641
-529194
-516775
-503345
-488829
-473228
-456594
-439053
-420698
-401665
-381953
-361525
-340417
-318608
-296072
-272788
-248748
-223993
-198548
-172503
-145925
-118841
-91304
-63359
-34917
-6014
23280
52854
82593
112388
142073
171532
200653
229176
256830
283446
308875
333015
355791
377047
396745
414885
431466
446426
459661
471032
480466
487817
492974
495804
496175
494005
489298
482054
472220
459738
444600
426984
407309
385976
363294
339678
315459
290746
265521
239714
213195
185920
158016
129521
100439
70757
40458
9679
-21488
-52975
-84607
-116271
-147795
-179030
-209899
-240270
-269904
-298700
-326376
-352817
-377881
-401337
-423183
-443365
-461888
-478917
-494498
-508807
-521912
-533882
-544801
-554755
-563794
-571955
-579299
-585822
-591601
-596775
-601362
-605372
-608851
-611876
-614563
-617002
-619195
-621063
-622561
-623686
-624415
-624678
-624439
-623656
-622321
-620461
-618129
-615331
-612003
-608057
-603457
-598111
-591976
-584985
-577070
-568215
-558419
-547685
-536029
-523415
-509779
-495015
-478979
-461614
-442918
-422882
-401586
-379098
-355492
-330906
-305450
-279218
-252210
-224412
-195868
-166592
-136689
-106294
-75550
-44677
-13810
16968
47554
77900
107907
137454
166453
194837
222599
249762
276294
302059
326918
350659
373192
394408
414318
432891
450093
465862
480043
492330
502446
510119
515214
517609
517351
514534
509369
501936
492289
480504
466498
450325
432169
412248
390753
367767
343384
317729
291013
263421
235154
206393
177173
147432
117069
86036
54242
21615
-11775
-45815
-80204
-114658
-148861
-182600
-215677
-247919
-279163
-309290
-338245
-365826
-391959
-416563
-439681
-461444
-482010
-501458
-519778
-536973
-552964
-567753
-581397
-593974
-605525
-616087
-625579
-633958
-641162
-647113
-651789
-655270
-657670
-659155
-659908
-659935
-659227
-657727
-655448
-652426
-648726
-644338
-639283
-633636
-627438
-620722
-613471
-605586
-597055
-587889
-578091
-567670
-556596
-544856
-532457
-519340
-505489
-490936
-475709
-459777
-443068
-425529
-407090
-387724
-367394
-346058
-323736
-300501
-276482
-251860
-226759
-201276
-175519
-149614
-123572
-97412
-71091
-44612
-18034
8614
35321
62087
88946
115925
143011
170006
196657
222822
248181
272555
295866
318147
339394
359486
378408
396135
412620
427753
441484
453736
464431
473536
480873
486055
488841
489199
487216
482987
476512
467655
456366
442644
426526
408056
387197
364021
338583
311098
281839
251158
219390
186773
153673
120390
87156
54075
21211
-11438
-43943
-76347
-108722
-141141
-173647
-206324
-239068
-271841
-304400
-336440
-367482
-397230
-425315
-451283
-474798
-495809
-514399
-530780
-545234
-557967
-569142
-578971
-587585
-595209
-601941
-607817
-612976
-617540
-621532
-625107
-628501
-631569
-634299
-636660
-638769
-640663
-642381
-643868
-645011
-645684
-645821
-645304
-644027
-641890
-638857
-634948
-630167
-624481
-617885
-610367
-601907
-592465
-582002
-570518
-558056
-544617
-530144
-514631
-498015
-480220
-461217
-441026
-419692
-397333
-374024
-349801
-324782
-299054
-272664
-245657
-218033
-189867
-161117
-131770
-101913
-71642
-41125
-10520
20042
50474
80700
110646
140266
169547
198431
226876
254779
281940
308053
332879
356288
378121
398269
416670
433304
448184
461342
472909
483006
491678
498917
504531
508292
510064
509868
507698
503523
497231
488635
477549
463809
447338
428115
406081
381263
353747
323691
291385
257210
221727
185315
148321
111151
74306
37952
2187
-32915
-67399
-101303
-134778
-167929
-200775
-233112
-264757
-295618
-325496
-354069
-381083
-406189
-429297
-450382
-469489
-486794
-502471
-516662
-529452
-540883
-551190
-560686
-569704
-578415
-586950
-595361
-603636
-611697
-619435
-626696
-633405
-639507
-644797
-649106
-652363
-654535
-655670
-655745
-654777
-652776
-649811
-645947
-641215
-635594
-629070
-621660
-613404
-604302
-594359
-583563
-571884
-559323
-545815
-531369
-516011
-499785
-482742
-464887
-446224
-426733
-406353
-385034
-362753
-339495
-315281
-290213
-264420
-237991
-210969
-183474
-155585
-127351
-98800
-69921
-40764
-11372
18174
47756
77271
106477
135214
163365
190794
217555
243709
269300
294278
318390
341512
363344
383642
402262
419297
434849
449093
462073
473688
483753
491885
497653
500644
500587
497326
490914
481446
469050
453897
436102
415703
392764
367371
339867
310592
279926
248200
215614
182270
148229
113673
78692
43457
8157
-27025
-61901
-96353
-130269
-163379
-195525
-226416
-255811
-283519
-309454
-333655
-356373
-377881
-398408
-417914
-436324
-453496
-469423
-484086
-497495
-509760
-521074
-531639
-541670
-551275
-560618
-569800
-578773
-587536
-596162
-604631
-612969
-621053
-628771
-636021
-642658
-648512
-653388
-657223
-659958
-661505
-661782
-660786
-658535
-655096
-650553
-645027
-638593
-631237
-622856
-613281
-602416
-590244
-576730
-561843
-545522
-527861
-508902
-488687
-467291
-444759
-421184
-396693
-371343
-345182
-318306
-290738
-262583
-233921
-204780
-175153
-145028
-114402
-83315
-51871
-20229
11550
43418
75238
106904
138217
169002
199064
228237
256419
283478
309330
333816
356919
378698
399218
418585
436797
453717
469251
483364
495991
506960
515985
522821
527068
528347
526423
521276
513029
501904
488231
472221
453981
433606
411110
386510
359887
331374
301191
269600
236874
203379
169383
135057
100442
65534
30333
-5228
-41086
-77248
-113739
-150302
-186830
-223359
-259983
-296513
-332449
-367232
-400172
-430650
-458056
-481916
-501994
-518276
-531462
-542629
-552489
-561443
-569731
-577441
-584383
-590796
-597010
-603208
-609406
-615578
-621507
-626967
-631813
-636090
-639924
-643444
-646674
-649536
-651838
-653398
-654160
-654110
-653212
-651430
-648764
-645227
-640823
-635644
-629796
-623335
-616250
-608587
-600429
-591850
-582846
-573369
-563337
-552686
-541283
-529036
-515921
-501826
-486674
-470448
-453150
-434829
-415560
-395393
-374397
-352506
-329756
-306139
-281680
-256454
-230520
-203832
-176362
-147960
-118502
-87972
-56369
-23782
9596
43486
77499
111284
144463
176754
207914
237717
266002
292687
317776
341265
363170
383594
402656
420523
437294
453076
467803
481353
493542
504159
512860
519348
523424
525028
524181
520933
515284
507342
497372
485529
471895
456468
439245
420105
398982
375790
350571
323380
294300
263489
231148
197441
162521
126624
89995
52888
15587
-21687
-58675
-95199
-131169
-166536
-201301
-235386
-268698
-301186
-332764
-363316
-392604
-420410
-446535
-470654
-492571
-512192
-529579
-544939
-558511
-570621
-581540
-591352
-600137
-608024
-615196
-621825
-627987
-633635
-638844
-643665
-648107
-652058
-655442
-658183
-660219
-661482
-661954
-661674
-660626
-658747
-656090
-652611
-648237
-642872
-636430
-628886
-620238
-610486
-599632
-587727
-574829
-561013
-546360
-530902
-514731
-497919
-480509
-462532
-444021
-424992
-405445
-385398
-364830
-343713
-322025
-299735
-276794
-253135
-228725
-203645
-177953
-151744
-125066
-98009
-70810
-43524
-16306
10849
38097
65613
93625
122428
152087
182448
212998
243129
272327
300228
326680
351638
375139
397223
417911
437063
454539
470195
483879
495423
504716
511719
516410
518767
518733
516235
511159
503468
493289
480731
465971
449151
430525
410354
388773
365830
341548
315857
288711
260070
230002
198665
166147
132662
98433
63595
28213
-7711
-44094
-80867
-117956
-155151
-192229
-228877
-264580
-298978
-331710
-362633
-391667
-418920
-444575
-468762
-491535
-512890
-532839
-551323
-568241
-583605
-597494
-610117
-621623
-632092
-641687
-650483
-658510
-665753
-672210
-677908
-682878
-687171
-690793
-693691
-695662
-696587
-696415
-695107
-692690
-689124
-684381
-678501
-671557
-663624
-654720
-644900
-634197
-622635
-610276
-597155
-583380
-569016
-554036
-538377
-521996
-504895
-487177
-468878
-449982
-430455
-410268
-389450
-368023
-345904
-323030
-299418
-275065
-249894
-223855
-196934
-169181
-140648
-111430
-81697
-51608
-21292
9080
39478
69842
100135
130320
160282
189852
218764
246785
273786
299584
324075
347165
368760
388777
407198
424066
439391
453192
465485
476198
485169
492223
497197
500054
500825
499508
496098
490496
482605
472420
459939
445145
428067
408938
387948
365407
341611
316619
290491
263244
234768
205043
174119
142084
109126
75331
40882
5823
-29665
-65365
-101131
-136870
-172528
-207879
-242659
-276546
-309274
-340502
-369944
-397459
-422984
-446403
-467669
-486777
-503853
-519105
-532773
-545079
-556065
-565675
-573889
-580899
-587033
-592505
-597377
-601563
-605116
-608176
-610958
-613572
-616004
-618356
-620635
-622745
-624567
-625985
-626969
-627477
-627475
-626927
-625810
-624104
-621799
-618829
-615117
-610602
-605242
-599059
-592026
-584140
-575453
-565939
-555555
-544263
-531968
-518593
-504168
-488689
-472217
-454862
-436744
-417672
-397455
-375809
-352454
-327350
-300650
-272572
-243343
-213118
-182275
-151203
-120193
-89390
-58834
-28492
1619
31523
61182
90493
119408
147830
175782
203292
230399
257133
283504
309374
334527
358765
381912
403719
423895
442248
458671
473107
485391
495498
503544
509584
513499
515297
515052
512964
509145
503497
495972
486462
474907
461327
445728
428094
408471
386987
363691
338680
312117
284062
254464
223323
190711
156752
121602
85407
48442
10892
-26914
-64643
-101981
-138676
-174563
-209487
-243258
-275867
-307513
-338167
-367857
-396550
-424210
-450844
-476255
-500200
-522570
-543354
-562737
-580793
-597496
-612771
-626513
-638577
-648865
-657414
-664261
-669399
-672909
-674932
-675722
-675425
-674099
-671949
-669201
-666015
-662474
-658715
-654845
-650940
-647058
-643154
-639140
-634928
-630338
-625217
-619368
-612678
-605051
-596444
-586837
-576214
-564655
-552188
-538848
-524686
-509728
-493909
-477085
-459061
-439715
-418968
-396840
-373436
-348902
-323404
-297201
-270475
-243427
-216239
-189025
-161863
-134731
-107603
-80366
-52884
-25207
2411
29738
56594
82899
108653
133865
158620
182826
206318
228972
250632
271238
290762
309205
326613
342990
358343
372556
385539
397290
407767
416682
423820
429071
432329
433566
432806
429871
424534
416806
406707
394384
379911
363495
345387
325785
304854
282792
259896
236316
212138
187361
162040
136048
109292
81629
52900
23117
-7632
-39177
-71501
-104466
-137753
-171034
-204014
-236344
-267826
-298212
-327330
-355054
-381018
-404933
-426492
-445859
-463400
-479396
-494046
-507474
-519910
-531605
-542781
-553539
-564028
-574313
-584388
-594078
-603239
-611675
-619274
-626029
-632014
-637288
-641897
-645704
-648582
-650424
-651131
-650640
-648933
-645943
-641717
-636301
-629786
-622266
-613797
-604445
-594166
-582912
-570658
-557357
-543006
-527643
-511280
-493987
-475790
-456737
-436897
-416308
-394976
-372864
-349920
-326102
-301434
-275972
-249812
-223052
-195746
-167971
-139703
-110984
-81889
-52406
-22599
7430
37733
68391
99432
130712
161923
192664
222591
251549
279450
306228
331816
356255
379470
401385
421932
440979
458411
474102
487939
499656
509035
515837
519973
521450
520322
516748
510801
502515
491998
479228
464134
446635
426735
404565
380350
354261
326388
296808
265708
233241
199644
165103
129888
94148
58045
21665
-15021
-51895
-88965
-126171
-163400
-200477
-237196
-273362
-308709
-342941
-375781
-406938
-436078
-462930
-487418
-509539
-529328
-546861
-562162
-575386
-586802
-596692
-605393
-613087
-619974
-626158
-631732
-636780
-641326
-645422
-649032
-652119
-654684
-656767
-658354
-659472
-660263
-660706
-660714
-660234
-659180
-657422
-654802
-651246
-646677
-641080
-634423
-626688
-617842
-607829
-596630
-584243
-570689
-555989
-540104
-523121
-505097
-486093
-466170
-445360
-423723
-401301
-378198
-354473
-330196
-305352
-279958
-253994
-227401
-200152
-172218
-143597
-114330
-84536
-54270
-23567
7398
38520
69722
100946
132193
163257
193893
223808
252770
280608
307169
332430
356376
378937
399992
419410
437051
452858
466723
478486
487960
495103
499978
502728
503507
502269
498994
493772
486709
477769
466949
454183
439394
422574
403754
382978
360199
335477
308900
280600
250828
219764
187664
154654
120855
86377
51333
15658
-20584
-57382
-94734
-132517
-170572
-208675
-246512
-283711
-319914
-354740
-387832
-418895
-447735
-473898
-497077
-517057
-534087
-548655
-561261
-572245
-581822
-590002
-596918
-602694
-607487
-611505
-614966
-618072
-621115
-624253
-627565
-631054
-634654
-638243
-641712
-644868
-647563
-649621
-650861
-651124
-650365
-648553
-645668
-641683
-636569
-630330
-623000
-614537
-604961
-594243
-582464
-569693
-555993
-541395
-525913
-509550
-492322
-474230
-455302
-435532
-414994
-393746
-371805
-349199
-325962
-302108
-277683
-252660
-226942
-200506
-173392
-145667
-117426
-88781
-59796
-30577
-1367
27736
56812
85997
115245
144463
173293
201379
228792
255996
282749
309217
335227
360414
384371
406489
426209
443263
457578
469247
478414
485207
489774
492279
492711
491020
487132
480914
472318
461307
447897
432108
413981
393746
371747
348465
324262
299314
273674
247144
219483
190537
160325
129087
96993
64146
30700
-3160
-37118
-70963
-104498
-137773
-170850
-203747
-236450
-268926
-301022
-332456
-362840
-391825
-419003
-444163
-467178
-488159
-507249
-524437
-539789
-553423
-565552
-576318
-585875
-594346
-601863
-608459
-614216
-619210
-623473
-627021
-629937
-632306
-634222
-635651
-636590
-636976
-636805
-636079
-634716
-632744
-630195
-627061
-623409
-619231
-614482
-609111
-603066
-596336
-588878
-580587
-571371
-561166
-549927
-537627
-524294
-509912
-494492
-478026
-460474
-441773
-421959
-401062
-379105
-356124
-332134
-307248
-281516
-254937
-227530
-199327
-170421
-140847
-110563
-79597
-48064
-16161
15834
47740
79265
110238
140433
169728
198035
225329
251611
276919
301327
324892
347646
369659
390925
411387
430903
449279
466230
481335
494277
504756
512597
517842
520635
521162
519546
515755
509813
501740
491495
479101
464556
447758
428665
407215
383409
357213
328650
297850
264948
230170
193752
156060
117351
77859
37824
-2665
-43398
-84217
-124982
-165626
-205896
-245526
-284248
-321755
-357737
-391967
-424312
-454586
-482568
-508066
-530926
-551023
-568494
-583711
-597048
-608722
-618742
-627025
-633549
-638375
-641625
-643605
-644584
-644779
-644200
-642777
-640658
-637939
-634914
-631740
-628546
-625417
-622410
-619504
-616621
-613755
-610871
-607773
-604380
-600585
-596271
-591352
-585773
-579483
-572429
-564622
-556088
-546856
-536998
-526551
-515453
-503687
-491259
-478147
-464281
-449631
-434136
-417773
-400491
-382175
-362797
-342408
-321114
-299063
-276382
-253203
-229570
-205581
-181293
-156808
-132265
-107724
-83235
-58824
-34434
-9920
14964
40342
66289
92784
119707
146931
174222
201398
228349
254959
281078
306435
330657
353359
374280
393164
409886
424405
436669
446775
454797
460708
464442
465905
465096
462043
456712
449122
439410
427674
413872
397978
379912
359747
337540
313487
287831
260782
232490
203156
172977
142089
110648
78733
46457
13835
-19119
-52294
-85641
-119034
-152222
-185019
-217217
-248518
-278658
-307306
-334133
-358891
-381478
-402038
-420863
-438299
-454569
-469879
-484331
-497928
-510633
-522399
-533213
-543030
-551962
-560162
-567799
-574941
-581518
-587360
-592364
-596582
-600008
-602547
-604109
-604698
-604361
-603174
-601178
-598441
-595003
-590884
-586090
-580599
-574343
-567220
-559224
-550396
-540754
-530348
-519187
-507265
-494626
-481286
-467311
-452800
-437831
-422441
-406618
-390376
-373700
-356548
-338873
-320624
-301770
-282202
-261883
-240673
-218517
-195469
-171684
-147370
-122764
-98181
-73859
-49886
-26344
-3226
19537
41974
64075
85779
107120
128196
149097
170014
191124
212535
234157
255758
276975
297345
316450
333994
349842
363864
375986
386164
394377
400559
404789
407121
407611
406348
403368
398600
392138
384063
374481
363428
350766
336453
320458
302889
283766
263191
241204
217780
193006
166966
139825
111846
83137
53767
23855
-6358
-36759
-67229
-97626
-127861
-157783
-187276
-216254
-244638
-272248
-298869
-324419
-348872
-372181
-394293
-415205
-434896
-453373
-470615
-486738
-501865
-516109
-529508
-541957
-553001
-562100
-569270
-574914
-580130
-585153
-589952
-594851
-599617
-604257
-608725
-612853
-616686
-620223
-623443
-626256
-628582
-630210
-631075
-631243
-630665
-629224
-626936
-623878
-620103
-615608
-610334
-604224
-597233
-589210
-580097
-569870
-558534
-546029
-532279
-517206
-500681
-482627
-463051
-441952
-419377
-395449
-370279
-344078
-317117
-289527
-261555
-233288
-204800
-176112
-147215
-118070
-88613
-58747
-28469
2181
33103
64157
95318
126532
157649
188429
218703
248237
276771
304033
329861
354105
376685
397648
417121
435166
451794
467003
480771
492984
503440
512022
518561
522858
524809
524360
521594
516653
509459
499806
487612
472796
455334
435257
412734
388056
361403
333005
303078
271893
239814
207139
174153
141073
107927
74775
41546
8247
-25287
-59067
-92993
-127141
-161436
-195808
-230087
-263998
-297257
-329443
-360140
-388835
-415156
-438837
-459899
-478566
-495194
-510030
-523275
-535006
-545350
-554509
-562885
-570689
-578078
-585167
-591854
-598256
-604437
-610230
-615572
-620441
-624782
-628550
-631692
-634172
-635978
-637109
-637552
-637337
-636480
-634982
-632841
-630046
-626597
-622471
-617673
-612169
-605924
-598906
-591160
-582703
-573501
-563530
-552788
-541280
-528994
-515874
-501878
-486996
-471192
-454484
-436923
-418556
-399456
-379658
-359223
-338192
-316520
-294210
-271217
-247513
-223124
-198068
-172361
-145957
-118788
-90844
-62193
-32905
-3223
26741
56903
87210
117562
147823
177901
207676
237002
265637
293401
320135
345724
370019
392871
414182
433789
451617
467594
481597
493499
503149
510394
515147
517201
516546
513147
506936
497896
486280
472351
456412
438660
419387
398733
376805
353630
329325
303873
277371
249976
221804
192855
163078
132484
101042
68736
35593
1634
-32995
-68260
-104086
-140327
-176792
-213282
-249477
-285094
-319787
-353260
-385115
-415042
-442758
-468220
-491710
-513421
-533445
-551763
-568289
-583224
-596722
-608944
-619993
-629957
-638895
-646900
-653999
-660219
-665638
-670283
-674156
-677100
-679089
-680237
-680598
-680242
-679248
-677622
-675412
-672612
-669136
-664971
-660165
-654829
-649011
-642653
-635638
-627850
-619214
-609639
-599104
-587598
-575064
-561409
-546572
-530508
-513208
-494654
-474780
-453566
-431011
-407137
-381985
-355630
-328197
-299754
-270419
-240338
-209690
-178667
-147463
-116219
-85148
-54382
-23968
6029
35623
64783
93460
121528
148851
175313
200780
225205
248536
270790
292046
312454
332134
351156
369486
387011
403632
419215
433600
446547
457880
467348
474900
480364
483726
484979
484170
481312
476398
469376
460115
448478
434260
417497
398233
376530
352543
326418
298426
268840
238018
206263
173825
141069
108127
75146
42288
9587
-22945
-55399
-87846
-120329
-152806
-185151
-217416
-249516
-281244
-312364
-342606
-371772
-399530
-425502
-449320
-470681
-489516
-505989
-520313
-532658
-543103
-551776
-558836
-564582
-569294
-573214
-576591
-579772
-583026
-586449
-589991
-593659
-597441
-601312
-605106
-608678
-611911
-614721
-617028
-618787
-619909
-620386
-620189
-619236
-617497
-614926
-611441
-606955
-601471
-594999
-587475
-578898
-569298
-558736
-547236
-534818
-521544
-507434
-492487
-476728
-460168
-442815
-424660
-405705
-385972
-365417
-344037
-321830
-298757
-274806
-250004
-224411
-198048
-170919
-142988
-114158
-84435
-53970
-22904
8505
40022
71478
102647
133415
163643
193158
221873
249677
276532
302425
327285
351075
373723
395153
415338
434220
451753
467809
482154
494549
504759
512557
517829
520474
520505
518091
513286
506144
496721
484970
470838
454354
435644
414798
391979
367296
340791
312555
282696
251432
219024
185701
151724
117304
82438
47025
11017
-25567
-62662
-100055
-137632
-175193
-212673
-249922
-286648
-322537
-357150
-390178
-421347
-450437
-477298
-501687
-523512
-542837
-559766
-574493
-587265
-598240
-607663
-615748
-622663
-628542
-633533
-637771
-641343
-644265
-646553
-648348
-649801
-650886
-651556
-651860
-651741
-651160
-650103
-648534
-646395
-643610
-640176
-636134
-631467
-626151
-620101
-613278
-605610
-597027
-587521
-577115
-565785
-553524
-540314
-526150
-511044
-494956
-477893
-459854
-440817
-420790
-399734
-377700
-354761
-330954
-306359
-281053
-255105
-228565
-201468
-173857
-145838
-117440
-88690
-59645
-30442
-1170
28046
57021
85602
113571
140790
167264
193058
218295
243050
267487
291557
315066
337657
359061
378977
397206
413603
428069
440597
451261
460173
467331
472661
475970
477081
475888
472369
466507
458280
447762
434953
419959
402888
383991
363395
341217
317456
292151
265424
237292
207901
177401
145945
113701
80871
47657
14260
-19108
-52215
-84712
-116503
-147689
-178441
-208974
-239274
-269171
-298566
-327100
-354393
-380023
-403765
-425554
-445332
-463240
-479438
-494096
-507305
-518998
-529263
-538240
-546161
-553185
-559441
-565022
-569991
-574466
-578513
-582279
-585802
-589097
-592160
-594940
-597486
-599815
-601939
-603836
-605428
-606661
-607426
-607579
-606977
-605444
-602843
-599123
-594233
-588175
-580875
-572256
-562400
-551572
-539987
-527735
-514827
-501238
-486901
-471739
-455719
-438866
-421209
-402791
-383634
-363800
-343314
-322212
-300479
-278098
-254960
-230966
-206050
-180186
-153429
-125800
-97375
-68378
-39058
-9566
19939
49299
78351
106923
134872
162060
188412
213856
238244
261498
283616
304617
324502
343268
360902
377342
392512
406306
418606
429227
437963
444621
449042
451075
450557
447268
441150
432242
420600
406369
389625
370330
348552
324633
298933
271832
243598
214518
184852
154755
124337
93735
63001
32199
1393
-29467
-60466
-91700
-123137
-154667
-186184
-217637
-248799
-279477
-309510
-338463
-365925
-391382
-414461
-434849
-452536
-467737
-480904
-492428
-502694
-512006
-520571
-528570
-536151
-543377
-550298
-557017
-563515
-569798
-575807
-581452
-586776
-591752
-596318
-600272
-603497
-605936
-607525
-608275
-608206
-607305
-605593
-603128
-599883
-595902
-591189
-585753
-579518
-572472
-564568
-555750
-545973
-535243
-523602
-511096
-497730
-483541
-468558
-452858
-436473
-419424
-401675
-383207
-363994
-343978
-323139
-301512
-279148
-256097
-232442
-208264
-183651
-158702
-133483
-108074
-82476
-56718
-30809
-4761
21374
47625
73957
100440
127265
154401
181663
208802
235469
261305
286169
310002
332768
354317
374462
393077
410111
425517
439217
451207
461484
469945
476375
480560
482308
481547
478336
472877
465347
455677
443765
429331
412413
393153
371605
347992
322492
295327
266743
236988
206303
174897
142963
110606
78006
45286
12488
-20477
-53825
-87640
-122012
-156893
-191954
-226909
-261300
-294792
-327099
-357874
-386871
-413873
-438716
-461152
-481179
-498967
-514752
-528730
-540957
-551580
-560736
-568493
-574992
-580455
-585124
-589118
-592573
-595544
-598024
-600081
-601839
-603476
-604994
-606308
-607393
-608083
-608240
-607821
-606829
-605314
-603318
-600931
-598217
-595201
-591912
-588327
-584368
-579996
-575049
-569416
-562969
-555631
-547342
-538059
-527805
-516642
-504634
-491795
-478101
-463500
-447988
-431503
-413997
-395412
-375750
-355053
-333308
-310541
-286721
-261899
-236149
-209534
-182175
-154204
-125762
-96999
-67952
-38693
-9372
19844
48700
77084
104864
131854
158028
183437
208157
232334
256066
279414
302402
325011
347126
368527
388928
408046
425625
441392
455168
466784
475976
482708
487022
488934
488573
486035
481294
474383
465324
454236
441232
426384
409741
391303
370970
348702
324498
298416
270559
241102
210192
178006
144737
110459
75267
39243
2467
-34994
-73090
-111651
-150270
-188576
-226116
-262437
-297086
-329836
-360737
-389939
-417458
-443152
-466906
-488616
-508230
-525864
-541572
-555388
-567394
-577607
-586070
-592898
-598165
-601996
-604660
-606417
-607562
-608350
-608942
-609388
-609672
-609616
-609186
-608415
-607274
-605771
-603891
-601694
-599204
-596436
-593405
-590149
-586717
-583061
-579093
-574741
-569921
-564517
-558446
-551614
-543897
-535215
-525572
-514975
-503422
-490878
-477371
-462868
-447365
-430870
-413376
-394908
-375559
-355492
-334818
-313637
-291997
-269842
-247164
-224021
-200399
-176269
-151607
-126331
-100534
-74281
-47680
-20886
6035
32997
59885
86690
113491
140367
167375
194529
221731
248865
275744
302076
327584
352046
375238
397030
417263
435743
452307
466741
478812
488453
495712
500668
503419
504039
502545
498931
493168
485211
474965
462385
447510
430392
411070
389521
365821
340054
312271
282594
251153
218009
183175
146657
108666
69730
30202
-9530
-48735
-86796
-123551
-159039
-192925
-225024
-255398
-284366
-312396
-339745
-366626
-392978
-418766
-443764
-467529
-489511
-509527
-527711
-544374
-559705
-573733
-586371
-597560
-607313
-615730
-622902
-628921
-633873
-637758
-640607
-642553
-643747
-644540
-645142
-645609
-645882
-645914
-645632
-644796
-642891
-639646
-635387
-630637
-625842
-621176
-616569
-611812
-606732
-601287
-595414
-589062
-582079
-574397
-565881
-556637
-546780
-536334
-525309
-513657
-501295
-488156
-474199
-459344
-443521
-426622
-408533
-389199
-368574
-346610
-323321
-298738
-272869
-245788
-217632
-188609
-158971
-128978
-98950
-69192
-39778
-10468
19222
49891
81541
113872
146581
179263
211614
243360
274224
304312
333778
362493
390353
417127
442471
466156
487861
507256
524173
538527
550314
559551
566168
570161
571540
570407
566690
560159
550855
539064
524888
508555
490189
469737
447421
423276
397349
369794
340636
309985
277952
244702
210538
175823
141019
106320
71777
37260
2522
-32699
-68587
-105260
-142747
-180852
-219331
-257935
-296363
-334129
-370807
-406059
-439403
-470516
-499127
-525197
-548760
-569828
-588415
-604545
-618465
-630349
-640357
-648706
-655525
-661062
-665515
-669078
-671840
-673874
-675335
-676309
-676826
-676859
-676457
-675684
-674566
-673090
-671349
-669392
-667173
-664601
-661611
-658170
-654172
-649542
-644128
-637806
-630396
-621772
-611913
-600796
-588391
-574718
-559838
-543804
-526630
-508303
-488851
-468334
-446825
-424305
-400779
-376329
-351074
-325194
-298848
-272127
-245129
-217843
-190211
-162227
-133859
-105058
-75808
-46151
-16226
13648
43293
72438
101015
128908
156087
182676
208642
233891
258428
282234
305318
327724
349476
370512
390626
409546
427003
442714
456448
467989
477122
483774
487982
489799
489457
487169
482997
476914
468927
458957
447084
433387
417761
400118
380500
358925
335378
309904
282587
253510
222887
190901
157832
123991
89624
55006
20315
-14208
-48401
-82253
-115693
-148749
-181537
-213922
-245848
-277228
-308025
-338058
-367086
-394767
-420859
-445200
-467682
-488220
-506782
-523396
-538063
-550838
-561845
-571228
-579159
-585768
-591255
-595790
-599516
-602611
-605191
-607297
-608993
-610428
-611800
-613106
-614196
-614975
-615405
-615501
-615246
-614615
-613591
-612098
-610133
-607744
-604932
-601668
-597905
-593590
-588696
-583180
-576993
-570123
-562539
-554158
-544904
-534706
-523413
-510953
-497390
-482851
-467404
-451120
-434002
-416011
-397079
-377108
-355941
-333551
-310035
-285525
-260080
-233913
-207309
-180506
-153750
-127012
-100199
-73375
-46553
-19748
7096
34043
61033
88111
115358
142929
170898
199208
227722
256202
284398
312130
339196
365402
390448
414074
436026
456157
474447
490920
505558
518377
529404
538619
546020
551573
555301
557371
557936
557121
555019
551575
546853
540992
534118
526350
517750
508463
498548
488108
477342
466368
455370
444545
