0
0
0
0
0
0
0
0
0
0
0
0
-64
-64
-281
-281
-700
-700
-1296
-1296
-2002
-2002
-2511
-2511
-2652
-2652
-2306
-2306
-1377
-1377
136
136
2075
2075
4244
4244
6431
6431
8502
8502
10431
10431
12198
12198
13740
13740
14992
14992
15768
15768
15839
15839
14988
14988
13038
13038
9970
9970
5846
5846
877
877
-4590
-4590
-10190
-10190
-15676
-15676
-20874
-20874
-25818
-25818
-30618
-30618
-35431
-35431
-40407
-40407
-45589
-45589
-50981
-50981
-56533
-56533
-62056
-62056
-67336
-67336
-72124
-72124
-76040
-76040
-78750
-78750
-79883
-79883
-79086
-79086
-76066
-76066
-70692
-70692
-62963
-62963
-53012
-53012
-41118
-41118
-27525
-27525
-12620
-12620
3237
3237
19621
19621
36047
36047
52067
52067
67266
67266
81393
81393
94270
105784
115924
124731
132353
138925
144650
149762
154461
158999
163520
168118
172773
177313
181446
184880
187683
189965
191737
192974
193581
193522
192789
191393
189415
186968
184124
180848
177098
172936
168403
163518
158320
152763
146762
140291
133306
125784
117738
109082
99829
90110
80093
69917
59612
49216
38725
28092
17299
6335
-4776
-15975
-27054
-37789
-47850
-56968
-65008
-71999
-78008
-83097
-87442
-91195
-94501
-97509
-100197
-102442
-104179
-105409
-106171
-106583
-106733
-106640
-106306
-105598
-104399
-102599
-100137
-97063
-93391
-89172
-84534
-79534
-74266
-68802
-63137
-57337
-51369
-45265
-39114
-32950
-26902
-21126
-15809
-11158
-7254
-4127
-1789
-199
753
1222
1360
1202
763
37
-980
-2290
-3913
-5863
-8130
-10666
-13469
-16505
-19685
-22907
-26073
-29065
-31760
-33983
-35616
-36457
-36316
-35032
-32475
-28653
-23634
-17532
-10493
-2693
5730
14572
23525
32473
41359
50096
58649
66986
75157
83156
91024
98730
106257
113608
120761
127731
134484
140962
146984
152309
156781
160279
162682
163995
164303
163752
162562
160940
159158
157405
155834
154466
153190
151975
150819
149628
148369
147011
145399
143263
140420
136777
132395
127313
121595
115307
108352
100744
92532
83820
74850
65819
56910
48246
39790
31550
23448
15392
7369
-636
-8735
-17047
-25688
-34772
-44245
-53904
-63592
-73076
-82136
-90651
-98301
-104814
-110092
-114104
-116941
-118846
-119965
-120406
-120407
-120086
-119535
-118782
-117728
-116296
-114398
-111910
-108805
-104981
-100379
-95012
-88955
-82339
-75377
-68238
-61191
-54447
-48126
-42331
-37151
-32603
-28718
-25488
-22908
-20974
-19661
-18974
-18891
-19322
-20230
-21594
-23407
-25581
-28037
-30702
-33476
-36279
-39065
-41742
-44282
-46694
-48977
-51163
-53360
-55611
-57968
-60472
-63013
-65364
-67176
-68082
-67750
-65911
-62370
-57137
-50371
-42288
-33179
-23345
-12938
-2220
8651
19430
29942
40047
49682
58731
67075
74661
81536
87795
93551
98935
104123
109240
114389
119673
125122
130740
136543
142484
148493
154369
159922
164974
169483
173529
177258
180713
184046
187281
190351
193074
195143
196461
197037
196831
195911
194256
191836
188712
184917
180377
175009
168724
161551
153621
145015
136009
126733
117282
107641
97714
87287
76465
65512
54735
44347
34304
24575
14992
5479
-3988
-13455
-22972
-32614
-42404
-52337
-62431
-72689
-83041
-93433
-103609
-113395
-122612
-131088
-138645
-145088
-150296
-154294
-157157
-159054
-160139
-160437
-159986
-158847
-156977
-154445
-151268
-147391
-142813
-137577
-131729
-125344
-118514
-111340
-103954
-96388
-88742
-81159
-73788
-66790
-60320
-54499
-49408
-45135
-41733
-39211
-37525
-36629
-36513
-37111
-38340
-40046
-42119
-44444
-46952
-49587
-52264
-54865
-57340
-59638
-61665
-63338
-64543
-65164
-65076
-64085
-62024
-58805
-54382
-48806
-42164
-34662
-26516
-17835
-8763
493
9713
18834
27828
36674
45396
54122
62932
71832
80832
89912
99068
108192
117036
125429
133157
139994
145749
150357
153731
155834
156722
156585
155674
154377
153131
152454
152825
154691
158177
163210
169566
176826
184482
192082
199227
205538
210588
213965
215443
215014
212926
209332
204451
198492
191663
184077
175793
166915
157556
147914
138122
128341
118680
109418
100689
92501
84689
77062
69549
61999
54273
46348
37873
28512
17905
5875
-7566
-22181
-37648
-53597
-69712
-85511
-100522
-114233
-126374
-136743
-145322
-152275
-157849
-162250
-165750
-168483
-170481
-171813
-172458
-172496
-171991
-170910
-169237
-166859
-163643
-159557
-154498
-148431
-141364
-133355
-124518
-115020
-105039
-94850
-84772
-75203
-66471
-58865
-52508
-47474
-43716
-41139
-39496
-38617
-38365
-38599
-39319
-40478
-41990
-43759
-45708
-47743
-49808
-51836
-53802
-55629
-57196
-58360
-58934
-58772
-57739
-55788
-52900
-49111
-44350
-38638
-32115
-24853
-16990
-8621
168
9280
18665
28305
38124
48105
58187
68300
78395
88378
98179
107692
116861
125640
134023
141964
149410
156314
162720
168643
174182
179400
184374
189135
193635
197769
201205
203689
204930
204838
203557
201244
198076
194318
190199
185938
181718
177712
174041
170783
167963
165432
163029
160407
157205
153183
148322
142581
136075
128981
121407
113467
105078
96238
87152
77909
68600
59190
49698
40115
30518
20834
10960
848
-9548
-20151
-30748
-40984
-50612
-59571
-68043
-76293
-84497
-92822
-101272
-109730
-117951
-125651
-132500
-138338
-143055
-146702
-149249
-150753
-151454
-151590
-151344
-150841
-150012
-148714
-146790
-144037
-140400
-135948
-130749
-124976
-118813
-112401
-105958
-99540
-93251
-87073
-80969
-74838
-68636
-62415
-56334
-50499
-45110
-40323
-36266
-33001
-30580
-28966
-28154
-28070
-28657
-29885
-31694
-33985
-36606
-39307
-41807
-43861
-45229
-45713
-45104
-43289
-40329
-36292
-31356
-25710
-19476
-12828
-5943
943
7638
14034
20111
25875
31427
36844
42238
47776
53621
59836
66438
73475
80898
88693
96755
104976
113203
121303
129129
136608
143707
150388
156645
162491
167906
172908
177416
181373
184632
186863
187775
187218
185348
182379
178450
173742
168477
162862
157231
151725
146535
141697
137276
133308
129769
126551
123609
120731
117755
114487
110803
106531
101622
96050
89837
83129
76070
68786
61388
53921
46506
39292
32341
25592
18945
12214
5361
-1652
-8847
-16231
-23875
-31822
-40168
-49069
-58539
-68405
-78375
-88097
-97285
-105679
-112935
-118920
-123670
-127246
-129940
-131971
-133418
-134355
-134716
-134417
-133450
-131743
-129317
-126248
-122530
-118166
-113166
-107547
-101360
-94669
-87507
-79996
-72247
-64412
-56659
-49148
-42014
-35440
-29499
-24264
-19835
-16274
-13662
-12025
-11345
-11626
-12763
-14639
-17110
-20005
-23225
-26663
-30246
-33902
-37501
-40952
-44187
-47136
-49746
-51911
-53610
-54832
-55513
-55519
-54660
-52779
-49688
-45398
-39975
-33567
-26359
-18502
-10193
-1549
7332
16370
25541
34817
44212
53721
63270
72794
82262
91595
100742
109611
118209
126522
134614
142461
150040
157364
164354
170904
176839
181922
185880
188492
189688
189594
188383
186320
183736
180939
178023
175031
172010
169070
166297
163679
161177
158706
156125
153262
150060
146440
142224
137349
131780
125493
118482
110793
102527
93829
84833
75687
66503
57398
48458
39651
30868
22041
13190
4354
-4491
-13487
-22743
-32281
-42055
-51987
-61969
-71852
-81436
-90484
-98789
-106223
-112643
-118066
-122500
-126019
-128742
-130718
-131967
-132635
-132744
-132342
-131522
-130205
-128378
-126026
-123061
-119393
-114945
-109649
-103537
-96682
-89229
-81326
-73178
-65012
-57078
-49497
-42387
-35840
-29887
-24570
-19902
-15894
-12560
-9935
-8021
-6788
-6162
-6094
-6556
-7483
-8834
-10543
-12581
-14858
-17309
-19880
-22487
-25010
-27419
-29702
-31924
-34112
-36208
-38088
-39770
-41286
-42595
-43732
-44426
-44433
-43573
-41905
-39403
-36120
-31931
-26776
-20722
-13859
-6350
1763
10424
19547
29048
38779
48589
58396
68076
77528
86749
95712
104380
112759
120859
128725
136369
143789
150943
157773
164147
169843
174664
178331
180542
181027
179886
177411
173980
169951
165599
161164
156854
152789
149157
146028
143387
141178
139333
137675
136020
134200
132177
129933
127359
124313
120582
116005
110630
104608
98045
91012
83539
75685
67607
59442
51220
43076
35127
27455
19947
12531
5098
-2572
-10571
-18904
-27530
-36292
-44994
-53392
-61320
-68562
-75023
-80645
-85438
-89533
-93126
-96302
-99278
-102099
-104779
-107320
-109458
-110992
-111801
-111749
-110786
-108968
-106357
-103003
-98983
-94411
-89414
-84193
-78846
-73483
-68227
-63133
-58305
-53885
-49970
-46676
-44084
-42225
-41090
-40621
-40717
-41287
-42174
-43324
-44674
-46215
-47936
-49834
-51920
-54201
-56630
-59235
-61939
-64740
-67595
-70454
-73294
-76074
-78725
-81226
-83513
-85514
-87177
-88441
-89145
-89097
-87887
-85217
-80772
-74358
-65950
-55663
-43631
-30101
-15334
264
16366
32553
48372
63387
77373
90240
102071
113080
123518
133561
143408
153159
162774
172310
181765
191121
200376
209560
218585
227168
235032
241929
247588
251760
254209
254585
252915
249594
245153
240056
234514
228812
223096
217255
211261
205132
198795
192074
184811
176867
168213
158963
149310
139374
129239
119064
108977
99089
89456
80026
70676
61284
51673
41753
31502
20947
10112
-1069
-12603
-24296
-36050
-47775
-59426
-70950
-82404
-93920
-105495
-117075
-128328
-139011
-148933
-157937
-165812
-172438
-177719
-181732
-184673
-186769
-188161
-188932
-189089
-188572
-187271
-185038
-181874
-177707
-172549
-166559
-159837
-152514
-144782
-136766
-128691
-120671
-112849
-105358
-98256
-91631
-85504
-79903
-74870
-70385
-66460
-63118
-60345
-58106
-56360
-55029
-54066
-53386
-52914
-52627
-52482
-52449
-52530
-52613
-52663
-52662
-52582
-52445
-52237
-51949
-51586
-51046
-50198
-48888
-46866
-43860
-39764
-34495
-28002
-20339
-11551
-1805
8738
19964
31720
43928
56460
69121
81717
94117
106184
117824
128904
139311
149033
158078
166497
174395
181858
188912
195660
202075
208162
213936
219380
224432
228909
232644
235300
236646
236445
234580
231120
226217
220029
212787
204729
195966
186714
177079
167185
157188
147200
137400
127885
118772
110333
102899
96702
91773
87881
84699
81914
79175
75974
71878
66515
59681
51341
41578
30625
18735
6317
-6323
-18821
-30931
-42692
-54050
-64987
-75393
-85151
-94059
-101815
-108189
-113093
-116487
-118448
-119130
-118731
-117544
-115940
-114336
-113108
-112302
-111791
-111449
-110927
-110026
-108553
-106403
-103584
-100163
-96166
-91687
-86819
-81621
-76191
-70664
-65124
-59652
-54264
-49009
-43951
-39148
-34696
-30685
-27245
-24519
-22608
-21605
-21600
-22596
-24516
-27271
-30724
-34726
-39054
-43357
-47344
-50710
-53290
-54957
-55732
-55605
-54585
-52733
-50173
-47008
-43363
-39379
-35211
-30937
-26669
-22453
-18319
-14281
-10352
-6563
-2846
859
4646
8595
12792
17226
21862
26656
31599
36681
41902
47368
53274
59870
67252
75471
84476
94154
104285
114645
125038
135259
145032
154239
162721
170399
177265
183264
188346
192426
195456
197536
198662
198846
198107
196536
194198
191142
187420
183097
178256
173040
167645
162158
156704
151368
146073
140763
135443
130072
124515
118762
112801
106442
99596
92251
84432
76266
67870
59412
50900
42279
33627
24941
16157
7192
-2023
-11626
-21532
-31515
-41272
-50473
-58828
-66111
-72083
-76653
-79993
-82575
-84844
-87316
-90289
-93940
-98429
-103699
-109495
-115561
-121477
-126868
-131431
-134880
-137192
-138360
-138468
-137661
-136110
-133922
-131170
-127906
-124254
-120260
-115917
-111213
-106104
-100534
-94573
-88367
-82094
-75906
-69953
-64329
-59079
-54003
-49206
-44870
-41182
-38284
-36185
-34850
-34260
-34377
-35090
-36255
-37771
-39643
-41838
-44298
-46963
-49673
-52325
-54798
-57008
-58811
-60091
-60697
-60529
-59438
-57329
-54129
-49772
-44206
-37456
-29481
-20279
-9780
2083
15293
29711
45117
61236
77835
94623
111313
127579
143240
158117
171947
184567
195701
205212
212952
218805
222691
224734
225228
224516
222864
220438
217355
213609
209352
204764
199837
194588
188873
182714
176291
169805
163437
157298
151573
146382
141662
137318
133156
128978
124647
120086
115144
109634
103407
96410
88741
80559
72034
63237
54231
45178
36147
27221
18518
10095
1886
-6193
-14260
-22364
-30556
-38875
-47369
-55926
-64321
-72349
-80053
-87502
-94749
-101683
-108186
-114103
-119260
-123552
-126875
-129114
-130334
-130616
-130077
-128858
-126942
-124396
-121348
-117919
-114232
-110333
-106218
-101879
-97365
-92712
-88023
-83302
-78585
-73977
-69497
-65175
-61107
-57360
-54058
-51279
-49034
-47378
-46240
-45611
-45406
-45555
-46045
-46855
-47989
-49479
-51319
-53482
-55928
-58548
-61131
-63402
-64961
-65488
-64825
-62876
-59645
-55225
-49729
-43521
-36859
-30114
-23589
-17408
-11700
-6587
-2089
1838
5330
8583
11752
15076
18850
23179
28185
33930
40395
47524
55227
63429
71994
80734
89450
97972
106137
113852
121088
127792
133897
139412
144366
148856
152950
156691
160050
162864
165073
166672
167675
168146
168147
167756
167116
166262
165217
163913
162264
160221
157765
154949
151774
148267
144471
140412
136077
131381
126210
120518
114376
107854
101115
94328
87608
81026
74545
68095
61666
55263
48803
42337
35845
29226
22437
15414
7997
314
-7629
-15779
-24042
-32452
-41025
-49588
-57908
-65622
-72568
-78722
-84082
-88661
-92549
-95792
-98516
-100848
-102836
-104510
-105928
-107050
-107914
-108534
-108875
-108881
-108456
-107539
-106055
-103993
-101409
-98377
-94962
-91258
-87379
-83407
-79371
-75161
-70823
-66377
-61846
-57308
-52871
-48626
-44701
-41220
-38307
-36094
-34777
-34518
-35461
-37676
-41137
-45686
-50964
-56455
-61611
-65824
-68732
-70087
-69741
-67700
-64081
-59053
-52845
-45688
-37910
-29717
-21315
-12937
-4745
3168
10723
17893
24711
31155
37261
43162
48947
54795
60803
66925
73173
79500
85876
92272
98642
104907
111049
117036
122778
128141
133048
137450
141256
144331
146679
148366
149604
150484
151146
151728
152267
152756
153140
153357
153355
152963
152056
150542
148369
145542
142057
137877
133077
127749
122026
116001
109781
103433
97014
90593
84248
78020
71920
65996
60348
54996
49833
44653
39392
34007
28415
22558
16439
9989
3176
-3867
-11155
-18682
-26506
-34632
-42853
-50849
-58279
-64834
-70124
-74025
-76433
-77351
-77021
-75689
-73704
-71514
-69359
-67414
-65848
-64657
-63769
-63133
-62669
-62338
-62146
-62018
-61882
-61691
-61325
-60740
-59851
-58628
-57039
-55057
-52600
-49586
-45905
-41455
-36202
-30117
-23235
-15744
-8041
-755
5544
10231
12995
13643
12206
9032
4547
-757
-6436
-12345
-18537
-25030
-31843
-38939
-46196
-53475
-60643
-67548
-74083
-80142
-85641
-90471
-94481
-97442
-99217
-99691
-98759
-96352
-92421
-87012
-80190
-72079
-62913
-52890
-42282
-31291
-20161
-9002
2047
12818
23213
33153
42621
51594
60086
68162
75899
83396
90728
97973
105110
112053
118646
124772
130465
135968
141541
147339
153516
160061
166613
172971
178968
184492
189476
193905
197685
200682
202779
203863
203831
202591
200243
197010
192973
188289
182972
177092
170822
164381
157803
151055
143928
136220
127877
118984
109660
99923
89785
79304
68662
57994
47280
36407
25348
14065
2648
-8878
-20458
-32072
-43808
-55651
-67572
-79537
-91332
-102654
-113170
-122603
-130894
-138067
-144131
-149200
-153428
-156891
-159770
-162102
-163912
-165242
-165958
-165975
-165265
-163655
-161063
-157375
-152528
-146532
-139398
-131188
-122095
-112406
-102350
-92222
-82212
-72436
-63032
-54098
-45733
-38046
-31094
-24930
-19559
-15012
-11282
-8269
-5940
-4278
-3248
-2821
-2923
-3458
-4332
-5437
-6686
-8005
-9365
-10676
-11943
-13115
-14147
-15018
-15665
-16051
-16132
-15886
-15320
-14410
-13114
-11437
-9314
-6638
-3363
587
5296
10772
17090
24250
32163
40765
49965
59595
69495
79430
89306
99062
108584
117827
126763
135358
143563
151324
158622
165464
171909
178004
183782
189320
194584
199480
203771
207180
209464
210346
209707
207575
203927
198734
192030
183986
175036
165671
156416
147725
139987
133496
128381
124560
121855
119994
118569
117143
115257
112458
108434
102960
96035
87807
78542
68466
57831
46838
35665
24458
13263
2157
-8811
-19486
-29502
-38512
-46274
-52737
-58110
-62525
-66252
-69497
-72534
-75592
-78823
-82370
-86252
-90332
-94367
-98108
-101327
-103854
-105691
-106866
-107539
-107906
-108106
-108290
-108515
-108765
-108970
-108875
-108304
-107167
-105402
-103032
-100120
-96681
-92746
-88296
-83279
-77642
-71390
-64539
-57201
-49549
-41813
-34227
-26937
-20215
-14228
-9179
-5254
-2486
-954
-689
-1679
-3893
-7237
-11565
-16695
-22409
-28485
-34651
-40655
-46308
-51455
-55934
-59701
-62639
-64692
-65788
-65775
-64509
-61921
-57983
-52710
-46193
-38632
-30235
-21260
-11948
-2611
6645
15770
24592
33002
40975
48550
55700
62391
68561
74140
79018
83084
86299
88651
90268
91323
92073
92827
93884
95547
98019
101492
106008
111418
117489
123705
129663
134971
139306
142503
144478
145220
144805
143276
140582
136682
131700
125850
119331
112401
105428
98761
92662
87372
83134
80066
78063
76881
76215
75697
75122
74176
72600
70167
66740
62157
56248
49054
40740
31496
21546
11084
389
-10235
-20488
-30164
-39069
-46976
-53718
-59153
-63155
-65789
-67312
-68127
-68642
-69302
-70312
-71749
-73429
-75042
-76396
-77358
-77835
-77940
-77731
-77297
-76732
-75924
-74804
-73310
-71300
-68773
-65679
-62037
-57938
-53370
-48347
-42917
-37190
-31292
-25328
-19477
-13917
-8868
-4461
-855
1859
3684
4614
4676
4009
2647
656
-1896
-4948
-8407
-12176
-16137
-20177
-24176
-28031
-31660
-34930
-37745
-40032
-41730
-42770
-43137
-42743
-41609
-39777
-37229
-34032
-30263
-25909
-20995
-15540
-9447
-2607
5184
14044
24047
35189
47413
60609
74530
88916
103477
117888
131795
144885
156797
167322
176297
183650
189349
193489
196194
197683
198206
198001
197251
196126
194707
192909
190516
187252
183091
178185
172786
167206
161918
157260
153428
150439
148264
146724
145472
144140
142243
139509
135719
130700
124420
116875
108206
98714
88651
78228
67575
56904
46387
36224
26518
17290
8487
56
-8226
-16579
-25389
-34817
-45029
-56088
-67890
-80191
-92665
-104865
-116420
-126970
-136376
-144689
-151850
-158020
-163486
-168334
-172513
-175906
-178326
-179678
-179988
-179367
-177932
-175773
-172969
-169606
-165666
-161022
-155599
-149418
-142531
-134977
-126832
-118170
-109047
-99563
-89825
-79916
-69998
-60209
-50637
-41511
-32997
-25318
-18625
-12965
-8386
-4871
-2340
-747
56
161
-335
-1283
-2575
-4100
-5700
-7292
-8791
-10189
-11469
-12593
-13580
-14540
-15614
-16934
-18646
-20798
-23396
-26290
-29355
-32332
-34749
-36213
-36316
-34778
-31377
-26127
-19176
-10707
-1058
9448
20590
32114
43828
55689
67778
80219
93196
106737
120730
134950
149224
163302
177041
190268
202975
215170
226681
237116
245795
252072
255509
256019
253770
249149
242981
236117
229204
222695
216808
211690
207478
204127
201591
199637
197847
195638
192531
188147
182360
175114
166574
156907
146338
135022
123105
110824
98497
86243
74202
62237
50061
37652
25043
12276
-844
-14451
-28591
-42987
-57337
-71313
-84630
-97225
-109066
-120176
-130548
-140091
-148865
-156831
-163845
-169796
-174644
-178446
-181367
-183452
-184841
-185584
-185707
-185262
-184232
-182539
-180183
-177219
-173695
-169656
-165167
-160283
-154999
-149304
-143271
-136992
-130559
-123998
-117311
-110518
-103696
-96892
-90248
-83841
-77839
-72318
-67405
-63157
-59582
-56683
-54450
-52881
-51967
-51624
-51762
-52247
-52915
-53550
-53928
-53896
-53400
-52402
-50811
-48582
-45579
-41554
-36220
-29285
-20530
-9913
2470
16305
31257
46842
62720
78526
93899
108526
122175
134608
145721
155518
164064
171545
178309
184787
191518
198666
206089
213564
220762
227398
233282
238279
242294
245238
247104
247895
247564
246076
243515
239958
235493
230344
224793
219108
213431
207945
202717
197743
192889
188035
182886
177260
171028
164051
156263
147650
138230
128052
117127
105433
93054
80101
66772
53300
39951
26836
13961
1382
-10784
-22426
-33574
-44498
-55438
-66469
-77584
-88732
-99856
-110882
-121720
-132104
-141594
-149827
-156397
-161265
-164589
-166476
-167168
-166849
-165725
-163925
-161463
-158314
-154561
-150383
-145983
-141586
-137344
-133294
-129520
-125993
-122888
-120301
-118264
-116784
-115772
-115125
-114738
-114450
-114073
-113470
-112720
-111933
-111290
-110954
-110969
-111371
-112006
-112609
-112891
-112543
-111413
-109467
-106825
-103678
-100153
-96318
-92213
-87782
-83070
-78082
-72888
-67577
-62224
-56874
-51509
-46081
-40491
-34651
-28471
-21852
-14729
-7008
1336
10385
20167
30719
42091
54240
67097
80551
94481
108733
123089
137421
151535
165333
178670
191422
203438
214564
224671
233652
241442
247973
253230
257235
259941
261224
261005
259314
256313
252312
247647
242669
237545
232477
227582
222941
218576
214382
210254
206162
201990
197644
192999
187889
182103
175493
168051
159765
150674
140834
130321
119291
107732
95698
83332
70859
58386
45987
33726
21680
9739
-2231
-14312
-26606
-39270
-52284
-65570
-79033
-92333
-105153
-117215
-128429
-138784
-148221
-156764
-164443
-171239
-177196
-182448
-187066
-191257
-195036
-198313
-200997
-202937
-204030
-204187
-203205
-200898
-197210
-192209
-186022
-178909
-171102
-162830
-154286
-145623
-136952
-128299
-119749
-111334
-103105
-95183
-87656
-80618
-74171
-68313
-63119
-58565
-54621
-51212
-48290
-45789
-43646
-41822
-40247
-38892
-37696
-36590
-35533
-34385
-32968
-31062
-28544
-25380
-21533
-17006
-11771
-5814
835
8153
16152
24810
34068
43933
54424
65548
77356
89863
102951
116421
130050
143581
156777
169340
180968
191465
200656
208394
214617
219346
222678
224871
226386
227468
228373
229145
229778
230119
229987
229138
227395
224549
220555
215462
209413
202635
195427
188169
181153
174545
168466
163002
158173
153838
149760
145723
141559
137056
132017
126459
120462
114192
107829
101462
95120
88846
82646
76409
70004
63163
55708
47302
37800
26923
14530
598
-14862
-31637
-49364
-67818
-86573
-105203
-123144
-139847
-154799
-167670
-178160
-186263
-192199
-196446
-199655
-202413
-204959
-207382
-209429
-210714
-210871
-209524
-206602
-202194
-196467
-189701
-182265
-174480
-166615
-158860
-151318
-144001
-136850
-129846
-122967
-116192
-109486
-102846
-96285
-89825
-83516
-77426
-71624
-66281
-61509
-57470
-54237
-51883
-50402
-49760
-49848
-50543
-51685
-53132
-54698
-56283
-57723
-58855
-59511
-59571
-58927
-57544
-55349
-52285
-48243
-43150
-36952
-29637
-21209
-11751
-1394
9743
21566
33991
46950
60280
73881
87674
101431
114948
128004
140386
151866
162353
171803
180205
187554
193922
199520
204567
209168
213352
216910
219624
221335
221958
221528
220138
217837
214762
210988
206633
201948
197197
192630
188428
184731
181498
178572
175778
172932
169835
166412
162529
158121
153065
147345
141067
134320
127167
119743
112111
104342
96478
88496
80321
71894
63091
53913
44293
34195
23664
12830
1617
-10013
-22039
-34561
-47572
-61036
-74777
-88514
-101886
-114507
-125906
-135773
-143838
-150012
-154339
-157059
-158505
-159023
-158992
-158709
-158360
-158139
-158110
-158238
-158364
-158217
-157656
-156657
-155278
-153610
-151664
-149433
-146916
-144090
-140948
-137440
-133534
-129269
-124738
-120042
-115306
-110650
-106248
-102242
-98786
-96100
-94258
-93248
-92881
-92793
-92580
-91624
-89397
-85401
-79421
-71458
-61597
-50030
-37134
-23249
-8849
5678
19987
33768
46830
59027
70294
80644
90164
99016
107394
115562
123727
132033
140611
149502
158670
168010
177376
186598
195495
203899
211739
218955
225544
231561
237128
242318
247123
251417
254850
257152
258058
257537
255717
252692
248768
244298
239518
234604
229550
224120
217960
210970
203272
195079
186677
178129
169277
159916
149914
139242
127995
116410
104634
92824
81045
69231
57294
45118
32793
20421
8134
-3859
-15454
-26649
-37476
-47928
-58097
-68228
-78467
-88919
-99562
-110345
-121157
-131848
-142015
-151429
-159838
-167132
-173257
-178245
-182225
-185312
-187698
-189576
-190988
-192055
-192769
-193141
-193127
-192566
-191345
-189384
-186614
-183045
-178741
-173663
-167818
-161161
-153715
-145600
-136924
-127884
-118715
-109682
-101031
-92885
-85396
-78602
-72535
-67184
-62523
-58537
-55199
-52444
-50203
-48422
-47005
-45843
-44853
-43960
-43186
-42558
-42052
-41635
-41226
-40741
-40062
-39109
-37823
-36170
-34050
-31409
-28255
-24548
-20200
-15181
-9469
-2989
4315
12494
21516
31350
41942
53172
64956
77233
89929
102900
115931
128932
141706
154089
166006
177396
188203
198375
207945
216940
225347
233119
240190
246544
252167
257074
261311
264797
267382
269003
269580
269158
267781
265464
262254
258179
253246
247580
241295
234428
227018
219210
211154
202924
194556
186036
177350
168540
159590
150439
140935
130881
120208
109061
97444
85298
72581
59233
45266
30545
15103
-1009
-17597
-34359
-50979
-67207
-82899
-98062
-112737
-126947
-140674
-153868
-166391
-178182
-189197
-199542
-209276
-218444
-227089
-235059
-242201
-248387
-253375
-257038
-259068
-259276
-257574
-253923
-248494
-241504
-233204
-223813
-213605
-202837
-191740
-180494
-169334
-158424
-148029
-138334
-129525
-121763
-115065
-109461
-104890
-101227
-98347
-96045
-94183
-92660
-91334
-90098
-88838
-87481
-85961
-84180
-82101
-79666
-76830
-73522
-69608
-64974
-59462
-52986
-45449
-36737
-26883
-15926
-3918
9033
22862
37448
52639
68297
84278
100390
116453
132272
147636
162451
176609
190014
202638
214485
225605
236060
246045
255641
264959
274031
282783
291155
298993
306150
312516
317964
322423
325779
327875
328541
327662
325177
321087
315352
307942
298964
288590
276991
264424
251000
236846
222023
206719
191150
175572
160197
145389
131344
118190
105977
94458
83289
72104
60545
48230
34645
19573
3116
-14624
-33627
-53604
-74181
-94777
-114928
-133999
-151468
-167064
-180611
-192301
-202369
-210958
-218411
-224780
-230238
-234920
-238771
-241723
-243502
-243896
-242744
-240028
-235711
-229925
-222764
-214357
-204829
-194290
-182859
-170663
-157900
-144824
-131660
-118685
-106148
-94303
-83347
-73490
-64900
-57617
-51610
-46800
-43060
-40296
-38357
-37111
-36396
-36100
-36159
-36483
-36998
-37629
-38344
-39061
-39718
-40218
-40477
-40352
-39748
-38538
-36638
-33950
-30476
-26242
-21213
-15422
-8902
-1686
6213
14843
24182
34180
44811
55996
67689
79848
92297
104927
117714
130498
143042
155244
167046
178406
189336
199879
210099
219959
229420
238464
247026
254975
262167
268427
273592
277514
279954
280707
279704
276957
272493
266453
258960
250239
240572
230277
219644
209020
198639
188655
179219
170565
162730
155570
148722
141965
135048
127694
119683
110804
100881
89885
77826
64821
51093
36849
22301
7633
-7127
-21969
-36888
-51781
-66548
-81073
-95164
-108637
-121354
-133234
-144306
-154528
-163972
-172723
-180786
-188375
-195699
-202935
-210069
-216865
-222957
-228076
-231858
-234183
-234962
-234177
-231880
-228149
-223073
-216840
-209641
-201662
-193032
-183886
-174343
-164502
-154484
-144322
-134155
-124166
-114612
-105736
-97734
-90767
-84977
-80405
-77051
-74823
-73591
-73167
-73371
-73919
-74583
-75108
-75294
-74942
-73917
-72106
-69473
-66062
-61893
-57001
-51375
-44943
-37635
-29387
-20144
-9837
1556
13974
27247
41198
55583
70125
84592
98719
112329
125293
137523
149011
159773
169832
179239
188087
196450
204482
212248
219770
226933
233575
239542
244649
248723
251668
253454
254016
253316
251376
248205
244058
239142
233653
227975
222471
217399
212913
209124
205999
203360
200802
198031
194722
190478
185140
178767
171509
163536
154954
145875
136367
126574
116582
106537
96473
86390
76228
65924
55426
44616
33386
21694
9394
-3592
-17189
-31289
-45629
-59874
-73720
-86756
-98756
-109560
-119145
-127773
-135730
-143400
-151026
-158619
-166132
-173333
-179973
-185852
-190701
-194382
-196896
-198314
-198769
-198377
-197323
-195634
-193528
-191164
-188616
-185872
-182902
-179651
-176029
-171946
-167367
-162271
-156704
-150686
-144248
-137456
-130404
-123194
-115987
-109035
-102575
-96841
-91963
-87987
-84841
-82497
-80846
-79753
-79072
-78650
-78370
-78057
-77567
-76754
-75428
-73348
-70315
-66083
-60504
-53496
-45019
-35144
-23955
-11517
2038
16635
32138
48390
65068
81905
98624
114971
130694
145731
160147
173959
187196
199688
211385
222282
232083
240447
247284
252530
256305
258888
260543
261488
261835
261625
260853
259509
257650
255271
252477
249359
245929
242215
238234
234008
229402
224390
218891
212810
206189
199179
191952
184490
176714
168502
159771
150515
140778
130568
119854
108830
97522
85945
74109
61912
49161
35806
21684
6662
-9446
-26703
-45023
-64347
-84345
-104398
-123754
-141569
-157331
-170732
-181587
-189979
-196012
-199986
-202312
-203173
-202906
-201782
-199993
-197803
-195400
-192957
-190551
-188181
-185773
-183232
-180500
-177493
-174159
-170446
-166283
-161581
-156324
-150516
-144182
-137422
-130321
-123002
-115591
-108229
-101007
-93994
-87282
-80875
-74723
-68763
-63174
-58302
-54526
-51995
-50689
-50517
-51130
-51920
-52200
-51102
-48163
-43330
-36938
-29538
-21536
-13175
-4558
4221
13148
22306
31741
41473
51528
61841
72417
83279
94376
105567
116769
127966
139085
150138
161053
171769
182166
192103
201451
210096
217997
225128
231446
236932
241553
245267
247984
249536
249835
248761
246377
242785
238151
232682
226512
219756
212644
205234
197595
189812
181963
174120
166262
158375
150490
142500
134365
126035
117502
108590
99103
88865
77800
66012
53649
40818
27718
14748
2199
-9770
-21206
-32203
-42887
-53527
-64303
-75431
-87038
-99167
-111585
-123914
-135753
-146582
-156070
-163953
-170018
-174262
-176784
-177916
-177969
-177280
-176157
-174648
-172835
-170604
-167712
-164062
-159410
-153777
-147201
-139778
-131805
-123500
-115079
-106791
-98716
-90922
-83421
-76168
-69238
-62661
-56553
-50990
-46007
-41685
-38036
-35089
-32877
-31389
-30579
-30322
-30455
-30814
-31312
-31910
-32609
-33440
-34414
-35499
-36697
-37983
-39345
-40700
-41977
-43037
-43650
-43454
-42129
-39333
-34872
-28718
-20941
-11685
-1139
10481
22896
35852
49053
62339
75550
88523
101108
113202
124715
135660
146029
155887
165444
174921
184348
193752
202990
211804
220092
227788
234946
241657
247922
253704
258901
263317
266592
268401
268398
266453
262526
256871
250008
242404
234475
226466
218598
211019
203697
196651
189873
183376
176900
170153
162890
154903
146006
136069
124874
112267
98349
83219
67047
50079
32515
14480
-3897
-22550
-41428
-60399
-79250
-97847
-115953
-133341
-150021
-165904
-180870
-194704
-206799
-216602
-223517
-227658
-229616
-229946
-229493
-228539
-227159
-225374
-223039
-219976
-215894
-210565
-204025
-196464
-188301
-179934
-171659
-163807
-156565
-150061
-144380
-139513
-135412
-132025
-129286
-127002
-124988
-123017
-120904
-118550
-115836
-112681
-109129
-105208
-100940
-96362
-91507
-86395
-81019
-75398
-69526
-63404
-57139
-50807
-44477
-38207
-32014
-25853
-19650
-13330
-6847
-105
6912
14212
21871
30006
38685
47958
57858
68432
79614
91301
103361
115672
128141
140642
153090
165371
177360
188857
199755
209917
219265
227813
235577
242556
248776
254193
258719
262191
264583
265839
265836
264486
261708
257637
252591
246738
240281
233478
226518
219522
212644
206175
200289
195029
190220
185604
181101
176529
171609
165835
158853
150525
140911
130178
118418
105618
91746
77012
61783
46413
31316
16588
2145
-12211
-26627
-41181
-55852
-70471
-84963
-99180
-112960
-126135
-138452
-149680
-159582
-168031
-175069
-180765
-185427
-189303
-192542
-195319
-197516
-199037
-199760
-199471
-198092
-195585
-191984
-187479
-182179
-176185
-169683
-162933
-156196
-149751
-143812
-138493
-133835
-129763
-126188
-123040
-120189
-117632
-115345
-113346
-111650
-110315
-109367
-108717
-108201
-107703
-107048
-106136
-104857
-103197
-101091
-98409
-95041
-90778
-85422
-78817
-70896
-61682
-51275
-39862
-27604
-14702
-1295
12448
26323
40165
53838
67259
80406
93279
105879
118258
130459
142479
154309
165951
177376
188567
199534
210430
221349
232322
243299
254127
264519
274066
282438
289318
294487
297738
298996
298388
296100
292335
287371
281350
274438
266753
258409
249475
240070
230379
220678
211207
202123
193519
185257
177018
168346
158951
148993
138789
128299
117153
104598
90119
73458
54519
33636
11509
-10931
-33035
-54293
-74362
-92959
-109968
-125247
-138674
-150124
-159685
-167363
-173419
-178065
-181627
-184385
-186544
-188237
-189557
-190517
-191289
-191916
-192467
-192914
-193222
-193316
-193099
-192476
-191429
-189878
-187731
-184842
-181195
-176798
-171724
-166059
-159908
-153330
-146354
-138982
-131232
-123117
-114677
-106017
-97265
-88530
-79849
-71389
-63284
-55716
-48813
-42726
-37511
-33184
-29648
-26644
-23926
-21202
-18269
-15036
-11424
-7528
-3475
591
4571
8494
12392
16320
20415
24854
29831
35507
41996
49357
57599
66723
76701
87398
98737
110570
122724
135061
147370
159461
171211
182497
193248
203452
213140
222344
231184
239723
248072
256290
264507
272724
280794
288458
295525
301706
306690
310185
311928
311670
309219
304549
297692
288638
277477
264317
249239
232416
214356
195596
176779
158338
140568
123466
107029
91218
76051
61543
47733
34780
22792
11747
1512
-8298
-17869
-27532
-37507
-48059
-59422
-71712
-84805
-98530
-112592
-126740
-140574
-153718
-165837
-176721
-186356
-194814
-202257
-209030
-215423
-221695
-228014
-234198
-240014
-245084
-249090
-251773
-252907
-252260
-249752
-245346
-239156
-231273
-221817
-210889
-198649
-185367
-171389
-157054
-142766
-128881
-115760
-103659
-92829
-83417
-75550
-69288
-64633
-61496
-59693
-59007
-59198
-59993
-61135
-62344
-63413
-64151
-64422
-64114
-63069
-61183
-58355
-54499
-49623
-43738
-36928
-29244
-20719
-11402
-1267
9709
21540
34199
47619
61701
76315
91252
106407
121637
136824
151859
166669
181175
195294
208942
222067
234627
246560
257756
268042
277248
285248
291934
297245
301152
303596
304553
303966
301884
298330
293283
286708
278492
268550
257000
244027
230029
215505
201090
187271
174422
162817
152549
143538
135595
128433
121803
115351
108722
101537
93438
84315
74099
62725
50201
36572
21899
6189
-10421
-27657
-45171
-62586
-79447
-95440
-110055
-122727
-133282
-141709
-148247
-153366
-157481
-161033
-164244
-167363
-170428
-173370
-176173
-178828
-181266
-183359
-184807
-185360
-184737
-182796
-179475
-174767
-168769
-161705
-153902
-145726
-137567
-129713
-122453
-115983
-110401
-105793
-102179
-99494
-97655
-96517
-95933
-95707
-95704
-95862
-96174
-96696
-97472
-98514
-99742
-100994
-102126
-102915
-103083
-102471
-101007
-98728
-95729
-92190
-88283
-84151
-79846
-75418
-70851
-66029
-60856
-55178
-48881
-41856
-33966
-25224
-15717
-5630
4997
16489
28973
42504
57123
72820
89429
106718
124336
141796
158727
174721
189617
203203
215321
225854
234801
242283
248451
253407
257123
259545
260710
260741
259725
257776
254924
251167
246525
241070
234860
227982
220722
213299
205866
198689
191985
185941
180591
175876
171645
167549
163356
158762
153653
148023
141915
135424
128629
121584
114325
106857
99161
91263
83170
74852
66175
57136
47724
37924
27825
17437
6808
-3937
-14659
-25267
-35767
-46135
-56368
-66184
-75276
-83472
-90741
-97146
-102971
-108415
-113781
-119367
-125300
-131516
-137766
-143791
-149387
-154517
-159238
-163637
-167749
-171548
-174994
-177781
-179663
-180330
-179598
-177297
-173293
-167684
-160542
-151981
-142138
-131050
-118882
-105915
-92682
-79776
-67658
-56606
-46779
-38354
-31390
-25833
-21569
-18464
-16428
-15423
-15460
-16558
-18689
-21719
-25440
-29518
-33600
-37290
-40206
-41985
-42339
-41088
-38152
-33519
-27260
-19467
-10317
80
11461
23699
36540
49772
63131
76317
89095
101246
112652
123128
132611
141165
148816
155701
161909
167554
172760
177625
182124
186193
189844
193168
196278
199257
202148
204871
207236
209049
210113
210309
209524
207772
205179
201933
198156
194126
190033
185949
181892
177732
173368
168716
163682
158232
152397
146294
140024
133567
126793
119582
111832
103476
94514
84802
74329
63161
51382
39032
26089
12689
-1113
-15184
-29451
-43768
-58006
-71842
-84823
-96649
-107203
-116378
-124141
-130607
-135986
-140341
-143712
-146193
-147846
-148765
-149106
-149010
-148564
-147806
-146747
-145381
-143615
-141475
-139027
-136256
-133269
-130208
-127158
-124325
-121717
-119231
-116761
-114153
-111373
-108479
-105401
-102164
-98847
-95416
-91911
-88280
-84444
-80372
-75999
-71369
-66569
-61690
-56908
-52330
-48057
-44197
-40845
-38039
-35798
-34108
-32940
-32212
-31800
-31658
-31734
-31981
-32342
-32741
-33004
-32958
-32512
-31562
-30034
-27913
-25120
-21580
-17187
-11789
-5307
2310
11038
20846
31683
43500
56199
69704
83854
98431
113149
127776
142089
155948
169200
181714
193367
204115
213874
222546
230102
236421
241362
244814
246680
246907
245542
242706
238509
233192
226940
220012
212814
205580
198422
191444
184785
178518
172740
167465
162650
158160
153640
148761
143095
136393
128499
119377
109149
97995
86086
73647
60879
47978
35136
22493
10006
-2287
-14466
-26762
-39239
-51917
-64699
-77316
-89487
-100933
-111346
-120538
-128398
-134813
-139723
-143076
-144911
-145505
-145222
-144484
-143618
-142905
-142436
-142207
-142132
-142020
-141700
-141048
-139946
-138382
-136335
-133777
-130760
-127304
-123487
-119419
-115158
-110810
-106454
-102109
-97774
-93478
-89276
-85318
-81668
-78440
-75565
-72993
-70641
-68449
-66403
-64474
-62672
-61083
-59841
-59096
-58892
-59242
-60111
-61428
-63011
-64706
-66209
-67360
-67896
-67630
-66432
-64179
-60779
-56179
-50365
-43347
-35113
-25701
-15180
-3573
9079
22700
37247
52638
68725
85322
102174
119023
135601
151627
166804
180907
193725
205209
215297
224053
231591
238110
243815
248967
253764
258323
262669
266711
270224
272906
274501
274883
273850
271248
267020
261253
254178
245884
236628
226706
216478
206207
196197
186560
177295
168493
160064
151930
144023
136086
127891
119110
109550
99115
87877
75893
63211
49844
35847
21227
6122
-9327
-25026
-40982
-57117
-73232
-89017
-103994
-117776
-130119
-140865
-149938
-157397
-163490
-168564
-173004
-177142
-181370
-185778
-190411
-195239
-200041
-204569
-208458
-211375
-213036
-213086
-211410
-208177
-203587
-197990
-191576
-184534
-177015
-169095
-160863
-152377
-143662
-134833
-126026
-117384
-109065
-101238
-94049
-87614
-82082
-77505
-74000
-71574
-70219
-69911
-70578
-72065
-74244
-76937
-79928
-83040
-86081
-88858
-91230
-93065
-94256
-94712
-94260
-92846
-90328
-86561
-81224
-73814
-63735
-50606
-34128
-14284
8701
34131
61300
89260
117222
144329
169908
193318
214144
232055
246868
258586
267309
273266
276855
278534
278907
278460
277804
277390
277632
278718
280584
283010
285517
287640
288834
288507
286436
282684
277432
271015
263790
256063
248145
240283
232610
225057
217559
210068
202512
194840
186917
178688
170176
161400
152288
142776
132800
122307
111227
99580
87355
74397
60570
45939
30751
15221
-447
-16012
-31394
-46511
-61394
-76127
-90787
-105422
-119939
-134290
-148302
-161806
-174581
-186435
-197212
-206819
-215177
-222303
-228187
-232804
-236252
-238562
-239933
-240548
-240494
-239790
-238330
-235942
-232456
-227666
-221490
-213888
-204874
-194637
-183408
-171464
-159076
-146430
-133831
-121520
-109743
-98705
-88617
-79630
-71873
-65434
-60303
-56458
-53865
-52471
-52192
-52875
-54317
-56287
-58546
-60863
-63004
-64766
-66011
-66708
-66777
-66154
-64746
-62432
-59064
-54494
-48643
-41426
-32748
-22683
-11236
1537
15552
30634
46580
63205
80260
97466
114573
131293
147428
162875
177499
191287
204181
216116
227125
237234
246530
255106
263068
270515
277412
283650
289039
293269
296072
297293
296869
294843
291301
286392
280386
273560
266183
258667
251360
244535
238353
232794
227871
223517
219485
215440
210811
205164
198248
189999
180432
169585
157514
144364
130300
115601
100383
84953
69519
54162
38988
24118
9500
-5021
-19679
-34820
-50595
-67141
-84340
-101922
-119513
-136710
-153082
-168273
-181993
-194134
-204610
-213483
-221000
-227305
-232409
-236345
-239034
-240529
-240903
-240166
-238250
-235058
-230648
-225042
-218377
-211005
-203315
-195633
-188198
-181083
-174262
-167695
-161264
-154879
-148473
-141968
-135337
-128553
-121678
-114830
-108106
-101555
-95421
-89842
-84982
-80900
-77492
-74839
-72831
-71359
-70193
-69134
-67959
-66524
-64721
-62504
-59818
-56679
-53100
-49115
-44728
-39920
-34634
-28865
-22533
-15562
-7873
665
10094
20507
31859
44020
56933
70432
84407
98769
113329
127947
142470
156735
170587
183983
196856
209134
220784
231712
241844
251168
259580
266941
273197
278283
282134
284775
286212
286386
285236
282822
279152
274271
268275
261303
253420
244780
235573
225978
216130
206074
195862
185500
175006
164434
153709
142892
132013
121070
110171
99475
89119
79106
69432
60041
50738
41205
31208
20578
9243
-2895
-15794
-29318
-43189
-57038
-70505
-83305
-95280
-106369
-116548
-125764
-133853
-140816
-146746
-151913
-156604
-161228
-165924
-170780
-175691
-180321
-184403
-187591
-189627
-190345
-189687
-187628
-184255
-179612
-173783
-166820
-158778
-149662
-139595
-128749
-117374
-105629
-93801
-82131
-70911
-60411
-50796
-42284
-34900
-28608
-23205
-18730
-15105
-12266
-10206
-8885
-8310
-8509
-9460
-11211
-13834
-17447
-22053
-27514
-33573
-39933
-46229
-52162
-57489
-61940
-65362
-67586
-68496
-67962
-65862
-62006
-56201
-48250
-38060
-25608
-10962
5724
24119
43902
64670
86028
107515
128747
149233
168591
186472
202703
217195
229853
240636
249597
256854
262732
267565
271814
275800
279875
284249
288886
293644
298173
302062
304887
306225
305844
303623
299455
293309
285263
275521
264339
252169
239403
226478
213670
201128
188977
177231
165756
154404
142908
131068
118559
105150
90721
75170
58553
40871
22130
2570
-17533
-37724
-57469
-76392
-94226
-110843
-126195
-140175
-152853
-164347
-174804
-184422
-193341
-201681
-209493
-216697
-223133
-228681
-233241
-236853
-239582
-241564
-243032
-244184
-245118
-245701
-245907
-245661
-244945
-243715
-241914
-239461
-236273
-232248
-227452
-221954
-215974
-209665
-203287
-197011
-191020
-185401
-180146
-175166
-170204
-164968
-159135
-152432
-144695
-135821
-125833
-115014
-103616
-91914
-80078
-68227
-56404
-44634
-32949
-21345
-9885
1296
12167
22867
33664
44724
56212
68284
80978
94223
107986
122145
136531
150990
165364
179554
193577
207481
221261
234848
248122
260869
272897
283956
293891
302571
309948
315962
320417
323109
323930
322893
320009
315325
309067
301441
292828
283506
273783
263998
254469
245360
236796
228747
221108
213722
206476
199163
191697
183948
175753
166889
157053
146151
134176
121254
107703
93757
79618
65371
51056
36671
22245
7699
-7020
-22167
-37972
-54576
-72086
-90490
-109812
-129925
-150591
-171226
-191057
-209086
-224541
-236895
-246109
-252479
-256668
-259405
-261377
-262982
-264388
-265400
-265653
-264792
-262548
-258814
-253578
-246891
-238854
-229632
-219445
-208557
-197192
-185634
-174040
-162582
-151373
-140538
-130215
-120482
-111443
-103177
-95719
-89139
-83451
-78682
-74835
-71907
-69789
-68372
-67536
-67132
-66957
-66805
-66519
-65980
-65122
-63845
-62063
-59580
-56206
-51676
-45788
-38421
-29501
-19050
-7165
6049
20426
35672
51471
67543
83596
99471
115066
130382
145371
160054
174385
188267
201607
214359
226500
238021
248886
259027
268394
276850
284321
290752
296067
300229
303202
304964
305388
304414
302109
298509
293637
287610
280589
272852
264589
255938
247077
238184
229468
221103
213183
205740
198672
191802
185034
178217
171240
164042
156519
148554
140047
130850
120813
109690
97351
83664
68522
52151
34824
16839
-1581
-20353
-39312
-58333
-77375
-96443
-115442
-134057
-152030
-168927
-184332
-197856
-209287
-218666
-226024
-231605
-235908
-239135
-241144
-241664
-240405
-237247
-232177
-225428
-217383
-208473
-199090
-189584
-180159
-170960
-161998
-153219
-144541
-135913
-127405
-119082
-111000
-103245
-95920
-89109
-82799
-77046
-71929
-67514
-63879
-61042
-59016
-57792
-57299
-57446
-58066
-58953
-59986
-61042
-62011
-62763
-63171
-63107
-62460
-61110
-58901
-55708
-51446
-46039
-39508
-31954
-23462
-14145
-4153
6418
17357
28539
39865
51284
62748
74232
85780
97361
108981
120659
132355
144036
155612
167034
178187
188998
199389
209214
218323
226547
233748
239820
244766
248525
251043
252283
252280
251099
248924
246015
242591
238847
234970
231172
227527
224099
220925
217856
214711
211227
207154
202106
195834
188179
179127
168818
157613
145855
133689
121272
108823
96488
84389
72542
60850
49261
37797
26406
14971
3346
-8692
-21139
-34092
-47493
-61197
-74964
-88553
-101731
-114381
-126276
-137325
-147496
-156780
-165266
-173155
-180600
-187739
-194651
-201380
-207897
-214155
-220063
-225394
-229912
-233351
-235405
-235820
-234354
-230824
-225263
-217781
-208600
-197967
-186233
-173769
-160873
-147913
-135077
-122447
-110063
-98059
-86581
-75911
-66301
-57945
-50939
-45301
-40944
-37719
-35355
-33628
-32342
-31329
-30535
-29924
-29406
-28849
-28088
-26981
-25347
-23020
-19940
-16051
-11355
-5810
553
7672
15494
23957
32952
42395
52281
62518
73071
83896
94990
106239
117562
128862
140015
150888
161374
171432
181106
190466
199533
208419
217111
225596
233846
241758
249212
256159
262547
268335
273362
277476
280534
282373
282827
281763
278943
274275
267819
259722
250059
238853
226696
214180
201793
189870
178630
168048
158001
148449
139226
130028
120675
110824
100265
88939
76913
64285
51124
37455
23388
8990
-5623
-20482
-35580
-50982
-66564
-82375
-98307
-114143
-129636
-144413
-158074
-170271
-180696
-189198
-195832
-200666
-203955
-205877
-206594
-206335
-205309
-203745
-201800
-199599
-197230
-194732
-192131
-189380
-186351
-182989
-179235
-175007
-170172
-164576
-158058
-150533
-141948
-132413
-122072
-111112
-99709
-88061
-76372
-64871
-53725
-43135
-33218
-24130
-15990
-8903
-2954
1809
5349
7702
8954
9202
8581
7183
5069
2340
-931
-4633
-8602
-12628
-16410
-19654
-22181
-23862
-24612
-24332
-22930
-20368
-16616
-11701
-5644
1527
9706
18826
28710
39204
50135
61430
72952
84635
96413
108215
119956
131459
142633
153388
163654
173374
182514
191016
198778
205759
211951
217383
222012
225782
228475
229812
229594
228076
225560
222243
218190
213415
208101
202394
196662
191144
186048
181678
178208
175644
173846
172453
171190
169676
167445
164067
159293
153041
145373
136478
126443
115269
103026
89929
76368
62613
48857
35257
21706
8148
-5358
-18824
-32313
-45977
-59908
-73920
-87661
-100672
-112570
-122852
-131197
-137539
-142040
-145204
-147460
-149168
-150649
-152025
-153297
-154384
-155177
-155553
-155422
-154806
-153688
-152030
-149774
-146863
-143373
-139404
-135093
-130630
-126136
-121842
-117874
-114406
-111541
-109269
-107571
-106439
-105837
-105691
-105874
-106299
-106845
-107388
-107831
-108130
-108230
-108114
-107808
-107335
-106691
-105910
-104976
-103932
-102732
-101318
-99654
-97672
-95336
-92547
-89191
-85152
-80289
-74450
-67424
-59051
-49106
-37506
-24186
-9181
7414
25543
45063
65594
86740
108186
129547
150376
170395
189328
207075
223654
239136
253723
267605
280963
293877
306243
317836
328472
337909
346035
352634
357552
360651
361918
361318
358833
354460
348285
340257
330305
318478
304865
289726
273545
256817
240229
224263
209344
195698
183348
172218
161922
152049
142205
131814
120473
107832
93640
77788
60384
41524
21343
68
-22136
-44979
-68170
-91471
-114788
-138127
-161341
-184229
-206264
-226915
-245808
-262652
-277403
-290047
-300546
-309078
-315830
-320740
-323835
-324995
-324134
-321070
-315643
-307845
-297811
-285926
-272597
-258202
-243137
-227749
-212365
-197241
-182573
-168411
-154823
-141900
-129771
-118550
-108336
-99166
-91049
-83952
-77727
-72268
-67374
-62785
-58293
-53612
-48602
-43093
-37034
-30407
-23285
-15822
-8157
-440
7236
14777
22105
29238
36208
43062
49821
56501
63056
69468
75717
81789
87732
93585
99433
105299
111238
117253
123415
129772
136302
142967
149711
156447
163097
169588
175898
182003
187929
193686
199347
204927
210407
215737
220792
225489
229731
233485
236826
239865
242672
245114
246905
247653
247124
245042
241317
236234
230027
222974
215409
207547
199618
191725
183841
175993
168043
159927
151632
143177
134418
125165
115156
104251
92385
79472
65428
50182
33806
16527
-1424
-19623
-37738
-55302
-72010
-87671
-102203
-115775
-128627
-140874
-152531
-163542
-173865
-183359
-191926
-199673
-206642
-212915
-218477
-223200
-226927
-229501
-230832
-230944
-229816
-227439
-223776
-218862
-212767
-205697
-197827
-189284
-180345
-171282
-162332
-153744
-145780
-138609
-132329
-126916
-122298
-118355
-114907
-111797
-108955
-106265
-103629
-100918
-98020
-94794
-91174
-87126
-82674
-77859
-72755
-67350
-61621
-55548
-49093
-42206
-34816
-26840
-18249
-8959
1030
11784
23333
35700
48931
63068
78143
94051
110540
127428
144467
161391
178023
194139
209634
224294
237775
249786
260336
269810
278815
287793
297002
306414
315676
324433
332323
338952
343924
346946
347826
346424
342662
336568
328261
317936
305957
292859
279087
265205
251649
238791
226782
215633
205161
195093
185180
175104
164432
152937
140206
125943
109901
92066
72693
52024
30343
7924
-14931
-37927
-60873
-83493
-105612
-126991
-147428
-166725
-184763
-201524
-216986
-231120
-243799
-254964
-264571
-272583
-278987
-283828
-287240
-289298
-290085
-289599
-287835
-284819
-280546
-275084
-268544
-260978
-252498
-243211
-233205
-222596
-211437
-199880
-188107
-176405
-165174
-154603
-144850
-135957
-127955
-120897
-114796
-109621
-105199
-101349
-97761
-94207
-90410
-86165
-81390
-76074
-70309
-64246
-58039
-51833
-45649
-39493
-33280
-26846
-20077
-12850
-5126
3167
12118
21769
32210
43531
55817
69090
83279
98230
113681
129444
145315
160994
176326
191155
205373
218865
231543
243386
254363
264534
273957
282818
291250
299337
307053
314349
321124
327228
332345
336178
338421
338793
337103
333336
327539
319735
309998
298421
285237
270864
255633
240047
224589
209941
196658
185234
175875
168506
162736
158040
153781
149474
144667
138942
131603
121957
109273
93097
73288
50148
24292
-3854
-33715
-64559
-95625
-125852
-154527
-180641
-203507
-222632
-237780
-249167
-257417
-263470
-268475
-273234
-278088
-282889
-286701
-288702
-288194
-284891
-278969
-270860
-261335
-251017
-240336
-229523
-218645
-207688
-196596
-185311
-173827
-162200
-150538
-138948
-127525
-116465
-105944
-96158
-87318
-79562
-72982
-67629
-63480
-60511
-58601
-57619
-57377
-57683
-58282
-58948
-59428
-59417
-58696
-57070
-54521
-51101
-46890
-42103
-36849
-31175
-25123
-18590
-11483
-3620
5253
15311
26649
39204
52777
67095
81822
96733
111568
126111
140148
153569
166299
178336
189686
200376
210398
219772
228559
236850
244662
252022
258895
265347
271419
277093
282422
287322
291407
294174
295174
294279
291516
286934
280919
273690
265570
256892
247976
239089
230324
221870
213791
206092
198626
191135
183519
175560
167129
158034
148096
137364
125951
113943
101400
88410
75230
61888
48350
34589
20513
6047
-8794
-23887
-39028
-53955
-68481
-82374
-95522
-107918
-119568
-130492
-140618
-149899
-158407
-166299
-173860
-181279
-188770
-196433
-204241
-212040
-219502
-226380
-232382
-237278
-240916
-243139
-243786
-242752
-240024
-235699
-229919
-222900
-214929
-206254
-197112
-187710
-178254
-168902
-159798
-151090
-142868
-135183
-128105
-121663
-115903
-110857
-106620
-103230
-100742
-99145
-98395
-98384
-98970
-99882
-100881
-101682
-102059
-101698
-100348
-97807
-93953
-88670
-81925
-73739
-64174
-53371
-41441
-28355
-14008
1630
18570
36691
56017
76336
97196
118162
138732
158642
177765
195997
213278
229440
244388
257975
270047
280505
289303
296445
301962
305915
308443
309655
309638
308461
306115
302479
297482
291071
283322
274349
264500
254179
243851
233875
224554
216217
209173
203462
198889
195103
191728
188250
184328
179578
173659
166382
157731
147767
136609
124233
110783
96453
81511
66179
50692
35187
19779
4492
-10646
-25698
-40839
-56147
-71575
-86905
-101928
-116338
-129854
-142188
-153246
-162989
-171505
-178931
-185399
-191046
-195926
-200008
-203289
-205724
-207289
-207977
-207866
-207066
-205745
-204073
-201987
-199415
-196303
-192536
-188000
-182632
-176432
-169570
-162161
-154280
-146128
-137916
-129878
-122268
-115348
-109227
-103998
-99744
-96461
-94061
-92415
-91372
-90708
-90238
-89774
-89116
-88097
-86632
-84625
-82087
-79050
-75530
-71539
-66885
-61380
-54679
-46511
-36605
-24844
-11277
3933
20622
38277
56581
75110
93546
111602
129069
145725
161474
176185
189802
202290
213670
224053
233687
242815
251690
260345
268777
276916
284762
292327
299596
306510
312906
318522
323041
326053
327214
326267
323096
317768
310484
301681
291872
281626
271419
261652
252634
244356
236707
229569
222720
215920
208934
201459
193255
184037
173743
162428
150223
137061
122878
107810
91885
75023
57062
38028
17827
-3513
-25945
-49224
-73188
-97545
-121812
-145548
-168246
-189631
-209416
-227261
-242965
-256574
-268159
-277953
-286331
-293715
-300433
-306546
-311990
-316374
-319370
-320673
-320114
-317737
-313691
-308174
-301336
-293363
-284417
-274623
-264073
-252956
-241506
-229915
-218421
-207197
-196395
-186130
-176462
-167396
-158961
-151135
-143951
-137380
-131351
-125742
-120400
-115119
-109831
-104548
-99245
-93787
-87926
-81331
-73575
-64189
-52805
-39411
-24371
-8182
8643
25747
42857
59722
76131
91950
107031
121232
134513
146792
158106
168486
178065
187060
195625
204012
212394
220924
229694
238580
247467
256147
264365
272002
278820
284571
288868
291403
292049
290881
288162
284308
279742
274765
269604
264510
259683
255261
251263
247529
243838
240034
236002
231627
226849
221631
215827
209217
201459
192451
182326
171287
159605
147488
135155
122634
110034
97500
85238
73528
62573
52276
42511
32861
22851
12470
1546
-10004
-22268
-35525
-49809
-64972
-80814
-97297
-114381
-131897
-149492
-166848
-183473
-198890
-212741
-224708
-234656
-242656
-248820
-253452
-256748
-258900
-260121
-260391
-259574
-257523
-254149
-249472
-243483
-236252
-227863
-218435
-208178
-197279
-185977
-174507
-163151
-152123
-141628
-131827
-122854
-114750
-107498
-101088
-95497
-90703
-86667
-83199
-80136
-77180
-74065
-70416
-66006
-60720
-54539
-47483
-39683
-31268
-22436
-13325
-4073
5200
14472
23743
33142
42771
52810
63372
74492
86104
98179
110756
123863
137507
151552
165837
180214
194512
208599
222265
235416
248018
260014
271406
282269
292622
302418
311529
319806
326976
332698
336834
339287
340102
339356
337164
333677
328905
322811
315308
306360
296015
284338
271528
257862
243723
229431
215095
200784
186510
172345
158350
144519
130806
117085
103178
89031
74390
59141
43460
27471
11102
-5471
-22300
-39401
-56940
-74824
-92735
-110501
-127723
-144086
-159187
-172737
-184616
-194754
-203224
-210235
-215982
-220900
-225180
-228943
-232302
-235338
-237968
-239990
-241232
-241606
-241058
-239670
-237534
-234784
-231536
-227762
-223488
-218788
-213678
-208199
-202390
-196297
-189946
-183375
-176568
-169584
-162536
-155563
-148806
-142373
-136379
-130908
-125983
-121590
-117645
-114051
-110644
-107260
-103691
-99831
-95623
-90994
-85940
-80449
-74495
-68098
-61128
-53579
-45412
-36573
-27006
-16577
-5258
6978
20073
33981
48753
64404
80863
98049
115889
134196
152765
171436
190006
208291
226037
243033
259105
274074
287798
300185
311180
320779
329077
336130
342007
346713
350223
352426
353279
352650
350525
346851
341566
334773
326653
317462
307434
296615
285135
273148
260929
248649
236381
224138
211888
199655
187403
175108
162722
150166
137242
123817
109692
94881
79469
63412
46656
29110
10906
-7807
-27012
-46645
-66637
-86842
-106985
-126819
-145989
-164179
-181160
-196880
-211395
-224753
-237046
-248393
-258883
-268602
-277573
-285790
-293207
-299672
-304996
-308955
-311335
-311912
-310531
-307087
-301561
-294006
-284641
-273744
-261666
-248722
-235201
-221291
-207152
-192933
-178826
-164995
-151619
-138832
-126770
-115566
-105308
-96094
-87990
-80967
-74923
-69752
-65351
-61614
-58370
-55438
-52636
-49804
-46665
-42927
-38291
-32474
-25269
-16506
-6152
5768
19088
33669
49283
65727
82901
100525
118379
136130
153654
170808
187412
203275
218271
232327
245390
257442
268475
278501
287609
295884
303265
309554
314543
318034
319881
320114
318935
316643
313463
309627
305235
300352
294961
288965
282417
275461
268146
260412
252211
243455
234112
224187
213657
202595
191201
179631
168054
156601
145327
134142
123034
111980
100966
89745
78003
65551
52213
37792
22104
5027
-13312
-32729
-52969
-73718
-94634
-115064
-134391
-152158
-167964
-181746
-193523
-203359
-211434
-217943
-223190
-227622
-231618
-235462
-239179
-242688
-245845
-248338
-249933
-250276
-249228
-246766
-242958
-238072
-232347
-226042
-219333
-212384
-205260
-198027
-190664
-183112
-175318
-167237
-158896
-150380
-141802
-133330
-125165
-117461
-110393
-104078
-98550
-93793
-89737
-86332
-83458
-80953
-78593
-76214
-73671
-70773
-67411
-63422
-58655
-52988
-46228
-38224
-28872
-18159
-6115
7176
21534
36812
52862
69779
87331
105207
123501
142087
161182
180459
199566
218194
235809
252372
267604
281278
293266
303436
311709
318103
322790
326006
328120
329421
330182
330475
330248
329325
327342
324123
319594
313809
306772
298576
289309
279030
267983
256518
245060
234027
223532
213529
203879
194262
184328
173787
162318
149857
136514
122507
107974
93014
77813
62443
46914
31149
14993
-1599
-18546
-35896
-53642
-71687
-89797
-107586
-124730
-140843
-155709
-169182
-181170
-191714
-200874
-208729
-215454
-221204
-226141
-230408
-234159
-237539
-240601
-243311
-245593
-247338
-248415
-248598
-247744
-245716
-242506
-238179
-232813
-226583
-219598
-211999
-203948
-195627
-187146
-178578
-170018
-161530
-153182
-145032
-137152
-129626
-122593
-116097
-110166
-104779
-99937
-95644
-91921
-88719
-85966
-83549
-81345
-79220
-76944
-74247
-70859
-66456
-60779
-53702
-45170
-35180
-23743
-10946
3047
18100
33966
50398
67139
84041
100954
117730
134253
150370
165990
180977
195252
208766
221496
233466
244760
255498
265709
275392
284493
292923
300595
307457
313469
318598
322768
325912
327905
328699
328330
326900
324498
321395
317805
313786
309263
304103
298197
291427
283674
274876
265073
254340
242835
230829
218603
206416
194587
183170
171943
160798
149459
137741
125176
111511
96605
80372
62507
42834
21448
-1470
-25766
-51095
-77140
-103369
-129462
-155012
-179773
-203497
-225947
-246975
-266437
-283991
-299352
-312403
-323082
-331524
-337862
-342141
-344407
-344585
-342620
-338408
-331986
-323418
-312794
-300325
-286196
-270700
-254145
-236955
-219486
-202084
-185079
-168717
-153185
-138674
-125385
-113495
-103080
-94189
-86825
-80916
-76322
-72863
-70368
-68618
-67414
-66557
-65831
-64953
-63648
-61555
-58361
-53664
-47156
-38555
-27758
-14816
132
16717
34539
53150
72070
90918
109306
126966
143711
159458
174193
187855
200455
212103
222949
233162
242933
252357
261475
270271
278728
286754
294250
301093
307215
312577
317120
320577
322755
323452
322552
320016
315913
310427
303693
295963
287486
278357
268698
258664
248374
238001
227589
217250
207052
196813
186513
176062
165422
154457
143133
131318
118886
105747
91916
77384
62101
46301
30152
13638
-3140
-20154
-37300
-54244
-70651
-86168
-100504
-113491
-125045
-135328
-144619
-153305
-161696
-169863
-177736
-185156
-191895
-197776
-202636
-206351
-208958
-210589
-211598
-212324
-212938
-213441
-213743
-213774
-213442
-212608
-211091
-208801
-205735
-201942
-197560
-192732
-187615
-182387
-177173
-172071
-167124
-162359
-157831
-153483
-149308
-145259
-141276
-137345
-133480
-129673
-125964
-122380
-118936
-115581
-112298
-109045
-105810
-102491
-98843
-94565
-89350
-82900
-75099
-65993
-55765
-44797
-33187
-20928
-8094
5321
19288
33817
48933
64555
80489
96494
112365
128027
143420
158565
173509
188326
203010
217471
231503
244900
257500
269099
279590
288814
296659
303010
307810
311019
312581
312421
310576
307371
303149
298120
292602
286789
280871
274952
269119
263335
257604
251771
245702
239271
232161
223948
214499
203639
191401
177942
163362
147731
131128
113794
96051
78270
60699
43507
26828
10658
-5146
-20641
-35850
-50863
-65833
-80860
-95947
-110940
-125659
-139876
-153388
-165837
-177192
-187411
-196443
-204323
-211062
-216594
-220839
-223565
-224452
-223521
-220817
-216465
-210702
-203781
-196200
-188263
-180275
-172286
-164325
-156450
-148647
-140928
-133304
-125789
-118424
-111273
-104368
-97737
-91384
-85406
-79815
-74579
-69679
-65081
-60755
-56598
-52705
-49067
-45750
-42837
-40457
-38744
-37795
-37715
-38569
-40338
-42932
-46249
-50059
-54148
-58247
-61997
-65034
-66822
-66908
-64789
-60163
-52762
-42536
-29678
-14502
2609
21165
40696
60672
80605
100093
118808
136423
152737
167579
180907
192742
203196
212382
220463
227623
234205
240519
246881
253442
260297
267473
274856
282262
289432
296070
301779
306209
309064
309993
308767
305220
299198
290667
279761
266783
252030
236008
219243
202393
186038
170812
157287
145680
135923
127895
121206
115490
110161
104737
98535
90989
81733
70572
57379
42175
25048
6445
-13156
-33320
-53600
-73485
-92651
-110780
-127816
-143696
-158298
-171513
-182959
-192300
-199419
-204412
-207895
-210743
-213588
-216752
-220291
-224047
-227693
-230683
-232551
-232883
-231492
-228354
-223649
-217720
-210890
-203522
-195889
-188236
-180698
-173365
-166221
-159210
-152228
-145233
-138228
-131285
-124544
-118090
-112119
-106739
-102025
-97998
-94594
-91749
-89357
-87274
-85409
-83658
-81970
-80203
-78306
-76185
-73754
-70952
-67724
-64039
-59880
-55238
-50030
-44133
-37385
-29576
-20530
-10111
1727
14943
29439
45064
61597
78790
96368
113971
131421
148589
165343
181600
197322
212447
226920
240751
253892
266294
277888
288593
298294
306970
314652
321381
327134
331661
334616
335617
334272
330475
324357
316233
306438
295399
283518
271208
258818
246568
234613
223020
211821
201089
190936
181453
172516
163915
155418
146787
137725
127948
117282
105710
93222
79899
65853
51163
35872
20125
4242
-11445
-26800
-41752
-56376
-70842
-85332
-100061
-115183
-130670
-146315
-161611
-175900
-188666
-199472
-208199
-214977
-220036
-223722
-226325
-228161
-229406
-230171
-230506
-230303
-229418
-227677
-224873
-220878
-215650
-209281
-201957
-193842
-185165
-176085
-166781
-157439
-148167
-139084
-130293
-121862
-113867
-106358
-99370
-92942
-87124
-82022
-77679
-74084
-71230
-69120
-67700
-66907
-66654
-66823
-67127
-67233
-66718
-65249
-62451
-58138
-52206
-44760
-35941
-25910
-14880
-2957
9753
23101
36973
51258
65741
80257
94661
108883
122845
136593
150160
163548
176736
189671
202368
214781
226815
238497
249847
260863
271548
281899
291828
301245
310040
318095
325200
331050
335425
338198
339384
338914
336751
332981
327708
320960
312803
303374
292790
281214
268830
255726
242092
228154
214196
200559
187552
175407
164076
153287
142799
132228
121222
109400
96387
81981
66153
48901
30097
9724
-11966
-34669
-57898
-81196
-104151
-126460
-147770
-167758
-186126
-202701
-217488
-230454
-241649
-251243
-259454
-266758
-273406
-279727
-285889
-291932
-297870
-303476
-308518
-312720
-315743
-317324
-317108
-314947
-310727
-304464
-296314
-286410
-274983
-262198
-248287
-233497
-218096
-202413
-186691
-171220
-156272
-142042
-128777
-116644
-105717
-96116
-87824
-80794
-74883
-69873
-65534
-61626
-57884
-54049
-49890
-45241
-39959
-34014
-27347
-19950
-11815
-2966
6492
16472
26959
38001
49651
61967
74968
88616
102841
117548
132592
147787
162976
178048
192900
207354
221181
234173
246097
256852
266410
274837
282186
288624
294269
299185
303428
307030
309975
312227
313746
314350
313879
312159
309063
304569
298613
291313
282844
273446
263413
252978
242389
231826
221485
211530
202009
192842
183897
175068
166268
157351
148224
138755
128913
118624
107895
96726
85069
73028
60684
48036
35083
21723
7837
-6745
-22138
-38252
-54919
-71895
-88871
-105564
-121585
-136749
-150910
-164094
-176417
-187942
-198769
-208919
-218387
-227210
-235339
-242823
-249589
-255507
-260493
-264331
-266838
-267845
-267168
-264742
-260539
-254635
-247216
-238458
-228588
-217798
-206305
-194301
-182019
-169672
-157536
-145852
-134802
-124564
-115257
-106987
-99750
-93501
-88208
-83747
-80052
-77013
-74543
-72463
-70665
-69010
-67332
-65473
-63243
-60483
-57073
-52967
-48095
-42409
-35800
-28207
-19533
-9658
1469
13949
27777
42822
58871
75681
93063
110751
128529
146257
163781
180863
197295
212859
227394
240736
252830
263669
273305
281861
289470
296207
302090
307127
311202
314257
316181
316768
315830
313163
308706
302443
294432
284857
274084
262508
250477
238335
226480
215129
204460
194418
184981
176027
167292
158498
149515
140222
130553
120569
110481
100572
90911
81278
71288
60552
48652
35280
20431
4204
-13279
-31771
-51068
-70889
-90707
-110078
-128530
-145695
-161368
-175335
-187591
-198219
-207343
-215183
-221979
-227953
-233349
-238229
-242563
-246133
-248738
-250121
-250102
-248581
-245473
-240785
-234550
-226916
-218055
-208286
-197876
-187126
-176391
-165919
-155894
-146315
-137094
-128081
-119235
-110604
-102340
-94595
-87435
-81019
-75399
-70564
-66439
-62870
-59757
-57044
-54782
-53036
-51882
-51236
-50963
-50884
-50682
-50127
-48905
-46774
-43364
-38455
-31927
-23797
-14147
-3101
9263
22851
37561
53245
69763
86943
104628
122621
140704
158575
175979
192684
208494
223244
236818
249192
260374
270380
279251
287098
294069
300298
305903
310926
315347
319134
322148
324290
325424
325394
324009
321111
316655
310601
302920
293555
282584
270365
257324
243911
230425
217193
204422
192132
180302
168876
157819
146988
136130
124974
113257
100901
87706
73603
58511
42388
25440
8010
-9550
-26549
-42433
-56691
-69151
-79877
-89283
-97942
-106320
-114856
-123918
-133703
-144264
-155420
-166874
-178331
-189490
-200199
-210266
-219542
-227838
-234905
-240617
-244862
-247575
-248641
-247995
-245680
-241770
-236366
-229597
-221736
-212996
-203573
-193625
-183261
-172655
-161941
-151337
-141051
-131310
-122326
-114267
-107207
-101173
-96128
-91932
-88461
-85628
-83345
-81531
-80090
-78910
-77936
-77106
-76363
-75594
-74683
-73531
-71966
-69852
-67092
-63566
-59181
-53825
-47423
-39754
-30626
-19825
-7133
7555
24198
42566
62369
83283
104882
126700
148219
169080
188935
207480
224485
239834
253507
265534
275997
285054
292907
299823
305962
311478
316399
320643
324039
326337
327435
327237
325599
322325
317262
310433
301935
291856
280399
267843
254519
240788
227106
213840
201257
189386
178247
167663
157465
147412
137372
127145
116377
104799
92224
78568
63953
48444
32120
15158
-2260
-19937
-37790
-55692
-73451
-90953
-108081
-124622
-140390
-155244
-168948
-181564
-193083
-203465
-212757
-221002
-228324
-234898
-240849
-246193
-250830
-254587
-257372
-258984
-259271
-258063
-255209
-250601
-244231
-236192
-226692
-215935
-204223
-191722
-178651
-165208
-151650
-138194
-125082
-112539
-100737
-89926
-80260
-71871
-64822
-59172
-54896
-51903
-50095
-49300
-49380
-50235
-51693
-53631
-55827
-58083
-60087
-61562
-62188
-61703
-59878
-56556
-51612
-44950
-36642
-26714
-15348
-2771
10792
25047
39827
54928
70177
85426
100554
115522
130269
144721
158802
172456
185603
198170
210119
221473
232276
242593
252431
261807
270698
279018
286613
293317
298829
302719
304697
304607
302464
298421
292712
285634
277500
268660
259270
249456
239463
229418
219491
209790
200469
191639
183294
175404
167989
161075
154485
147986
141298
134184
126412
117775
108304
98208
87638
76748
65718
54501
43125
31575
19690
7487
-5150
-18171
-31410
-44654
-57688
-70471
-82894
-94855
-106278
-117051
-127193
-136800
-145967
-155069
-164248
-173705
-183495
-193441
-203357
-212927
-221803
-229581
-235919
-240592
-243408
-244327
-243389
-240682
-236375
-230639
-223676
-215721
-207039
-197828
-188352
-178808
-169430
-160371
-151836
-143973
-136902
-130701
-125376
-120902
-117242
-114331
-112058
-110291
-108924
-107888
-107099
-106514
-106051
-105634
-105080
-104174
-102672
-100292
-96556
-91069
-83451
-73490
-61075
-46308
-29410
-10735
9284
30146
51463
72851
94072
114848
135021
154368
172750
190043
206123
220834
234104
245899
256268
265296
273148
279899
285553
290032
293233
295102
295662
295069
293594
291405
288596
285296
281601
277659
273603
269552
265575
261744
258019
254370
250691
246919
242923
238406
232937
225987
217042
205933
193323
180254
167476
154943
142259
129026
115053
100644
86301
72717
60133
48488
37673
27346
17131
6479
-4875
-17181
-30355
-44168
-58475
-73197
-88181
-103271
-118036
-132114
-145240
-157199
-168033
-177989
-187224
-195923
-204218
-212080
-219432
-226079
-231973
-236952
-241033
-244298
-246675
-248028
-248158
-246822
-243713
-238537
-231109
-221524
-210185
-197553
-184098
-170196
-156278
-142713
-129742
-117530
-106286
-96216
-87315
-79576
-73016
-67737
-63815
-61195
-59796
-59505
-60242
-61934
-64513
-67867
-71854
-76214
-80608
-84628
-87621
-89151
-88672
-85843
-80367
-72073
-60963
-47079
-30606
-11910
8544
29954
51729
73498
95032
116003
136215
155636
174083
191476
207662
222401
235512
246995
256997
265821
273821
281210
287983
294108
299608
304559
309080
313186
316792
319746
321922
323192
323244
321755
318680
313964
307449
299090
289023
277362
264254
249944
234714
218781
202395
186013
170039
154891
141061
128953
118616
109969
102852
96890
91599
86240
80328
73412
65312
55955
45296
33298
20160
6166
-8287
-22986
-37733
-52513
-67337
-82308
-97458
-112712
-127781
-142238
-155684
-167925
-178881
-188622
-197283
-205193
-212630
-219831
-226999
-234071
-240736
-246762
-251840
-255690
-258113
-258894
-257958
-255249
-250863
-244951
-237717
-229404
-220202
-210269
-199725
-188612
-177088
-165230
-153148
-140897
-128573
-116381
-104563
-93398
-82949
-73540
-65348
-58584
-53350
-49662
-47510
-46824
-47546
-49560
-52656
-56669
-61304
-66351
-71497
-76373
-80457
-83180
-83800
-81651
-76174
-67102
-54451
-38452
-19467
1874
25089
49520
74489
99356
123636
146803
168478
188369
206222
221903
235290
246394
255353
262376
267834
272080
275487
278251
280574
282595
284394
286057
287579
288897
289823
290175
289876
288832
287055
284662
281738
278377
274607
270324
265326
259628
253352
246576
239094
230761
221397
210922
199376
187034
174276
161489
148830
136466
124458
112764
101301
89892
78215
65929
52836
38761
23696
7578
-9533
-27519
-46263
-65498
-84864
-103921
-122110
-139066
-154500
-168368
-180630
-191332
-200558
-208381
-214905
-220343
-224860
-228689
-231916
-234596
-236717
-238235
-239110
-239219
-238386
-236333
-232893
-228017
-221744
-214191
-205570
-196089
-185972
-175427
-164705
-154020
-143562
-133547
-124140
-115388
-107318
-99903
-93090
-86773
-81072
-76132
-72088
-69083
-67131
-66170
-65962
-66215
-66535
-66481
-65697
-63977
-61235
-57488
-52865
-47425
-41231
-34243
-26489
-18007
-8802
1173
11930
23481
35778
48785
62382
76429
90825
105465
120328
135266
150133
164849
179299
193330
206798
219640
231754
243077
253521
263096
271805
279707
286923
293615
299936
305911
311587
316906
321794
326290
330428
334327
338145
342036
346179
350734
355813
361480
367849
375011
382983
391769
401393
411905
423421
436025
