0	0
0	0
0		166.909
0	0
0	0
329		224.262
0	0
52		236.066
0	0
8		234
0	0
50		254
0	0
50		244
0	0
66		233.5
0	0
12		220.5
0	0
34		233
0	0
33		224.5
0	0
42		231.5
0	0
34		222
0	0
42		222.5
0	0
37		223.5
0	0
43		216.5
38		199
0	0
0	0
37		205
0	0
37		206
0	0
36		218
0	0
39		214
0	0
32		223.5
0	0
26		225
0	0
21		228.5
0	0
26		211
0	0
32		205
0	0
32		205.5
0	0
27		222.5
0	0
19		225.5
0	0
29		243
0	0
34		244
0	0
34		249
0	0
343		244
343		207
0	0
340		174.5
0	0
0	0
282		173.5
0	0
257		178.5
257		182.5
0	0
0	0
260		188
0	0
274		194.5
274		189.5
0	0
0	0
279		187.5
279		178
0	0
