319
51
30
50
7
7
6
1
354
357
0
354
357
352
339
351
263
93
13
7
1
245
235
258
18
37
2
7
4
289
346
346
354
356
355
351
349
0
355
358
352
0
3
358
356
273
27
349
39
329
352
358
356
122
184
19
89
11
4
355
1
6
359
357
11
15
358
3
1
0
357
359
355
357
3
1
358
359
357
359
356
0
358
359
358
359
0
352
352
354
6
0
2
1
0
2
359
1
2
356
0
1
2
1
0
1
3
2
2
3
359
1
358
359
5
356
358
346
346
345
345
345
349
345
347
347
27
340
42
113
45
61
67
5
3
358
0
0
359
1
0
0
359
3
2
358
3
0
0
0
1
1
0
0
359
357
3
1
1
359
2
1
329
163
160
160
287
64
96
102
0
358
353
357
355
358
359
355
358
358
358
358
358
358
358
0
355
0
359
359
359
0
0
2
3
339
357
3
0
1
0
2
1
2
0
1
2
359
0
1
3
358
358
1
358
359
1
358
331
51
155
66
189
1
15
5
1
2
354
356
355
358
1
358
2
3
357
1
2
359
0
359
355
4
0
1
0
2
355
359
358
358
357
0
358
355
5
1
355
359
353
2
358
358
358
358
355
356
359
1
357
359
1
357
359
0
356
15
10
1
353
357
2
351
359
355
245
107
356
0
358
0
1
358
359
1
0
0
0
357
0
0
359
359
357
2
359
358
358
6
341
47
345
52
323
100
93
141
92
143
96
70
147
111
111
113
57
91
343
93
68
213
116
116
132
60
128
163
81
104
9
3
2
357
358
348
177
211
174
196
188
346
204
158
229
194
322
168
75
201
100
171
96
25
118
28
99
143
177
72
116
104
100
168
237
29
117
