0
0
0
0
0
0
0
0
0
0
0
0
0
0
0
0
0
0
0
0
0
0
0
0
0
0
0
0
0
0
0
0
0
0
0
0
0
0
0
0
0
0
0
0
0
0
0
0
0.0402439
0.11878
0.233659
0.380976
0.557317
0.75878
0.981951
1.22244
1.47488
1.73415
1.99463
2.21122
2.38024
2.49829
2.56195
2.56707
2.51024
2.38854
2.20146
1.95195
1.64732
1.29561
0.902439
0.473902
0.0168289
-0.460976
-0.952196
-1.45098
-1.95342
-2.45659
-2.96024
-3.46683
-3.97976
-4.50073
-5.03122
-5.57171
-6.1222
-6.6822
-7.25073
-7.82512
-8.40293
-8.98147
-9.55951
-10.1351
-10.7068
-11.2734
-11.8363
-12.3976
-12.9593
-13.5234
-14.0924
-14.6688
-15.2556
-15.8554
-16.4698
-17.1012
-17.7522
-18.4234
-19.1146
-19.8244
-20.5515
-21.2932
-22.0471
-22.8105
-23.582
-24.3598
-25.1412
-25.9234
-26.7049
-27.4849
-28.2632
-29.0403
-29.8176
-30.5971
-31.3805
-32.17
-32.9688
-33.779
-34.6022
-35.4388
-36.2871
-37.1434
-38.0037
-38.8632
-39.7185
-40.5659
-41.4005
-42.2181
-43.0156
-43.79
-44.5378
-45.2556
-45.942
-46.5946
-47.2105
-47.7866
-48.3198
-48.8073
-49.2464
-49.6337
-49.9673
-50.2471
-50.4737
-50.6464
-50.7654
-50.8315
-50.8447
0.0387805
0.128049
0.266829
0.453659
0.687805
0.969512
1.29854
1.67341
2.09293
2.55585
3.06122
3.60902
4.19927
4.83171
5.50732
6.22659
6.99
7.79756
8.64927
9.54463
10.4824
11.4612
12.4805
13.5407
14.6422
15.7846
16.9671
18.1871
19.4417
20.7273
22.04
23.3754
24.7293
26.0971
27.472
28.8459
30.21
31.5559
32.8751
34.1605
35.4056
36.6046
37.7532
38.8459
39.8776
40.8444
41.7437
42.5742
43.3349
44.0256
44.6456
45.1941
45.671
46.0746
46.4027
46.6524
46.822
46.9098
46.9142
46.8351
46.6739
46.4324
46.1149
45.7261
45.2732
44.7656
44.2134
43.6249
43.0076
42.3685
41.7146
41.051
40.3822
39.7105
39.0373
38.3612
37.6793
36.9883
36.2859
35.5707
34.8422
34.0988
33.3398
32.5649
31.7741
30.9676
30.1459
29.3105
28.4634
27.6073
26.7442
25.8756
25.0024
24.1244
23.2412
22.3537
21.4627
20.5688
19.6724
18.7749
17.8766
16.9768
16.0749
15.1695
14.2598
13.3451
12.4261
11.5049
10.5846
9.66781
8.75537
7.84903
6.95318
6.07513
5.2222
4.40025
3.61391
2.86684
2.16147
1.50074
0.887567
0.326103
-0.179018
-0.624628
-1.00975
-1.33243
-1.58877
-1.7739
-1.88512
-1.92048
0.0409756
0.158537
0.352439
0.620976
0.961951
1.37171
1.84683
2.38317
2.97659
3.6239
4.32366
5.07463
5.87537
6.72463
7.62098
8.56439
9.55512
10.5929
11.6768
12.8051
13.9756
15.1841
16.4266
17.6988
18.9963
20.3107
21.6302
22.9427
24.239
25.5134
26.7585
27.9685
29.139
30.2668
31.3481
32.3793
33.3624
34.3024
35.2046
36.072
36.9054
37.7076
38.4802
39.2239
39.9363
40.6142
41.2532
41.8478
42.391
42.8749
43.2917
43.6344
43.8968
44.0744
44.1639
44.1651
44.0793
43.9083
43.6559
43.3276
42.9307
42.4727
41.959
41.3944
40.7822
40.1268
39.4327
38.7054
37.95
37.17
36.3676
35.5434
34.6995
33.8385
32.9634
32.0768
31.1795
30.2712
29.3522
28.422
27.4812
26.5303
25.5685
24.5961
23.6132
22.6193
21.6142
20.5981
19.5707
18.5322
17.4842
16.4276
15.3642
14.2981
13.2315
12.1681
11.1146
10.0771
9.0605
8.06952
7.10781
6.17854
5.28611
4.43391
3.62415
2.86001
2.14293
1.47269
0.849032
0.272446
-0.254871
-0.730968
-1.1539
-1.52097
-1.82926
-2.07609
-2.25902
-2.3756
-2.42341
0.0229268
0.118293
0.286585
0.528293
0.843171
1.23024
1.69024
2.22366
2.83122
3.51341
4.27049
5.10244
6.00927
6.99049
8.0439
9.16707
10.3563
11.6054
12.9071
14.2534
15.6373
17.0515
18.4871
19.9356
21.3902
22.8454
24.2951
25.7334
27.1561
28.5588
29.9373
31.2868
32.602
33.8783
35.1127
36.3012
37.4395
38.5254
39.5566
40.5305
41.4432
42.2885
43.0612
43.7559
44.3668
44.8885
45.3151
45.642
45.8641
45.9781
45.9829
45.8812
45.6788
45.3827
45.0005
44.5402
44.0103
43.4183
42.7722
42.08
41.349
40.5842
39.7883
38.9634
38.1102
37.2298
36.3232
35.392
34.438
33.4629
32.4683
31.4551
30.4246
29.3783
28.3176
27.2446
26.162
25.0717
23.9759
22.8744
21.7671
20.6539
19.5354
18.4124
17.2863
16.159
15.0324
13.909
12.7898
11.6751
10.5681
9.47269
8.39318
7.33415
6.30098
5.29878
4.33269
3.40586
2.52074
1.68195
0.895126
0.16537
-0.503411
-1.10731
-1.64292
-2.10707
-2.4978
-2.81317
-3.05073
-3.20756
-3.28195
0.00853659
0.1
0.27439
0.530732
0.866829
1.28098
1.77317
2.34439
2.99537
3.72634
4.53683
5.42488
6.38951
7.43073
8.54951
9.74585
11.0159
12.3534
13.7515
15.2039
16.7034
18.242
19.8112
21.401
23.0007
24.599
26.1873
27.7595
29.3098
30.8307
32.3137
33.75
35.1339
36.4634
37.7381
38.9559
40.1137
41.2066
42.229
43.1746
44.0368
44.811
45.4922
46.0751
46.5522
46.9168
47.1644
47.2924
47.302
47.1966
46.9832
46.6717
46.272
45.7932
45.2464
44.642
43.9881
43.2917
42.5585
41.7934
40.9998
40.1803
39.3349
38.4627
37.5637
36.6385
35.6888
34.7171
33.7256
32.7166
31.6915
30.6515
29.5968
28.53
27.4529
26.3678
25.2756
24.1771
23.0724
21.9622
20.8468
19.7271
18.6039
17.4785
16.352
15.2256
14.1007
12.9795
11.8646
10.759
9.66805
8.59879
7.55635
6.54562
5.57171
4.63879
3.75196
2.91635
2.13635
1.41732
0.764396
0.180737
-0.331946
-0.771214
-1.13341
-1.41512
-1.61243
-1.72317
-1.74609
0.0653659
0.219512
0.461951
0.792439
1.21122
1.71902
2.31512
2.99805
3.76537
4.61537
5.54829
6.5639
7.66171
8.84
10.0946
11.4202
12.8107
14.259
15.7593
17.3039
18.8824
20.4824
22.0915
23.699
25.0644
26.1837
27.0544
27.6744
28.0412
28.1527
28.0088
27.6124
26.9685
26.081
24.9524
23.8171
22.6754
21.5285
20.3776
19.2251
18.0732
16.9229
15.7761
14.6346
13.5002
12.3771
11.271
10.1876
9.12976
8.09903
7.09708
6.12659
5.19244
4.29903
3.45122
2.65439
1.91268
1.22903
0.605856
0.047319
-0.441705
-0.855852
-1.19049
-1.44219
-1.60853
-1.68902
0.00585366
0.0990244
0.279268
0.546341
0.899512
1.33829
1.86122
2.46707
3.15463
3.92317
4.77317
5.7061
6.72171
7.81854
8.99366
10.2439
11.5668
12.9598
14.4198
15.9405
17.512
19.122
20.7585
22.4105
24.0656
25.7139
27.3459
28.9505
30.5149
32.0266
33.4759
34.8585
36.1744
37.422
38.5993
39.7073
40.7444
41.7066
42.5917
43.3978
44.1241
44.7685
45.3278
45.7949
46.1641
46.4312
46.592
46.6466
46.5983
46.4512
46.2117
45.8856
45.4788
44.9978
44.4493
43.8393
43.1729
42.4566
41.6944
40.8898
40.0458
39.1641
38.2463
37.2956
36.3154
35.31
34.2837
33.2402
32.1824
31.1134
30.0351
28.9493
27.8568
26.759
25.6568
24.551
23.4422
22.3317
21.2193
20.1056
18.9907
17.8741
16.7568
15.64
14.5246
13.4132
12.31
11.2188
10.1429
9.08658
8.05365
7.04926
6.07853
5.14609
4.25683
3.41585
2.6278
1.89561
1.22317
0.61585
0.0795081
-0.381224
-0.761955
-1.05854
-1.26781
-1.38757
-1.4161
0.062439
0.216585
0.461463
0.795366
1.21659
1.72341
2.31439
2.98854
3.74488
4.58342
5.50634
6.51512
7.60951
8.78878
10.0512
11.3939
12.8132
14.3037
15.8576
17.4666
19.1195
20.8017
22.499
24.1988
25.8881
27.5549
29.1881
30.7746
32.3039
33.7676
35.1585
36.4739
37.7124
38.872
39.95
40.9454
41.8578
42.6885
43.4398
44.112
44.7049
45.2183
45.6498
45.9966
46.2578
46.4324
46.52
46.52
46.4322
46.2578
45.9993
45.66
45.2437
44.7537
44.1937
43.5676
42.8798
42.1354
41.3393
40.4959
39.61
38.6854
37.7261
36.7368
35.7232
34.6917
33.6485
32.5983
31.5442
30.4878
29.4298
28.3705
27.3102
26.2483
25.1834
24.1144
23.0398
21.9595
20.8737
19.7824
18.6871
17.5885
16.4873
15.3846
14.2824
13.1827
12.0885
11.0037
9.93122
8.87513
7.83927
6.82708
5.84342
4.89439
3.9861
3.12342
2.31147
1.55415
0.854882
0.216833
-0.356582
-0.86146
-1.29414
-1.6517
-1.93195
-2.13366
-2.25414
-2.29048
0.0492683
0.185122
0.408781
0.720488
1.12024
1.60878
2.18634
2.85268
3.60756
4.44951
5.37756
6.39171
7.49049
8.67
9.92512
11.2512
12.6424
14.0924
15.5929
17.1337
18.7039
20.2895
21.8773
23.4554
25.0146
26.5478
28.0466
29.5032
30.9115
32.2666
33.5644
34.8032
35.9849
37.1095
38.1776
39.1888
40.1395
41.0256
41.8422
42.5832
43.2441
43.8227
44.3171
44.7224
45.0337
45.2459
45.3561
45.3651
45.278
45.1012
44.8412
44.5032
44.0915
43.6098
43.0637
42.4602
41.8063
41.1083
40.3712
39.5985
38.7932
37.9571
37.0922
36.202
35.2898
34.3593
33.4137
32.4544
31.4824
30.4981
29.5005
28.489
27.4634
26.4241
25.3702
24.3005
23.2129
22.1071
20.9839
19.8446
18.6907
17.5241
16.3466
15.1607
13.9693
12.7754
11.5841
10.4015
9.2322
8.08146
6.95561
5.86049
4.80195
3.7861
2.81707
1.90025
1.04098
0.242928
-0.491462
-1.15975
-1.75902
-2.28854
-2.74732
-3.13463
-3.44975
-3.69097
-3.85683
-3.94536
-3.95561
0.0695122
0.22
0.453171
0.770244
1.17195
1.65756
2.22732
2.88171
3.62073
4.44415
5.35122
6.34049
7.41
8.5561
9.77512
11.0641
12.42
13.8378
15.3093
16.8241
18.3722
19.9432
21.5263
23.1129
24.6949
26.2639
27.811
29.3259
30.8002
32.2283
33.6071
34.9332
36.2049
37.4222
38.5834
39.6866
40.7298
41.712
42.631
43.4832
44.2654
44.9742
45.6049
46.1527
46.6115
46.9766
47.2444
47.4129
47.4817
47.4534
47.3329
47.1251
46.8354
46.4702
46.0359
45.5385
44.9839
44.3761
43.7193
43.0173
42.2734
41.4902
40.671
39.8183
38.9351
38.0239
37.0871
36.1278
35.1498
34.1559
33.1488
32.1305
31.1024
30.0659
29.0217
27.97
26.911
25.8454
24.7732
23.6946
22.6102
21.5195
20.4229
19.321
18.2139
17.1019
15.9863
14.8678
13.7468
12.6254
11.5044
10.3856
9.27341
8.17244
7.08829
6.02805
5.00024
4.01317
3.07439
2.19097
1.36829
0.611948
-0.0724422
-0.681711
-1.21342
-1.66586
-2.03878
-2.33269
-2.54781
-2.68391
-2.74074
0.0231707
0.126585
0.310732
0.576098
0.922927
1.34976
1.85512
2.43707
3.09268
3.82049
4.62049
5.49146
6.43244
7.44366
8.52829
9.68902
10.929
12.2507
13.6554
15.1432
16.7122
18.3585
20.0722
21.8337
23.621
25.4295
27.2588
29.0866
30.8751
32.5939
34.2293
35.7778
37.2366
38.602
39.8761
41.0639
42.1539
43.1312
44.0022
44.7885
45.5046
46.1495
46.7124
47.1859
47.5729
47.8807
48.1127
48.2685
48.3473
48.3498
48.2793
48.1403
47.9371
47.6749
47.3573
46.9859
46.5617
46.0856
45.5583
44.9856
44.3788
43.7481
43.1
42.4351
41.7461
41.0229
40.261
39.4671
38.6537
37.8315
37.0017
36.1568
35.2883
34.3907
33.4678
32.5339
31.6051
30.69
29.7846
28.8798
27.9683
27.0476
26.1188
25.1849
24.248
23.3083
22.3632
21.4095
20.4466
19.4763
18.5012
17.5241
16.5483
15.5761
14.609
13.6495
12.6983
11.7556
10.8232
9.90414
9.00268
8.1239
7.27195
6.44951
5.65731
4.89536
4.16487
3.46853
2.81073
2.19561
1.62536
1.09878
0.613898
0.170971
-0.22781
-0.576346
-0.868298
-1.09903
-1.26464
-1.36269
-1.39196
0.0412195
0.154878
0.343171
0.607561
0.947317
1.35976
1.84293
2.3961
3.01756
3.7061
4.46024
5.27732
6.15537
7.09293
8.08781
9.13878
10.2454
11.4054
12.6146
13.87
15.1698
16.5127
17.8993
19.3276
20.7937
22.2937
23.8205
25.3654
26.9222
28.4849
30.0444
31.5905
33.1122
34.5961
36.0329
37.4149
38.7334
39.9837
41.1627
42.2663
43.2919
44.2393
45.1083
45.8983
46.6073
47.2334
47.7754
48.2327
48.6044
48.8895
49.0854
49.1895
49.2012
49.1215
48.9517
48.6983
48.3678
47.9649
47.4951
46.9634
46.3722
45.7256
45.0278
44.2822
43.4932
42.6654
41.8027
40.908
39.9854
39.0373
38.0668
37.0793
36.0802
35.0758
34.07
33.0651
32.061
31.0563
30.0502
29.0417
28.0305
27.0163
25.998
24.9744
23.9446
22.9088
21.8666
20.8193
19.7685
18.7149
17.6588
16.6014
15.5427
14.4817
13.4193
12.3553
11.2917
10.2329
9.18291
8.14535
7.12535
6.12705
5.15461
4.21388
3.31193
2.45559
1.65144
0.904614
0.217297
-0.407093
-0.965874
-1.45612
-1.8749
-2.21831
-2.4827
-2.66539
-2.76465
-2.78026
0.0673171
0.217561
0.450244
0.765854
1.16293
1.64049
2.19683
2.83
3.53829
4.31976
5.1722
6.09463
7.08634
8.14512
9.26854
10.4541
11.6966
12.9885
14.3215
15.6866
17.0754
18.4798
19.8915
21.3022
22.7037
24.0866
25.4437
26.771
28.0659
29.3263
30.5517
31.7398
32.8893
34.001
35.0754
36.1129
37.1134
38.0763
38.9993
39.8798
40.7151
41.5002
42.2305
42.9005
43.5029
44.0302
44.4768
44.8393
45.1151
45.3041
45.4078
45.4293
45.3732
45.2441
45.0476
44.788
44.4698
44.0973
43.6744
43.2024
42.6822
42.1127
41.4937
40.8273
40.1176
39.3688
38.5851
37.771
36.9295
36.0649
35.1819
34.2851
33.3793
32.4673
31.5507
30.6288
29.701
28.7676
27.8293
26.8861
25.938
24.9854
24.028
23.0668
22.1032
21.1378
20.1732
19.2122
18.2561
17.3058
16.3622
15.4251
14.4946
13.571
12.6544
11.7456
10.8485
9.96512
9.09731
8.24804
7.41999
6.6156
5.83731
5.08853
4.3739
3.69755
3.06219
2.46829
1.91512
1.40341
0.934384
0.50975
0.13414
-0.186592
-0.448543
-0.649031
-0.785372
-0.855128
-0.855372
0.0719512
0.217561
0.437561
0.732439
1.10146
1.5439
2.05854
2.64366
3.29781
4.01976
4.80854
5.6639
6.58512
7.57049
8.61707
9.72195
10.8798
12.0839
13.3295
14.6112
15.9244
17.2632
18.6198
19.9868
21.3583
22.7281
24.0893
25.438
26.7707
28.0812
29.3641
30.6129
31.8212
32.9849
34.1022
35.1707
36.188
37.1524
38.0607
38.9085
39.6932
40.4124
41.0634
41.6446
42.1537
42.5863
42.9393
43.2107
43.3985
43.5022
43.5244
43.4676
43.3351
43.132
42.8634
42.5361
42.1571
41.7332
41.2702
40.7742
40.2478
39.6932
39.1137
38.5115
37.8883
37.2456
36.5834
35.902
35.2015
34.4829
33.7481
33.0005
32.2432
31.4788
30.7095
29.9368
29.162
28.3859
27.609
26.832
26.0561
25.2829
24.5132
23.7485
22.9893
22.2351
21.4871
20.7461
20.0129
19.2876
18.569
17.8534
17.1368
16.4156
15.6863
14.9461
14.1922
13.4222
12.6349
11.831
11.0127
10.1846
9.35293
8.52293
7.69927
6.88756
6.09366
5.32342
4.58098
3.86927
3.19049
2.54634
1.93683
1.36317
0.828537
0.337318
-0.105853
-0.498536
-0.838048
-1.12
-1.34024
-1.49293
-1.57317
-1.57683
0.0736585
0.223415
0.446098
0.738049
1.09756
1.5239
2.01512
2.56927
3.18171
3.84854
4.56707
5.33634
6.15634
7.02683
7.94634
8.91317
9.92537
10.9802
12.0763
13.2124
14.3854
15.5917
16.8283
18.0912
19.3776
20.6844
22.0073
23.34
24.6766
26.0105
27.3346
28.6417
29.9261
31.1815
32.4024
33.5839
34.7237
35.8195
36.87
37.8729
38.8261
39.7283
40.5788
41.3761
42.1173
42.8015
43.4239
43.98
44.4668
44.882
45.2246
45.4961
45.6988
45.8356
45.91
45.9254
45.8844
45.7905
45.6463
45.452
45.208
44.9134
44.5644
44.1558
43.6832
43.1429
42.5351
41.8624
41.13
40.3432
39.5095
38.6373
37.7354
36.8132
35.8805
34.9466
34.019
33.1019
32.1966
31.3027
30.4202
29.548
28.6849
27.83
26.9817
26.1385
25.2995
24.4641
23.6312
22.8005
21.971
21.141
20.309
19.4739
18.6346
17.79
16.9393
16.0812
15.2132
14.3339
13.4432
12.5407
11.6273
10.7051
9.77731
8.84755
7.92024
6.99902
6.0878
5.19292
4.31902
3.46999
2.6517
1.86999
1.12902
0.431212
-0.222691
-0.830983
-1.39074
-1.89879
-2.35098
-2.74293
-3.07025
-3.33001
-3.52001
-3.63854
-3.68415
0.0287805
0.131951
0.309268
0.559268
0.878537
1.26366
1.71268
2.22317
2.79171
3.41585
4.0939
4.82488
5.60781
6.44195
7.3261
8.26049
9.24537
10.2798
11.362
12.4905
13.6627
14.8746
16.1198
17.3905
18.6768
19.9668
21.2517
22.5232
23.7712
24.9883
26.1695
27.3105
28.4073
29.459
30.4663
31.4327
32.3637
33.2627
34.1327
34.9783
35.8029
36.6071
37.3895
38.1488
38.8829
39.5878
40.2607
40.8983
41.4954
42.0451
42.5402
42.9737
43.3412
43.641
43.8712
44.031
44.12
44.1371
44.0832
43.9607
43.7732
43.5246
43.2198
42.8617
42.4527
41.9954
41.4922
40.9456
40.3588
39.7349
39.0759
38.3844
37.6637
36.9159
36.1427
35.3466
34.5293
33.6939
32.8432
31.98
31.1054
30.22
29.3232
28.4139
27.4927
26.56
25.6166
24.6627
23.6983
22.7227
21.7368
20.7415
19.7371
18.7256
17.7093
16.6898
15.6695
14.651
13.6354
12.6227
11.6137
10.6078
9.60684
8.61537
7.63684
6.67415
5.72976
4.80757
3.91123
3.04537
2.21586
1.42806
0.6883
0.0002512
-0.634871
-1.21585
-1.7417
-2.21219
-2.62731
-2.98585
-3.28658
-3.52609
-3.70292
-3.81707
-3.86707
0.014878
0.0960976
0.24561
0.465122
0.755122
1.11415
1.54122
2.03415
2.59171
3.2139
3.9
4.64951
5.46146
6.33415
7.26634
8.25659
9.30317
10.4049
11.559
12.7634
14.0159
15.3141
16.6529
18.0261
19.4281
20.852
22.2915
23.7402
25.1902
26.6344
28.0663
29.4773
30.8598
32.2098
33.5227
34.7937
36.0195
37.1985
38.3302
39.4168
40.4595
41.4563
42.4054
43.3017
44.1393
44.9129
45.6185
46.251
46.8054
47.2761
47.6559
47.9405
48.1298
48.2254
48.2324
48.1595
48.0142
47.8039
47.5371
47.2188
46.8544
46.45
46.0088
45.5312
45.0163
44.4617
43.8642
43.2234
42.5415
41.8195
41.0607
40.2688
39.4461
38.5961
37.7239
36.8359
35.9378
35.0342
34.1271
33.2171
32.3049
31.3907
30.4744
29.5559
28.6344
27.709
26.7793
25.8444
24.9034
23.9564
23.0032
22.0432
21.0766
20.1042
19.1256
18.142
17.1539
16.1612
15.1649
14.1654
13.1622
12.1561
11.1498
10.1466
9.14976
8.16391
7.1944
6.24708
5.32854
4.44366
3.59708
2.79537
2.0444
1.34805
0.709518
0.131225
-0.385116
-0.839263
-1.23048
-1.55756
-1.81756
-2.00731
-2.12585
-2.17292
0.0246341
0.12122
0.289512
0.528781
0.838781
1.21829
1.66585
2.17927
2.75659
3.39659
4.09902
4.86317
5.68878
6.57488
7.52073
8.52585
9.58951
10.71
11.8861
13.1161
14.3973
15.7227
17.0827
18.4649
19.8573
21.2495
22.6312
23.9924
25.3249
26.6217
27.8756
29.0807
30.2354
31.342
32.4046
33.428
34.4159
35.3702
36.2946
37.1924
38.0641
38.909
39.7254
40.5083
41.251
41.9483
42.5944
43.1841
43.7137
44.178
44.5729
44.8966
45.1502
45.3371
45.4632
45.5346
45.5563
45.5324
45.4654
45.3559
45.2037
45.0066
44.759
44.4537
44.0817
43.6351
43.109
42.5027
41.8178
41.0597
40.2361
39.3556
38.4283
37.4649
36.4771
35.4766
34.4736
33.4754
32.4858
31.5071
30.538
29.5766
28.6197
27.6639
26.7054
25.7407
24.7666
23.7817
22.7851
21.7766
20.7568
19.7271
18.6885
17.6415
16.5868
15.5249
14.4563
13.3836
12.3095
11.2375
10.1719
9.11608
8.07121
7.03974
6.02584
5.03486
4.07316
3.14828
2.26633
1.4312
0.644132
-0.0934293
-0.779283
-1.40904
-1.97831
-2.48245
-2.9188
-3.28343
-3.57416
-3.78977
-3.92782
-3.98538
0.0246341
0.132195
0.322927
0.595854
0.948537
1.37829
1.88098
2.45366
3.09366
3.79781
4.56293
5.38707
6.26976
7.21122
8.21049
9.26683
10.3807
11.5529
12.7837
14.0724
15.4176
16.8168
18.2676
19.7644
21.3012
22.8722
24.4681
26.0793
27.6976
29.3127
30.9144
32.4946
34.0459
35.5588
37.0251
38.4376
39.79
41.0805
42.3093
43.4749
44.5756
45.6107
46.5756
47.4627
48.2654
48.9776
49.5946
50.1129
50.5283
50.8371
51.0368
51.1273
51.111
50.9963
50.7963
50.5246
50.1951
49.819
49.4046
48.9598
48.4885
47.992
47.4695
46.9195
46.3383
45.7224
45.0693
44.3768
43.6439
42.8707
42.0593
41.2144
40.3432
39.4537
38.5527
37.6446
36.7324
35.8171
34.8993
33.9805
33.0612
32.1407
31.2171
30.2878
29.3495
28.3993
27.4359
26.4588
25.4671
24.4617
23.4432
22.4129
21.3732
20.3261
19.2742
18.2195
17.1659
16.1149
15.069
14.0317
13.0076
12
11.0122
10.0468
9.10683
8.19659
7.32025
6.48147
5.68513
4.93683
4.24025
3.5961
3.00537
2.46879
1.98757
1.56293
1.19488
0.883908
0.630249
0.434395
0.296834
0.21903
0.204395
0.052439
0.173902
0.365366
0.627561
0.960976
1.36537
1.84146
2.39073
3.01171
3.70244
4.45878
5.27756
6.1578
7.09781
8.0961
9.1522
10.2641
11.4263
12.6312
13.8717
15.1402
16.4298
17.7334
19.0434
20.3546
21.6622
22.9595
24.2422
25.5076
26.7524
27.9741
29.1712
30.342
31.4834
32.5937
33.6693
34.7068
35.7046
36.6629
37.5822
38.4627
39.3032
40.1003
40.8515
41.5549
42.2061
42.8
43.332
43.7961
44.1866
44.4978
44.7273
44.8737
44.9378
44.9215
44.8259
44.6561
44.4173
44.1142
43.7505
43.3285
42.85
42.3173
41.7334
41.1012
40.4239
39.7041
38.9439
38.1463
37.3161
36.4571
35.5742
34.6712
33.752
32.82
31.8778
30.9276
29.9705
29.0068
28.0376
27.0629
26.0822
25.0946
24.0998
23.0961
22.0827
21.0593
20.0254
18.9807
17.9266
16.8622
15.7881
14.7068
13.6205
12.5312
11.4424
10.3561
9.27512
8.20464
7.14976
6.11464
5.10512
4.12732
3.18585
2.28512
1.42903
0.619757
-0.139756
-0.847804
-1.5039
-2.10683
-2.65585
-3.15073
-3.59146
-3.97659
-4.30244
-4.56488
-4.75951
-4.88146
-4.9261
0.0356098
0.155366
0.361951
0.657073
1.04098
1.51341
2.0722
2.71439
3.43781
4.23902
5.11488
6.06244
7.07854
8.16024
9.30488
10.5088
11.768
13.0798
14.4407
15.8471
17.2959
18.7837
20.3056
21.8556
23.4241
25
26.5749
28.14
29.6863
31.2059
32.6924
34.1381
35.5363
36.882
38.1698
39.399
40.5683
41.6734
42.709
43.6715
44.5566
45.3576
46.069
46.6863
47.2032
47.6159
47.9239
48.1283
48.2307
48.2337
48.1398
47.9512
47.6741
47.3166
46.8861
46.3927
45.8456
45.25
44.6102
43.9329
43.2241
42.49
41.7363
40.9661
40.18
39.3771
38.5559
37.7151
36.8549
35.9768
35.0817
34.1702
33.2427
32.2988
31.339
30.3644
29.3763
28.3754
27.3622
26.3368
25.298
24.2458
23.1802
22.1017
21.0117
19.9115
18.8022
17.6856
16.5629
15.4356
14.3058
13.1761
12.0485
10.9278
9.81926
8.72658
7.65536
6.61073
5.59731
4.62097
3.68853
2.80682
1.98219
1.22048
0.524141
-0.105128
-0.665859
-1.15683
-1.57635
-1.92171
-2.19025
-2.38049
-2.4922
-2.52488
0.0463415
0.172439
0.379024
0.667561
1.03854
1.49244
2.02854
2.64488
3.33951
4.11098
4.95829
5.88049
6.87585
7.94293
9.07976
10.2846
11.5541
12.8834
14.2676
15.702
17.181
18.6959
20.2359
21.7907
23.3505
24.9049
26.4454
27.9634
29.4515
30.9027
32.3093
33.6627
34.9583
36.1961
37.3756
38.4978
39.5649
40.5756
41.5268
42.4119
43.2251
43.9622
44.6207
45.1985
45.6917
46.0961
46.4076
46.6222
46.7383
46.7583
46.691
46.5434
46.3224
46.0361
45.6905
45.2922
44.8468
44.3585
43.8295
43.2615
42.6534
42.0044
41.3149
40.5861
39.8197
39.0193
38.1873
37.3268
36.441
35.5334
34.6088
33.6729
32.73
31.7829
30.8317
29.8756
28.9146
27.9478
26.9744
25.9946
25.0078
24.0134
23.0115
22.0015
20.9839
19.9605
18.9312
17.8966
16.8583
15.8185
14.7795
13.7441
12.7149
11.6949
10.6888
9.70097
8.73633
7.80072
6.89828
6.03194
5.20511
4.42121
3.68292
2.9917
2.34828
1.75438
1.21218
0.724136
0.292672
-0.078791
-0.385864
-0.623913
-0.788059
-0.873181
-0.873425
0.0895122
0.272195
0.549512
0.921951
1.39
1.95268
2.60951
3.35805
4.19512
5.11707
6.12073
7.20268
8.35829
9.58268
10.8698
12.2124
13.6027
15.0305
16.4861
17.9605
19.4427
20.9222
22.389
23.8339
25.2515
26.6373
27.9866
29.2961
30.5646
31.7905
32.9734
34.1163
35.2224
36.2937
37.3312
38.3339
39.2993
40.2246
41.1059
41.939
42.7207
43.4456
44.1051
44.6907
45.1941
45.6102
45.9349
46.1654
46.3
46.3393
46.2834
46.1327
45.889
45.5556
45.1368
44.639
44.0676
43.4276
42.7246
41.9649
41.1554
40.3034
39.4168
38.5024
37.5675
36.6178
35.6566
34.6868
33.7107
32.7302
31.7466
30.76
29.7695
28.7741
27.7736
26.7678
25.7563
24.7397
23.7188
22.6932
21.6627
20.6278
19.5883
18.5456
17.5022
16.4575
15.4117
14.3656
13.319
12.2744
11.2385
10.2178
9.2173
8.24169
7.29218
6.36925
5.47535
4.61389
3.7873
3.00096
2.25706
1.55511
0.89462
0.274619
-0.304649
-0.84099
-1.33123
-1.77172
-2.15758
-2.48514
-2.75123
-2.9527
-3.0866
-3.15075
0.00902439
0.095122
0.260244
0.506098
0.832927
1.24073
1.73
2.30024
2.95024
3.67829
4.48341
5.36317
6.31463
7.33537
8.42439
9.57878
10.7946
12.0668
13.3895
14.7566
16.1629
17.6037
19.0712
20.5566
22.0502
23.541
25.0176
26.4698
27.8881
29.262
30.5856
31.8549
33.0641
34.2124
35.3024
36.3368
37.3188
38.252
39.1402
39.9859
40.7907
41.552
42.2639
42.9217
43.5168
44.0415
44.4895
44.8563
45.1383
45.3324
45.4376
45.4542
45.3846
45.2317
45.001
44.6998
44.3332
43.9056
43.4198
42.8781
42.2846
41.6432
40.9568
40.2303
39.4671
38.6698
37.8412
36.9851
36.1049
35.2049
34.2893
33.3605
32.422
31.4763
30.5241
29.5659
28.6015
27.6312
26.6568
25.6783
24.6959
23.7088
22.7161
21.7168
20.7117
19.7024
18.6915
17.6812
16.6737
15.6702
14.6724
13.6812
12.6978
11.7229
10.7571
9.80025
8.85391
7.92049
7.00488
6.11293
5.25
4.42122
3.63147
2.88537
2.18756
1.54317
0.95732
0.433906
-0.0246311
-0.41829
-0.748534
-1.01634
-1.2217
-1.36317
-1.43707
-1.43902
0.0736585
0.226098
0.458293
0.77122
1.1661
1.6439
2.20585
2.85195
3.58122
4.39098
5.27854
6.24049
7.27439
8.37732
9.5461
10.7771
12.0661
13.4107
14.8068
16.2473
17.7263
19.2361
20.7676
22.3112
23.8578
25.3998
26.9305
28.4427
29.9273
31.3776
32.7905
34.1612
35.4854
36.7615
37.9878
39.1649
40.2934
41.3707
42.3922
43.3527
44.2468
45.0681
45.8122
46.4776
47.0627
47.5673
47.9888
48.3232
48.5693
48.7285
48.8051
48.8027
48.7244
48.5712
48.341
48.0307
47.6373
47.1598
46.5998
45.9627
45.2537
44.4768
43.6371
42.7398
41.7927
40.8054
39.7876
38.749
37.6983
36.6415
35.5805
34.5173
33.4534
32.389
31.3254
30.2622
29.1983
28.1312
27.0585
25.9771
24.8846
23.7795
22.6607
21.5293
20.3861
19.231
18.0639
16.8851
15.6956
14.4981
13.2961
12.0944
10.8995
9.71805
8.55464
7.41464
6.30464
5.23098
4.20074
3.22025
2.29391
1.4261
0.62098
-0.11902
-0.791703
-1.3939
-1.92243
-2.37414
-2.74536
-3.03219
-3.23097
-3.33707
-3.3478
0.0853659
0.268049
0.548537
0.926098
1.39976
1.96829
2.62927
3.37976
4.21659
5.13488
6.13195
7.20585
8.35341
9.57073
10.8544
12.1995
13.6002
15.0505
16.5424
18.0683
19.62
21.1873
22.761
24.3315
25.891
27.4329
28.9493
30.4312
31.8715
33.2649
34.6056
35.891
37.1193
38.2876
39.3961
40.4434
41.4254
42.3393
43.1822
43.9503
44.64
45.2466
45.7663
46.1954
46.5295
46.7646
46.8976
46.9281
46.86
46.7
46.4566
46.1393
45.7568
45.3168
44.8251
44.2861
43.7024
43.0761
42.4088
41.7005
40.9517
40.162
39.331
38.4598
37.549
36.6022
35.6246
34.6229
33.6032
32.5712
31.5305
30.4824
29.4285
28.3698
27.3078
26.2439
25.1778
24.109
23.0368
21.9605
20.8793
19.7949
18.7073
17.6163
16.522
15.4244
14.3239
13.2227
12.1227
11.0271
9.93976
8.86561
7.80756
6.77098
5.76268
4.79024
3.85976
2.9761
2.14341
1.3661
0.64878
-0.00512201
-0.592439
-1.10854
-1.54976
-1.91415
-2.20049
-2.40634
-2.52976
-2.56805
0.0478049
0.181951
0.402683
0.710244
1.10341
1.58
2.13805
2.77512
3.48927
4.28024
5.14659
6.08732
7.10171
8.18805
9.34512
10.571
11.8622
13.2141
14.6207
16.0737
17.5639
19.0805
20.6117
22.1468
23.6737
25.1815
26.662
28.1078
29.5129
30.8744
32.1888
33.4524
34.6668
35.8337
36.9537
38.0302
39.0641
40.0549
41.001
41.898
42.7398
43.52
44.2324
44.8693
45.4232
45.8868
46.2532
46.5166
46.6729
46.7215
46.6646
46.5066
46.2546
45.9159
45.4971
45.0051
44.4459
43.8246
43.1456
42.4132
41.6317
40.8059
39.94
39.0373
38.1022
37.1388
36.1515
35.1454
34.1244
33.0919
32.0507
31.001
29.9424
28.8756
27.7998
26.7139
25.6166
24.5066
23.3834
22.248
21.1015
19.9454
18.7832
17.6156
16.4429
15.2676
14.0912
12.9185
11.7554
10.6063
9.47561
8.36927
7.29171
6.24634
5.23878
4.27536
3.36049
2.49829
1.69097
0.939267
0.245365
-0.388782
-0.962197
-1.47342
-1.91927
-2.29634
-2.60244
-2.83366
-2.98586
-3.05537
0.0158537
0.11878
0.31
0.590244
0.959756
1.41805
1.9639
2.59683
3.31585
4.11902
5.00463
5.97024
7.01415
8.13268
9.32342
10.5849
11.9146
13.3071
14.7568
16.2585
17.8051
19.3883
20.9959
22.6163
24.2405
25.8585
27.461
29.0383
30.5844
32.0929
33.5583
34.9737
36.3341
37.6412
38.8961
40.099
41.25
42.3451
43.381
44.3502
45.2446
46.0541
46.7712
47.3902
47.9046
48.309
48.599
48.7729
48.8317
48.7783
48.6195
48.3651
48.0273
47.6183
47.1478
46.6237
46.0512
45.4349
44.7771
44.08
43.3466
42.5788
41.7776
40.9434
40.0778
39.1824
38.2593
37.312
36.3446
35.362
34.3681
33.3651
32.3544
31.3359
30.3085
29.271
28.2222
27.1607
26.0849
24.9937
23.8863
22.7629
21.6244
20.4732
19.3122
18.1439
16.972
15.7998
14.6307
13.4695
12.3188
11.1824
10.0646
8.96976
7.90195
6.86708
5.87098
4.9183
4.01415
3.16366
2.37171
1.64269
0.981222
0.390734
-0.125851
-0.566827
-0.931705
-1.21975
-1.42951
-1.55927
-1.60805
0.0331707
0.15122
0.354878
0.644146
1.01878
1.47854
2.02415
2.65561
3.37122
4.16976
5.04854
6.00488
7.03585
8.13951
9.31342
10.5544
11.8585
13.2205
14.6346
16.0954
17.5959
19.129
20.6849
22.2517
23.8171
25.3681
26.8937
28.3859
29.8363
31.2376
32.5837
33.87
35.0949
36.262
37.3754
38.4378
39.4532
40.422
41.3419
42.2124
43.0305
43.792
44.4917
45.1212
45.6702
46.1302
46.4956
46.7637
46.9351
47.0127
47.0015
46.9073
46.7363
46.4966
46.1973
45.8471
45.4534
45.0212
44.5527
44.0483
43.5078
42.9295
42.3129
41.6576
40.9629
40.2283
39.4537
38.6383
37.7841
36.8944
35.9727
35.0222
34.0459
33.0461
32.0254
30.9856
29.929
28.858
27.7759
26.6834
25.5807
24.4683
23.3468
22.2166
21.0798
19.938
18.7924
17.6444
16.4954
15.3468
14.201
13.0605
11.9283
10.8085
9.70537
8.62219
7.56463
6.53976
5.5539
4.61293
3.72244
2.8878
2.11536
1.41024
0.77634
0.218048
-0.26244
-0.663904
-0.98683
-1.23171
-1.39707
-1.4822
-1.48683
0.0758537
0.233171
0.471463
0.790732
1.19073
1.67122
2.23195
2.87195
3.59
4.3861
5.26
6.21024
7.23488
8.33122
9.49634
10.7278
12.0232
13.3788
14.79
16.251
17.7549
19.2922
20.8524
22.4246
23.9985
25.5641
27.1117
28.6322
30.1178
31.5612
32.9571
34.3
35.5876
36.8212
38.0019
39.1305
40.2059
41.2244
42.1815
43.0719
43.8917
44.6366
45.3012
45.8793
46.3646
46.7519
47.0376
47.22
47.3019
47.2878
47.1834
46.9939
46.7254
46.3856
45.982
45.5193
45.0019
44.4332
43.8154
43.1505
42.4405
41.6863
40.8917
40.059
39.1907
38.291
37.3637
36.4129
35.4436
34.4597
33.4654
32.4636
31.4563
30.4439
29.4263
28.4034
27.3744
26.3393
25.2983
24.2507
23.1968
22.1376
21.0729
20.0029
18.9285
17.85
16.768
15.6844
14.5993
13.5139
12.4319
11.3558
10.288
9.23414
8.19901
7.18658
6.2017
5.24779
4.32731
3.44584
2.60804
1.81779
1.07901
0.39438
-0.233913
-0.803913
-1.31245
-1.75538
-2.1283
-2.42586
-2.64391
-2.77855
-2.82684
0.04
0.170488
0.392439
0.706098
1.10927
1.59902
2.17341
2.83073
3.57098
4.39268
5.29415
6.27122
7.32024
8.43659
9.61683
10.8566
12.1473
13.4795
14.8473
16.2478
17.6768
19.1263
20.5873
22.0515
23.5137
24.9683
26.4105
27.8395
29.2539
30.6473
32.0102
33.3363
34.6249
35.8773
37.0927
38.2678
39.401
40.4907
41.5366
42.5376
43.4929
44.4007
45.2571
46.0551
46.789
47.4551
48.0488
48.5659
49.0039
49.36
49.6312
49.8166
49.9159
49.931
49.8676
49.7307
49.5246
49.2546
48.9254
48.5405
48.1039
47.6193
47.0902
46.52
45.9115
45.2663
44.5861
43.8737
43.1327
42.3683
41.5851
40.7885
39.9829
39.1705
38.3537
37.5349
36.7159
35.8976
35.082
34.2685
33.4551
32.64
31.8217
30.9985
30.17
29.3346
28.4907
27.6373
26.7754
25.9041
25.0232
24.1332
23.2332
22.3224
21.4024
20.4749
19.5407
18.6017
17.659
16.7132
15.7639
14.8122
13.859
12.9051
11.9524
11.0029
10.0581
9.12147
8.19756
7.29098
6.40586
5.54781
4.72195
3.93366
3.18976
2.49537
1.8539
1.26878
0.742197
0.27488
-0.133413
-0.482437
-0.771461
-1.00024
-1.16951
-1.27975
-1.33146
0.00731707
0.0729268
0.194878
0.37
0.595366
0.867317
1.1822
1.53732
1.92976
2.3561
2.81171
3.29073
3.78878
4.30317
4.83415
5.3822
5.94756
6.53
7.13
7.74976
8.39049
9.05464
9.74439
10.4615
11.2059
11.9768
12.7727
13.5927
14.4378
15.3066
16.1956
17.1041
18.0317
18.9771
19.94
20.9193
21.9132
22.9212
23.941
24.9685
26.0022
27.0393
28.0763
29.1098
30.1373
31.1554
32.161
33.1517
34.1254
35.0805
36.0151
36.9268
37.8137
38.6732
39.5017
40.2961
41.0546
41.7756
42.4578
43.1003
43.7007
44.2573
44.7688
45.2339
45.651
46.0176
46.3315
46.5895
46.7895
46.929
47.0056
47.0193
46.9725
46.8676
46.7083
46.4998
46.2478
45.9588
45.6395
45.2961
44.9344
44.5593
44.1744
43.7815
43.3807
42.9715
42.5517
42.1193
41.6725
41.2098
40.7307
40.2366
39.7283
39.2066
38.6732
38.1293
37.5749
37.011
36.4383
35.8576
35.2695
34.6756
34.0739
33.4629
32.842
32.21
31.5673
30.9159
30.2566
29.591
28.9203
28.2449
27.5644
26.8805
26.1937
25.5047
24.8134
24.119
23.421
22.7193
22.0142
21.3059
20.5944
19.8798
19.162
18.4405
17.7149
16.9844
16.249
15.5083
14.7627
14.0115
13.2546
12.4932
11.7273
10.9583
10.1878
9.41709
8.64758
7.8805
7.11879
6.36684
5.63099
4.9166
4.22904
3.5727
2.94928
2.35831
1.79928
1.27245
0.780502
0.32416
-0.0982786
-0.490474
-0.854864
-1.19364
-1.50682
-1.79072
-2.04047
-2.24877
-2.41072
-2.52413
-2.58755
-2.60047
0.0395122
0.131707
0.276098
0.471463
0.71561
1.00707
1.34366
1.72366
2.14634
2.61146
3.12024
3.67244
4.27
4.91366
5.60341
6.33878
7.11951
7.94537
8.81585
9.72976
10.6846
11.6785
12.7105
13.7785
14.8805
16.0146
17.179
18.3698
19.5837
20.8163
22.0649
23.3254
24.5932
25.8634
27.131
28.3905
29.6366
30.8637
32.0668
33.241
34.3812
35.4837
36.5454
37.5632
38.5339
39.4566
40.3295
41.1517
41.921
42.6359
43.2954
43.8966
44.4363
44.9085
45.309
45.6337
45.8793
46.0456
46.1327
46.1422
46.0766
45.9388
45.7344
45.4702
45.1551
44.7971
44.402
43.9732
43.5107
43.0142
42.4832
41.9171
41.3166
40.6824
40.0156
39.3181
38.5924
37.8434
37.0761
36.2959
35.5068
34.712
33.9139
33.1139
32.3122
31.5083
30.7003
29.8866
29.0651
28.2344
27.3944
26.5464
25.6924
24.8339
23.9707
23.1027
22.229
21.3503
20.4661
19.5768
18.6822
17.7817
16.8756
15.9629
15.0442
14.1207
13.1954
12.271
11.3493
10.4332
9.52562
8.63025
7.75147
6.89538
6.06708
5.26708
4.49391
3.74611
3.02147
2.31977
1.6422
0.990253
0.364399
-0.236088
-0.81243
-1.36267
-1.8795
-2.35341
-2.77536
-3.13633
-3.42902
-3.64902
-3.79487
-3.86414
0.00804878
0.0936585
0.253659
0.484146
0.780488
1.13683
1.54829
2.00951
2.5178
3.07146
3.66878
4.31098
4.99829
5.73341
6.51781
7.35244
8.23927
9.18024
10.1768
11.2285
12.3339
13.4922
14.701
15.9568
17.2546
18.5893
19.9551
21.3449
22.7507
24.1646
25.5802
26.9902
28.3866
29.762
31.1093
32.4215
33.6927
34.9173
36.0927
37.2151
38.2812
39.2893
40.2383
41.1285
41.9583
42.7256
43.4288
44.0649
44.6305
45.1212
45.5332
45.8634
46.1083
46.2676
46.3402
46.3283
46.2356
46.0673
45.8312
45.5366
45.1924
44.8076
44.3878
43.9368
43.4551
42.9432
42.4007
41.8273
41.2217
40.5824
39.9078
39.1976
38.4527
37.6768
36.8746
36.051
35.21
34.3551
33.489
32.6134
31.7295
30.838
29.94
29.0351
28.1232
27.2027
26.2727
25.3337
24.3844
23.4241
22.4522
21.4688
20.4737
19.4656
18.4437
17.4068
16.3568
15.2959
14.2256
13.1493
12.0702
10.9929
9.92073
8.86
7.81805
6.80488
5.83097
4.90171
4.01732
3.17658
2.38293
1.64244
0.960974
0.343901
-0.208295
-0.695856
-1.11829
-1.4761
-1.76659
-1.98147
-2.11147
-2.15439
0.0429268
0.16878
0.372683
0.652195
1.00293
1.41805
1.89073
2.41561
2.98683
3.60024
4.25463
4.95146
5.69463
6.48902
7.34098
8.25951
9.25439
10.3368
11.5156
12.7973
14.1849
15.6754
17.2588
18.9222
20.6549
22.4441
24.2771
26.1385
28.0076
29.8637
31.6854
33.4549
35.1615
36.8002
38.37
39.8673
41.2885
42.63
43.8873
45.0602
46.149
47.1585
48.0941
48.9605
49.7627
50.5024
51.1807
51.7978
52.3544
52.852
53.2934
53.6798
54.0073
54.2676
54.4502
54.5471
54.5546
54.4739
54.3056
54.0522
53.7156
53.2998
52.8122
52.2673
51.6824
51.0739
50.4544
49.8339
49.2198
48.6173
48.0302
47.46
46.9054
46.3634
45.8273
45.2885
44.7405
44.1795
43.602
43.0051
42.3861
41.7422
41.072
40.3761
39.6551
38.9105
38.1476
37.3688
36.5707
35.7522
34.9146
34.0607
33.1944
32.3227
31.45
30.5815
29.7207
28.871
28.0395
27.2368
26.4734
25.7561
25.0929
24.4922
23.9607
23.5051
23.1324
22.8493
22.661
22.569
0.00439024
0.104878
0.301951
0.594634
0.981951
1.46244
2.03463
2.69756
3.44976
4.28976
5.21585
6.2261
7.31683
8.48293
9.71732
11.0124
12.3585
13.7441
15.1583
16.5922
18.0385
19.4895
20.9393
22.381
23.8095
25.2212
26.6159
27.9924
29.35
30.6859
31.9946
33.27
34.5105
35.7139
36.8785
38.0002
39.0729
40.0895
41.0439
41.9332
42.7542
43.5059
44.1859
44.7881
45.3046
45.7281
46.0532
46.2764
46.3932
46.3988
46.289
46.0627
45.7205
45.2661
44.7066
44.0522
43.3149
42.5066
41.6381
40.7198
39.7622
38.7754
37.7664
36.7403
35.7005
34.6493
33.5873
32.5149
31.4307
30.3344
29.2259
28.1054
26.9725
25.8264
24.6668
23.4959
22.319
21.1407
19.9639
18.7898
17.62
16.4573
15.3056
14.1707
13.0593
11.981
10.9407
9.93636
8.96611
8.03197
7.14172
6.30172
5.52002
4.80245
4.15416
3.58099
3.08538
2.67172
2.34636
2.11758
1.99002
1.96636
0.082439
0.271707
0.56878
0.973659
1.48463
2.1
2.81707
3.63415
4.54756
5.55341
6.64537
7.81805
9.06439
10.3759
11.7439
13.1576
14.6059
16.0778
17.5629
19.0505
20.5312
21.998
23.4444
24.8661
26.2617
27.6329
28.9839
30.3173
31.6322
32.9276
34.2037
35.4578
36.6856
37.8812
39.0363
40.141
41.1822
42.1466
43.0227
43.8024
44.4773
45.0371
45.4741
45.7805
45.9502
45.98
45.8673
45.6129
45.22
44.6946
44.0456
43.2841
42.4229
41.4756
40.4573
39.3834
38.2693
37.1295
35.9766
34.8198
33.6651
32.5159
31.3727
30.2339
29.0971
27.9585
26.8146
25.6612
24.4944
23.3127
22.1163
20.9083
19.6927
18.471
17.2449
16.0232
14.8149
13.6232
12.4515
11.3039
10.1751
9.06658
7.97585
6.90267
5.85414
4.8378
3.85243
2.89609
1.97463
1.09389
0.261455
-0.507326
-1.20367
-1.81855
-2.34611
-2.78367
-3.12952
-3.3783
-3.52367
-3.56074
0.0743902
0.26122
0.559512
0.968781
1.48927
2.12049
2.86146
3.7122
4.67098
5.73488
6.89902
8.15756
9.50171
10.9212
12.4051
13.941
15.5163
17.12
18.7383
20.359
21.971
23.5627
25.1259
26.6537
28.1422
29.5893
30.9939
32.3551
33.6695
34.9356
36.1493
37.3071
38.4066
39.4429
40.4129
41.3115
42.1315
42.8666
43.509
44.052
44.4885
44.8137
45.0217
45.1078
45.069
44.9039
44.6142
44.2024
43.6742
43.0383
42.3083
41.5005
40.6293
39.7056
38.7381
37.7332
36.6971
35.6334
34.5473
33.4422
32.3193
31.1761
30.0068
28.8068
27.5754
26.3149
25.0288
23.7224
22.4054
21.0873
19.7741
18.4702
17.1795
15.9081
14.6598
13.441
12.2583
11.1176
10.0251
8.98171
7.98293
7.02561
6.1083
5.23098
4.39415
3.60098
2.85366
2.15659
1.51586
0.938052
0.430003
0.00341751
-0.330485
-0.561217
-0.680485
-0.681948
0.121463
0.371463
0.751707
1.25902
1.88683
2.62854
3.47512
4.41976
5.45512
6.57683
7.77854
9.05171
10.3851
11.7688
13.1941
14.6527
16.1363
17.6395
19.1559
20.68
22.2051
23.7234
25.2307
26.7234
28.1976
29.6498
31.0756
32.4702
33.8259
35.1346
36.3881
37.58
38.7073
39.7654
40.7495
41.6517
42.4649
43.1805
43.7905
44.2871
44.6629
44.9107
45.0212
44.9868
44.802
44.4646
43.979
43.3522
42.5976
41.7312
40.7707
39.7324
38.6324
37.4861
36.3063
35.1032
33.8856
32.6593
31.4288
30.1946
28.9556
27.7085
26.4512
25.1817
23.8976
22.598
21.2873
19.9766
18.6749
17.3834
16.1015
14.8298
13.5715
12.3349
11.1271
9.95536
8.82536
7.73951
6.69439
5.68634
4.71878
3.79731
2.92707
2.11146
1.34926
0.642192
-0.00634497
-0.590735
-1.10488
-1.54342
-1.89903
-2.16488
-2.33513
-2.40586
0.032439
0.172439
0.422439
0.785366
1.26195
1.85
2.54463
3.34122
4.23537
5.22268
6.29829
7.45585
8.68878
9.98854
11.3476
12.7593
14.2173
15.7163
17.2522
18.82
20.4139
22.0285
23.6612
25.3078
26.9649
28.6254
30.2822
31.9293
33.5605
35.1663
36.7361
38.2593
39.7251
41.1222
42.4422
43.6771
44.8207
45.8646
46.8005
47.6193
48.3141
48.88
49.3115
49.602
49.7441
49.729
49.5505
49.2083
48.7105
48.0695
47.299
46.4124
45.4224
44.3439
43.1895
41.9702
40.699
39.3895
38.0529
36.6951
35.3176
33.9193
32.5
31.06
29.5985
28.1212
26.6361
25.1517
23.6717
22.1971
20.7256
19.2573
17.8007
16.3649
14.9573
13.581
12.2334
10.9137
9.6278
8.38658
7.19927
6.07658
5.02805
4.05366
3.15048
2.31829
1.56048
0.886582
0.304143
-0.187808
-0.59293
-0.913662
-1.15
-1.30391
-1.37269
0.0204878
0.13439
0.347561
0.663171
1.08537
1.6178
2.26098
3.01488
3.87707
4.84439
5.90976
7.06415
8.29805
9.59902
10.9559
12.3544
13.7812
15.2244
16.6771
18.1359
19.5976
21.0583
22.5163
23.9671
25.4085
26.8395
28.2581
29.6593
31.0381
32.3832
33.6824
34.9239
36.0988
37.1976
38.2141
39.1405
39.9649
40.6778
41.2715
41.7407
42.0807
42.2861
42.3522
42.2763
42.0585
41.7027
41.2163
40.6098
39.8954
39.0876
38.1995
37.2449
36.2373
35.19
34.1139
33.018
31.9071
30.7832
29.6476
28.5
27.3395
26.1651
24.9761
23.7717
22.5517
21.3163
20.069
18.8185
17.5727
16.3356
15.109
13.8922
12.6871
11.4939
10.3188
9.16951
8.05292
6.96999
5.91316
4.87585
3.85512
2.85463
1.8839
0.9517
0.0695053
-0.753909
-1.50928
-2.18635
-2.77269
-3.25245
-3.6122
-3.83976
-3.92928
0.0497561
0.239756
0.570488
1.04
1.64341
2.37512
3.22756
4.1922
5.26244
6.43415
7.70585
9.07488
10.5339
12.0715
13.6729
15.3241
17.0117
18.7241
20.451
22.1824
23.9063
25.6073
27.2727
28.892
30.4585
31.9688
33.4188
34.8037
36.1173
37.3546
38.508
39.57
40.5354
41.3973
42.1483
42.7798
43.2839
43.6534
43.8822
43.9656
43.9
43.6873
43.3363
42.8583
42.2651
41.5707
40.79
39.9371
39.0266
38.0737
37.0934
36.0998
35.1012
34.1007
33.099
32.0971
31.0958
30.0949
29.0924
28.0834
27.061
26.0212
24.9632
23.8883
22.7995
21.6985
20.5868
19.4629
18.3258
17.178
16.0266
14.8797
13.7441
12.6229
11.5193
10.4356
9.3734
8.33389
7.32145
6.34218
5.40267
4.50975
3.6695
2.88853
2.1756
1.53779
0.985111
0.529257
0.18194
-0.0461088
-0.147816
0.03
0.195366
0.498781
0.94122
1.52098
2.2361
3.08049
4.04781
5.1322
6.32463
7.61488
8.99024
10.4324
11.9244
13.4505
14.999
16.56
18.1266
19.692
21.2449
22.7783
24.2883
25.7732
27.2359
28.6778
30.1007
31.5024
32.8783
34.2185
35.51
36.7434
37.91
39.0007
40.0076
40.9232
41.7398
42.4476
43.0363
43.4946
43.8132
43.9859
44.0098
43.8856
43.6219
43.2298
42.7185
42.0949
41.3656
40.5402
39.6315
38.6512
37.6107
36.5207
35.3893
34.2193
33.0107
31.7656
30.4888
29.1854
27.8588
26.5098
25.1419
23.7612
22.3722
20.9751
19.5698
18.1641
16.7676
15.3871
14.029
12.6941
11.3839
10.0995
8.84732
7.63366
6.46878
5.36171
4.31024
3.31195
2.36634
1.47536
0.648779
-0.104148
-0.772929
-1.35293
-1.83829
-2.22586
-2.51366
-2.69878
-2.77927
0.0285366
0.169268
0.425854
0.80122
1.29634
1.91098
2.64171
3.48732
4.44878
5.5261
6.71781
8.01488
9.40732
10.8815
12.4207
14.0102
15.6383
17.2949
18.9683
20.6471
22.3205
23.9763
25.6085
27.2112
28.7815
30.3198
31.8259
33.2934
34.7139
36.0751
37.3617
38.5602
39.6615
40.6581
41.5422
42.3034
42.9298
43.4105
43.7385
43.9088
43.9185
43.7673
43.4571
42.9927
42.3827
41.6395
40.78
39.8212
38.7795
37.6702
36.51
35.3161
34.1059
32.8937
31.6905
30.5017
29.3278
28.1659
27.0117
25.8595
24.7042
23.5402
22.3629
21.1695
19.9639
18.7522
17.5371
16.3154
15.0856
13.8459
12.5988
11.3529
10.1134
8.88293
7.66244
6.44854
5.23829
4.03317
2.84049
1.66781
0.527074
-0.570731
-1.61854
-2.60536
-3.51683
-4.33902
-5.05951
-5.66902
-6.16073
-6.52707
-6.76195
-6.86146
0.0365854
0.208049
0.511707
0.943415
1.49927
2.17439
2.96439
3.86659
4.87829
5.99829
7.22585
8.55951
9.99805
