0
1
9
-20
-72
-97
-104
-109
-89
-28
14
78
142
191
203
203
182
134
99
76
39
-21
-52
-84
-102
-95
-97
-96
-97
-76
-32
13
45
74
116
138
161
184
171
132
97
44
13
-18
-50
-78
-112
-168
-186
-205
-217
-230
-236
-243
-227
-206
-180
-163
-157
-164
-182
-213
-269
-316
-353
-398
-429
-456
-444
-409
-358
-312
-247
-166
-114
-71
-14
15
22
21
-15
-48
-80
-134
-194
-256
-328
-400
-436
-464
-444
-405
-353
-290
-220
-158
-121
-86
-44
7
44
87
143
182
249
290
319
367
382
401
418
416
440
460
467
469
482
502
521
522
546
574
596
621
661
710
766
825
883
938
1023
1101
1210
1321
1419
1518
1654
1836
2087
2309
2333
2095
1625
1002
438
-1
-362
-656
-875
-1028
-1118
-1181
-1169
-1161
-1186
-1257
-1423
-1659
-1942
-2250
-2582
-2878
-3163
-3363
-3479
-3571
-3606
-3520
-3505
-3481
-3420
-3426
-3447
-3428
-3405
-3380
-3329
-3216
-3170
-3083
-2940
-2808
-2695
-2651
-2589
-2561
-2450
-2372
-2325
-2298
-2240
-2100
-1911
-1728
-1564
-1411
-1213
-949
-639
-304
-36
194
348
445
499
505
433
377
308
251
205
153
110
44
-2
-49
-40
-47
-47
-81
-134
-217
-296
-423
-536
-688
-879
-1072
-1271
-1494
-1769
-2078
-2405
-2720
-2976
-3169
-3274
-3277
-3201
-3072
-2927
-2747
-2491
-2096
-1597
-1035
-437
116
641
1061
1388
1623
1761
1760
1571
1292
1076
881
675
384
-27
-568
-1085
-1452
-1637
-1713
-1614
-1261
-803
-355
94
491
852
1180
1369
1406
1352
1251
1131
1037
968
944
886
848
838
819
786
743
724
777
914
1044
1126
1203
1285
1320
1270
1145
982
770
590
484
478
506
569
651
719
755
772
818
901
1022
1164
1279
1322
1354
1336
1280
1217
1154
1067
957
844
742
630
541
488
506
658
950
1271
1475
1635
1776
1848
1867
1858
1818
1756
1678
1600
1529
1438
1339
1290
1317
1402
1579
1878
2208
2643
3147
3647
4066
4415
4635
4724
4688
4612
4461
4271
4053
3903
3828
3812
3854
3988
4218
4531
4861
5144
5368
5599
5785
5895
5978
6006
6043
6068
6065
6139
6296
6469
6660
6775
6916
7044
7215
7430
7717
8026
8293
8494
8619
8712
8786
8883
9001
9116
9246
9354
9470
9608
9795
9943
10079
10188
10286
10370
10485
10681
10914
11168
11442
11703
11950
12247
12516
12744
12898
13056
13241
13511
13809
14146
14544
14983
15383
15716
15984
16160
16169
16088
15952
15778
15566
15270
14882
14448
13979
13543
13111
12670
12258
11789
11245
10631
9964
9147
8284
7378
6455
5499
4566
3694
2886
2102
1423
892
494
222
-21
-248
-451
-559
-600
-563
-520
-448
-442
-449
-526
-670
-964
-1368
-1915
-2500
-3092
-3691
-4218
-4546
-4687
-4574
-4304
-3969
-3652
-3411
-3268
-3254
-3275
-3326
-3464
-3692
-3992
-4352
-4807
-5338
-5869
-6319
-6698
-7047
-7317
-7541
-7715
-7839
-7947
-8007
-8018
-8012
-7936
-7834
-7708
-7587
-7506
-7466
-7536
-7724
-8006
-8356
-8823
-9342
-9894
-10440
-10965
-11461
-11917
-12281
-12559
-12774
-12903
-12949
-12936
-12867
-12777
-12662
-12563
-12483
-12403
-12302
-12216
-12071
-11849
-11590
-11265
-10898
-10497
-10024
-9466
-8762
-7836
-6760
-5564
-4462
-3404
-2033
-421
1291
3011
4475
5687
6534
7009
7053
6799
6271
5645
4939
4176
3428
2763
2234
1836
1502
1244
1018
740
450
95
-438
-1138
-2084
-3234
-4599
-6087
-7696
-9303
-10869
-12201
-13051
-13417
-13071
-11981
-10034
-6932
-3093
1089
5173
8798
11757
13670
14726
14854
14115
12634
10458
8015
5506
3196
1313
-152
-1186
-1873
-2164
-2197
-2038
-1791
-1498
-1000
-367
413
1352
2475
3622
4790
5940
6891
7571
7830
7714
7295
6588
5752
4876
4118
3545
3120
3071
3395
4057
5004
6161
7330
8141
8536
8609
8236
7512
6529
5458
4376
3410
2623
1990
1528
1321
1311
1500
1851
2320
2812
3296
3742
4181
4552
4712
4747
4694
4445
4140
3815
3496
3220
2976
2757
2596
2554
2603
2803
3044
3327
3581
3779
3874
3863
3703
3391
2911
2329
1676
1026
354
-282
-846
-1349
-1828
-2325
-2878
-3466
-4047
-4638
-5191
-5705
-6133
-6497
-6695
-6777
-6746
-6646
-6464
-6266
-6088
-5986
-6005
-6115
-6315
-6686
-7114
-7624
-8143
-8681
-9160
-9499
-9699
-9719
-9617
-9331
-8891
-8316
-7610
-6821
-6047
-5325
-4652
-4034
-3440
-2773
-2058
-1400
-767
-108
576
1322
2114
2958
3816
4654
5507
6311
7037
7629
8066
8403
8611
8711
8644
8466
8094
7613
7013
6301
5550
4746
3966
3187
2326
1458
540
-292
-972
-1445
-1539
-1246
-772
-268
298
822
1227
1485
1661
1750
1737
1695
1529
1316
1158
979
760
510
186
-161
-423
-585
-628
-601
-521
-472
-401
-290
-170
-59
-30
-242
-673
-1092
-1408
-1749
-2091
-2467
-2873
-3187
-3321
-3457
-3528
-3574
-3685
-3772
-3901
-4072
-4214
-4057
-3688
-3086
-2339
-1728
-1389
-1455
-1813
-2396
-3008
-3528
-3761
-3745
-3279
-2544
-1590
-364
855
2023
3153
4213
5138
5924
6592
7128
7564
7841
7949
7875
7620
7121
6508
5844
5108
4327
3480
2594
1624
588
-467
-1478
-2326
-3040
-3505
-3883
-4204
-4456
-4627
-4754
-4749
-4696
-4535
-4245
-3903
-3517
-3113
-2730
-2388
-2096
-1870
-1676
-1521
-1393
-1270
-1124
-926
-701
-423
-81
270
662
948
1208
1488
1770
2091
2521
2982
3611
4377
5187
6028
6852
7656
8359
8974
9507
9911
10201
10308
10241
9930
9428
8760
7923
6925
5877
4740
3541
2372
1256
252
-630
-1398
-2044
-2543
-2962
-3271
-3448
-3621
-3863
-4298
-4794
-5258
-5482
-5387
-5105
-4669
-4171
-3750
-3261
-2618
-1896
-1352
-1250
-1485
-2155
-3081
-4252
-5403
-6641
-7846
-8842
-9604
-10006
-9991
-9868
-9677
-9363
-8977
-8402
-7698
-6845
-6030
-5279
-4544
-3781
-3045
-2469
-2096
-1981
-2025
-2256
-2633
-2976
-3188
-3165
-2839
-2205
-1450
-615
187
852
1293
1487
1368
1147
846
610
477
375
479
755
1098
1525
1980
2395
2757
2976
3071
3049
2938
2799
2669
2555
2417
2270
2153
2057
1880
1619
1287
954
621
275
-130
-506
-905
-1251
-1523
-1779
-2002
-2183
-2316
-2311
-2233
-2106
-1897
-1589
-1182
-585
242
1264
2549
3934
5444
6981
8485
9905
11151
12125
12857
13344
13637
13725
13710
13576
13377
12997
12478
11844
11121
10363
9630
8961
8396
7986
7621
7216
6767
6229
5593
4855
3972
2930
1752
522
-748
-2046
-3338
-4597
-5750
-6720
-7525
-8105
-8447
-8618
-8612
-8346
-7807
-7088
-6295
-5581
-5133
-4948
-4993
-5152
-5417
-5883
-6447
-7123
-7930
-8853
-9828
-10759
-11521
-12081
-12526
-12817
-13018
-13205
-13414
-13591
-13716
-13677
-13425
-13010
-12346
-11485
-10489
-9296
-8084
-6951
-5926
-4974
-4177
-3492
-3102
-3064
-3168
-3275
-3187
-2842
-2232
-1357
-283
921
2215
3611
4945
6166
7158
7874
8327
8557
8595
8495
8263
7936
7432
6852
6170
5389
4544
3674
2733
1789
829
-73
-881
-1592
-2204
-2677
-3041
-3214
-3169
-2896
-2231
-1251
107
1699
3412
5071
6490
7617
8490
9093
9380
9460
9339
9091
8830
8454
8126
7818
7577
7499
7560
7790
8118
8490
8880
9226
9592
9936
10267
10397
10304
9978
9269
8336
7288
6170
5116
4208
3460
2771
2268
1960
1756
1451
1057
562
49
-382
-761
-1202
-1769
-2350
-2897
-3472
-4029
-4589
-5082
-5554
-5983
-6464
-7077
-7736
-8393
-9077
-9736
-10339
-10904
-11345
-11515
-11426
-11240
-11149
-11089
-11004
-10929
-10873
-10929
-11139
-11428
-11748
-12037
-12343
-12795
-13320
-13755
-14063
-14211
-13989
-13554
-12738
-11429
-9613
-7497
-5281
-3203
-1429
-171
392
470
218
-170
-499
-707
-647
-326
141
728
1386
1999
2574
3031
3368
3646
3879
4142
4448
4795
5145
5424
5636
5753
5693
5519
5174
4692
4121
3461
2750
1985
1185
469
-165
-650
-933
-1039
-960
-771
-544
-289
28
414
936
1565
2366
3299
4420
5660
6952
8157
9230
10097
10781
11333
11633
11670
11609
11447
11332
11288
11209
11247
11428
11662
11824
11952
11913
11821
11638
11359
10993
10473
9746
8969
8052
7087
6089
5197
4392
3679
2946
2145
1190
137
-999
-2183
-3427
-4692
-5823
-6733
-7390
-7780
-7947
-7953
-7778
-7483
-7101
-6721
-6434
-6200
-6033
-5958
-6066
-6329
-6630
-6931
-7224
-7576
-8000
-8425
-8812
-9034
-9227
-9609
-10157
-10704
-11284
-11882
-12470
-12915
-13107
-13127
-12725
-11811
-10203
-8113
-5722
-3124
-742
1138
2485
3105
3207
2899
2374
1840
1436
1193
1115
1244
1516
1900
2251
2505
2626
2651
2604
2495
2332
2086
1818
1532
1286
1089
979
1013
1154
1385
1652
1934
2169
2273
2262
2106
1831
1512
1161
781
444
101
-244
-599
-987
-1330
-1637
-1840
-1847
-1649
-1346
-973
-693
-542
-547
-717
-975
-1269
-1541
-1649
-1564
-1231
-516
537
1967
3751
5813
7987
10137
12136
13850
15319
16393
17097
17373
17183
16592
15633
14462
13139
11739
10330
8967
7756
6683
5817
5188
4762
4590
4564
4636
4690
4574
4168
3472
2845
2332
1832
1311
699
55
-592
-1225
-1773
-2204
-2559
-2944
-3367
-3726
-4042
-4343
-4609
-4927
-5339
-5785
-6284
-6810
-7324
-7926
-8515
-8972
-9262
-9414
-9539
-9632
-9737
-9900
-10094
-10312
-10526
-10699
-10680
-10450
-9902
-9095
-8156
-7246
-6397
-5599
-4964
-4463
-4088
-3844
-3559
-3134
-2629
-2113
-1624
-1250
-960
-687
-416
-14
502
1125
1809
2444
3068
3646
4097
4495
4800
5034
5276
5451
5656
5826
5901
5936
5836
5576
5127
4472
3735
2971
2199
1474
863
411
117
-136
-372
-608
-847
-1089
-1356
-1641
-1923
-2161
-2400
-2608
-2731
-2755
-2684
-2500
-2196
-1721
-1135
-352
614
1737
2984
4219
5381
6426
7321
8037
8608
8966
9009
8930
8791
8562
8299
8007
7767
7526
7331
7111
6878
6649
6402
6171
5908
5586
5084
4341
3443
2427
1292
167
-868
-1751
-2405
-2842
-2995
-2948
-2740
-2501
-2369
-2265
-2162
-2155
-2182
-2244
-2463
-2956
-3635
-4408
-5123
-5802
-6419
-6971
-7623
-8262
-8855
-9347
-9601
-9661
-9541
-9303
-9108
-8911
-8800
-8790
-8800
-8835
-8991
-9272
-9676
-10199
-10672
-10941
-11047
-10912
-10546
-10043
-9206
-8081
-6843
-5562
-4364
-3402
-2579
-1860
-1377
-1010
-736
-491
-143
281
796
1437
2108
2883
3721
4545
5297
5917
6323
6558
6524
6277
5912
5442
4885
4309
3699
3096
2496
1903
1338
772
233
-210
-615
-995
-1369
-1654
-1864
-2003
-2046
-2016
-1947
-1793
-1618
-1457
-1302
-1186
-1184
-1231
-1332
-1474
-1503
-1304
-754
158
1401
2905
4598
6277
7790
9079
10069
10748
11269
11520
11608
11444
11102
10616
10062
9389
8593
7737
6924
6201
5589
5107
4801
4621
4548
4584
4660
4749
4865
4942
4961
4788
4437
3919
3370
2909
2607
2357
2269
2216
2103
1815
1226
545
-123
-829
-1468
-2128
-2821
-3458
-4068
-4760
-5541
-6419
-7274
-8005
-8659
-9042
-9299
-9464
-9650
-9937
-10449
-10866
-11031
-10903
-10574
-10300
-10065
-10004
-10022
-10064
-10149
-10280
-10476
-10685
-10875
-11068
-11249
-11346
-11375
-11136
-10713
-10103
-9315
-8346
-7183
-5899
-4642
-3462
-2453
-1599
-771
17
746
1522
2232
2926
3674
4419
5115
5756
6313
6768
7113
7321
7493
7564
7495
7282
6916
6410
5800
5125
4381
3601
2826
2105
1434
777
184
-334
-710
-989
-1164
-1279
-1346
-1337
-1220
-1062
-860
-571
-206
270
860
1575
2485
3564
4735
5957
7135
8229
9119
9793
10355
10769
10967
10934
10823
10664
10462
10262
10170
10143
10112
10082
10029
9973
9813
9411
8849
8079
7090
5917
4682
3365
2012
720
-377
-1219
-1667
-1673
-1155
-150
1313
2912
4451
5781
6706
7137
7129
6735
5971
4788
3201
1389
-431
-2010
-3445
-4669
-5694
-6523
-7250
-7927
-8507
-8983
-9269
-9429
-9437
-9346
-8986
-8503
-8021
-7714
-7606
-7576
-7701
-7967
-8257
-8893
-9860
-11178
-12666
-14131
-15350
-16239
-16750
-16936
-16635
-15857
-14561
-12991
-11212
-9408
-7761
-6351
-5137
-4184
-3354
-2547
-1801
-1025
-325
310
974
1646
2420
3310
4215
5206
6217
7208
8134
8945
9588
10057
10258
10146
9641
8813
7697
6461
5152
3890
2726
1812
1073
476
26
-417
-811
-1114
-1319
-1448
-1488
-1480
-1414
-1329
-1175
-905
-493
103
848
1732
2670
3637
4578
5598
6605
7473
8270
8927
9480
9934
10276
10552
10793
10945
11070
11129
11116
11051
10887
10646
10294
9877
9411
8933
8410
7835
7211
6634
6073
5611
5213
4891
4599
4256
3806
3027
1998
687
-697
-1924
-2976
-3833
-4411
-4746
-4852
-4769
-4507
-4121
-3654
-3158
-2810
-2619
-2773
-3290
-4049
-4831
-5660
-6381
-6933
-7387
-7738
-8185
-8647
-8916
-9109
-9221
-9382
-9533
-9700
-9794
-9964
-10235
-10549
-10902
-11171
-11221
-10907
-10339
-9705
-9249
-9053
-9029
-9172
-9317
-9343
-9124
-8618
-7780
-6778
-5662
-4591
-3484
-2427
-1605
-1016
-603
-312
53
568
1249
2140
3096
3989
4819
5478
5954
6287
6401
6452
6394
6346
6324
6392
6490
6522
6386
6139
5689
5085
4355
3566
2728
1934
1149
446
-193
-795
-1332
-1766
-2044
-2070
-1814
-1313
-576
358
1499
2750
3936
5050
5982
6717
7323
7751
8001
8015
7838
7557
7256
6959
6755
6621
6589
6713
6988
7316
7649
8017
8328
8618
8800
8871
8791
8579
8221
7793
7335
6843
6345
5862
5362
4882
4326
3720
2972
1903
547
-954
-2293
-3411
-4383
-5164
-5712
-6044
-6031
-5866
-5501
-5093
-4615
-4096
-3600
-3211
-2868
-2741
-2783
-3028
-3408
-3974
-4604
-5277
-5945
-6482
-6888
-7180
-7368
-7517
-7550
-7436
-7259
-7141
-7119
-7278
-7469
-7693
-7934
-8179
-8492
-8844
-9288
-9883
-10484
-10906
-11028
-10792
-10264
-9471
-8327
-7045
-5793
-4598
-3692
-2999
-2382
-1833
-1216
-510
207
1001
1780
2492
3219
3950
4679
5395
6064
6672
7245
7692
8022
8187
8174
7985
7645
7109
6486
5782
4971
4098
3144
2168
1215
263
-575
-1290
-1856
-2246
-2536
-2718
-2829
-2870
-2787
-2619
-2389
-2095
-1753
-1307
-844
-371
164
835
1700
2724
3943
5156
6306
7309
8124
8783
9238
9564
9781
9904
9992
10042
10099
10147
10117
10022
9896
9690
9435
9092
8756
8407
8122
7815
7484
7165
6768
6264
5584
4671
3487
2086
622
-706
-1851
-2717
-3241
-3443
-3539
-3579
-3562
-3426
-3198
-2979
-2794
-2695
-2738
-2955
-3232
-3593
-4137
-4751
-5405
-6091
-6791
-7451
-8019
-8449
-8752
-8912
-8969
-8918
-8790
-8703
-8736
-8845
-8939
-9000
-9089
-9324
-9669
-10035
-10355
-10596
-10727
-10708
-10485
-10021
-9341
-8526
-7560
-6603
-5643
-4747
-3961
-3215
-2482
-1887
-1307
-770
-319
216
773
1353
2032
2810
3672
4608
5517
6353
7043
7585
7917
8022
7872
7595
7195
6695
6157
5564
4951
4314
3653
2950
2242
1566
967
422
-88
-527
-918
-1235
-1519
-1708
-1829
-1895
-1877
-1740
-1574
-1397
-1287
-1206
-1070
-816
-583
-383
-146
52
519
1226
2106
2920
3754
4527
5419
6365
7237
8013
8620
9176
9669
10066
10372
10525
10523
10436
10224
9909
9592
9247
8864
8488
8117
7789
7472
7152
6790
6373
5831
5075
4133
2923
1424
-331
-1976
-3318
-4268
-4851
-5149
-5198
-5035
-4746
-4265
-3712
-3172
-2689
-2276
-2043
-1998
-2128
-2302
-2502
-2816
-3277
-3954
-4795
-5592
-6241
-6788
-7266
-7718
-8117
-8364
-8484
-8581
-8550
-8409
-8192
-8097
-8079
-8176
-8498
-8914
-9336
-9719
-9944
-9968
-9744
-9343
-8712
-7971
-7153
-6326
-5614
-5079
-4615
-4356
-4135
-3920
-3704
-3226
-2549
-1753
-824
156
1085
1960
2795
3562
4219
4754
5088
5324
5446
5441
5377
5205
4880
4450
3892
3242
2548
1850
1195
627
140
-194
-475
-688
-887
-1070
-1245
-1428
-1615
-1753
-1920
-2013
-2107
-2165
-2179
-2173
-2130
-2018
-1885
-1685
-1407
-1072
-670
-105
650
1812
3268
5031
6978
8942
10780
12476
13918
15095
15863
16302
16320
15884
15007
13897
12691
11562
10645
9977
9485
9195
9009
8789
8631
8479
8314
8152
8025
7816
7331
6578
5589
4339
2856
1149
-893
-2897
-4497
-5558
-6149
-6526
-6614
-6556
-6611
-6694
-6760
-6901
-7220
-7701
-8323
-8979
-9523
-9879
-10120
-10281
-10286
-10168
-9943
-9665
-9444
-9350
-9383
-9601
-9917
-10267
-10603
-10929
-11338
-11765
-12013
-12171
-12248
-12282
-12262
-12294
-12446
-12579
-12639
-12348
-11796
-11037
-10108
-8957
-7679
-6298
-4991
-3876
-2986
-2236
-1570
-914
-199
623
1595
2568
3618
4661
5555
6362
7050
7556
7943
8105
8153
8057
7822
7525
7135
6715
6258
5748
5248
4730
4182
3642
3131
2658
2258
1901
1625
1421
1237
1094
982
872
877
927
1005
1124
1233
1368
1522
1675
1930
2314
2844
3613
4643
5768
6964
8202
9375
10495
11440
12217
12874
13369
13777
14050
14122
13998
13743
13355
12879
12275
11563
10841
10131
9470
8913
8437
7981
7620
7224
6827
6442
6042
5583
4947
4153
3031
1685
111
-1570
-3175
-4620
-5901
-6943
-7744
-8429
-8894
-9250
-9480
-9555
-9518
-9303
-8994
-8573
-7886
-6874
-5639
-4381
-3363
-2680
-2316
-2310
-2817
-3759
-5074
-6595
-8153
-9629
-10875
-11869
-12458
-12741
-12662
-12339
-12055
-11718
-11365
-10902
-10324
-9541
-8457
-7139
-5731
-4279
-2900
-1670
-633
118
504
479
81
-358
-666
-846
-673
-297
280
972
1667
2311
2947
3505
3987
4423
4773
4996
5140
5204
5250
5246
5170
5032
4791
4452
3972
3338
2592
1740
783
-192
-1109
-1949
-2662
-3233
-3585
-3585
-3287
-2673
-1881
-948
-25
918
1862
2748
3513
4170
4700
5083
5304
5440
5456
5420
5343
5244
5121
4953
4842
4778
4798
4887
5053
5202
5314
5384
5449
5512
5582
5766
6150
6792
7534
8328
9069
9688
10081
10239
10192
9930
9387
8722
7900
7002
6105
5162
4181
3127
2037
1059
88
-858
-1773
-2585
-3322
-3998
-4612
-5153
-5603
-5904
-6005
-6018
-5910
-5725
-5627
-5594
-5567
-5591
-5758
-5946
-6155
-6565
-7074
-7602
-8112
-8501
-8779
-8890
-8995
-9156
-9240
-9328
-9479
-9716
-10022
-10466
-10823
-10952
-10773
-10260
-9451
-8409
-7123
-5739
-4523
-3775
-3471
-3678
-4179
-4851
-5672
-6426
-6911
-7130
-6917
-6320
-5411
-4210
-2982
-1745
-590
420
1257
1982
2629
3216
3672
4070
4467
4867
5305
5797
6213
6478
6562
6487
6258
5932
5557
5379
5092
4622
3967
3172
2372
1616
887
205
-359
-777
-1092
-1413
-1702
-1933
-2110
-2131
-2052
-1856
-1575
-1151
-612
74
857
1782
2794
3870
5004
6182
7329
8514
9701
10962
12295
13616
14803
15775
16475
16943
17117
16997
16543
15901
15075
13981
12722
11189
9521
7707
5780
3777
1900
320
-914
-1883
-2684
-3369
-4059
-4596
-4949
-5308
-5643
-6120
-6572
-6841
-6906
-6785
-6546
-6117
-5566
-5073
-4675
-4469
-4463
-4594
-4805
-5167
-5717
-6417
-7172
-7832
-8336
-8676
-8950
-9167
-9230
-9226
-9147
-8950
-8698
-8510
-8405
-8417
-8478
-8591
-8747
-8957
-9066
-8960
-8660
-8411
-8243
-8132
-7914
-7576
-7082
-6406
-5617
-4709
-3671
-2678
-1746
-911
-196
554
1254
1838
2310
2664
2976
3293
3619
3894
4131
4264
4391
4479
4462
4420
4347
4172
3921
3536
3065
2575
2023
1539
1062
669
348
43
-237
-517
-829
-1133
-1409
-1645
-1773
-1692
-1337
-584
483
1704
3015
4318
5525
6617
7346
7817
7920
7721
7397
6940
6358
5755
5193
4766
4531
4445
4590
5021
5548
6186
6877
7541
8140
8643
9064
9346
9441
9339
9070
8643
8124
7581
6988
6329
5682
5065
4548
4100
3699
3271
2685
2042
1402
783
236
-240
-630
-868
-1065
-1232
-1463
-1774
-2133
-2505
-2822
-3134
-3416
-3652
-3864
-4092
-4412
-4857
-5361
-5810
-6202
-6450
-6544
-6539
-6476
-6463
-6525
-6600
-6669
-6814
-6893
-6980
-7151
-7349
-7597
-7993
-8254
-8503
-8696
-8797
-8933
-9086
-9072
-8829
-8228
-7467
-6685
-5902
-5131
-4449
-3811
-3295
-2901
-2549
-2222
-1947
-1628
-1344
-1071
-758
-386
86
622
1237
1862
2432
2926
3351
3678
3886
4010
4103
4304
4463
4601
4719
4760
4694
4536
4251
3842
3310
2644
1780
751
-425
-1677
-2910
-3987
-4709
-4914
-4573
-3622
-2308
-745
966
2677
4272
5704
6909
7887
8540
8986
9226
9232
9074
8818
8474
8094
7737
7349
6988
6751
6596
6613
6723
6784
6859
6891
6900
6890
6842
6726
6598
6443
6199
5818
5355
4837
4222
3464
2708
2015
1531
1137
881
762
679
588
444
241
-9
-425
-960
-1578
-2238
-2882
-3517
-4171
-4735
-5187
-5492
-5694
-5783
-5811
-5797
-5736
-5624
-5502
-5399
-5272
-5069
-4861
-4771
-4893
-5086
-5325
-5650
-6033
-6413
-6859
-7334
-7669
-8014
-8347
-8730
-9112
-9281
-9122
-8613
-7786
-6558
-5193
-3712
-2223
-965
58
741
986
996
837
515
200
-37
-221
-323
-387
-457
-456
-387
-274
-42
231
589
979
1403
1857
2394
3014
3745
4582
5459
6370
7253
7952
8256
7929
7031
5502
3659
1617
-399
-2074
-3329
-4102
-4442
-4646
-4908
-5195
-5503
-5776
-5929
-5943
-5822
-5547
-5163
-4670
-4095
-3410
-2576
-1516
-323
977
2371
3823
5311
6741
8091
9307
10279
11044
11535
11821
11864
11798
11594
11223
10753
10205
9641
9058
8493
8003
7597
7297
7081
6948
6796
6562
6170
5664
5191
4960
4987
5167
5501
5824
5788
5559
5173
4693
4167
3651
3063
2364
1564
661
-337
-1430
-2421
-3191
-3882
-4420
-4945
-5405
-5699
-5781
-5837
-5936
-6252
-6781
-7374
-7894
-8309
-8718
-9129
-9494
-9691
-9763
-9868
-10095
-10358
-10666
-10888
-11087
-11232
-11354
-11561
-11748
-11900
-12012
-11905
-11484
-10724
-9676
-8561
-7462
-6364
-5372
-4528
-3751
-3149
-2574
-2015
-1492
-832
-86
684
1625
2643
3771
4962
6143
7313
8421
9335
9962
10362
10469
10390
10201
9880
9464
8950
8325
7639
6890
6129
5327
4518
3798
3099
2409
1751
1124
576
133
-205
-422
-537
-565
-556
-448
-338
-175
31
253
532
836
1173
1524
1861
2216
2611
2994
3439
3983
4565
5212
5936
6661
7457
8255
8966
9617
10182
10581
10820
10823
10727
10563
10277
9934
9551
9124
8638
8091
7521
6956
6451
5995
5576
5238
4869
4409
3713
2746
1541
67
-1516
-3059
-4614
-6186
-7714
-9061
-9964
-10366
-10231
-9632
-8636
-7337
-5902
-4545
-3365
-2457
-1959
-1904
-2315
-3188
-4384
-5816
-7261
-8569
-9626
-10467
-11068
-11480
-11723
-11828
-11894
-11887
-11835
-11629
-11060
-10144
-8985
-7773
-6769
-5893
-5281
-4867
-4716
-4782
-4988
-5324
-5668
-5867
-5815
-5507
-4967
-4252
-3537
-2848
-2320
-1988
-1796
-1758
-1775
-1775
-1703
-1372
-860
-250
426
1087
1690
2289
2868
3474
4140
4866
5589
6296
6887
7297
7470
7395
7162
6645
5951
5047
3955
2830
1629
399
-817
-2002
-3094
-4039
-4801
-5343
-5659
-5698
-5477
-5059
-4477
-3729
-2938
-2035
-1085
-70
1085
2375
3723
5090
6433
7675
8711
9529
10084
10389
10376
10251
10069
9711
9244
8752
8304
7839
7348
6805
6205
5501
4690
3839
2969
2220
1636
1302
1272
1541
2111
2882
3845
4846
5696
6309
6404
6098
5406
4395
3228
1988
749
-402
-1497
-2630
-3791
-4816
-5615
-6207
-6533
-6487
-6092
-5437
-4548
-3424
-2192
-1078
-222
315
472
412
25
-633
-1534
-2585
-3810
-5216
-6592
-7808
-8840
-9649
-10264
-10594
-10615
-10330
-9829
-9126
-8185
-7068
-5801
-4398
-3052
-1953
-1248
-940
-1066
-1385
-1767
-1953
-1818
-1482
-1008
-438
16
409
706
900
1196
1552
1965
2513
3058
3648
4214
4688
5169
5636
6056
6369
6559
6647
6559
6292
5799
5166
4361
3454
2535
1600
687
-88
-828
-1495
-2086
-2608
-3027
-3343
-3537
-3613
-3565
-3413
-3179
-2812
-2353
-1822
-1230
-573
94
846
1574
2253
2946
3565
4099
4638
5143
5624
6195
6870
7746
8736
9794
10843
11830
12705
13332
13702
13787
13553
12972
12082
10834
9378
7760
6072
4356
2738
1251
-13
-1024
-1795
-2378
-2787
-3112
-3512
-4119
-4992
-5878
-6600
-7057
-7189
-6836
-6132
-5223
-4288
-3378
-2641
-2249
-2225
-2687
-3429
-4395
-5544
-6737
-7942
-9018
-9803
-10347
-10690
-10911
-10930
-10785
-10446
-10011
-9559
-9164
-8826
-8714
-8824
-9324
-9989
-10827
-11737
-12555
-13140
-13412
-13246
-12718
-11834
-10809
-9828
-8777
-7868
-7226
-6644
-5988
-5190
-4182
-3058
-1945
-926
-15
814
1573
2251
2955
3793
4712
5618
6476
7301
8052
8729
9346
9855
10246
10538
10644
10588
10413
9982
9363
8505
7490
6429
5329
4260
3284
2369
1616
967
425
38
-237
-407
-427
-379
-261
-149
-33
111
230
239
106
-154
-554
-994
-1433
-1721
-1886
-1798
-1247
-312
1019
2619
4430
6220
7858
9310
10423
11211
11775
12081
12193
12263
12413
12688
13149
13641
14023
14182
14166
13901
13490
12907
12313
11726
10969
9823
7998
5531
2632
-349
-3155
-5566
-7140
-7852
-7904
-7492
-6851
-6056
-5114
-4210
-3347
-2712
-2494
-2859
-3707
-4937
-6298
-7720
-8985
-10087
-10972
-11707
-12302
-12662
-12705
-12629
-12411
-12326
-12525
-12740
-12919
-13057
-13393
-13867
-14395
-14653
-14612
-14243
-13586
-12859
-12094
-11343
-10580
-9722
-8922
-8084
-7108
-6032
-4927
-3893
-3035
-2234
-1581
-983
-414
105
650
1280
1923
2525
3098
3643
4141
4600
5075
5566
5979
6292
6502
6671
6823
6939
6962
6926
6739
6472
6040
5540
4925
4264
3609
2959
2327
1699
1083
548
100
-221
-384
-339
-77
333
794
1290
1876
2507
3280
4308
5626
7238
9070
10942
12716
14172
15286
15908
16183
16085
15620
14833
13807
12538
11162
9794
8499
7398
6653
6347
6585
6991
7258
7302
7018
6450
5694
4801
3814
2733
1641
549
-595
-1778
-2880
-3910
-4855
-5582
-6031
-6212
-6249
-6103
-5882
-5661
-5566
-5586
-5897
-6388
-7005
-7759
-8577
-9403
-10207
-10954
-11684
-12433
-13093
-13643
-13994
-14115
-13971
-13720
-13469
-13170
-12764
-12261
-11803
-11628
-11706
-11867
-12025
-12131
-12178
-12143
-12008
-11595
-10725
-9477
-7806
-6079
-4495
-3006
-1753
-682
182
919
1640
2390
3057
3546
3837
3906
3826
3708
3506
3333
2985
2538
2057
1568
1162
852
635
570
680
918
1070
1108
966
665
324
-44
-250
-181
183
863
1701
2579
3341
3913
4358
4731
5058
5434
5753
6062
6291
6425
6474
6472
6482
6540
6698
6946
7284
7725
8230
8827
9446
10138
10844
11570
12329
13032
13655
14160
14542
14770
14781
14663
14353
13946
13397
12727
11914
10952
9865
8678
7429
6121
4808
3528
2212
784
-707
-2157
-3433
-4390
-5005
-5266
-5354
-5237
-5001
-4679
-4333
-4091
-3954
-3853
-3875
-4002
-4265
-4704
-5364
-6183
-7017
-7871
-8692
-9463
-10164
-10713
-11279
-11791
-12162
-12309
-12351
-12319
-12223
-12051
-11988
-12059
-12209
-12462
-12871
-13261
-13572
-13787
-13663
-13221
-12501
-11687
-10860
-9971
-9098
-8250
-7373
-6532
-5818
-5167
-4718
-4278
-3746
-3119
-2342
-1460
-492
676
2030
3441
4786
6007
6975
7711
8220
8534
8693
8734
8741
8654
8522
8329
8007
7588
7070
6450
5835
5152
4502
3893
3372
2911
2526
2214
1943
1748
1582
1476
1436
1435
1571
1884
2414
3068
3757
4484
5210
5966
6735
7471
8177
8886
9558
10152
10734
11315
11885
12491
13098
13579
13853
13905
13705
13278
12566
11566
10385
9040
7556
6009
4480
3038
1846
1107
611
371
183
-1
-328
-827
-1561
-2467
-3577
-4731
-5835
-6793
-7524
-7950
-7993
-7739
-7315
-6764
-6122
-5456
-4929
-4636
-4560
-4651
-4957
-5463
-5956
-6374
-6635
-6724
-6731
-6721
-6677
-6635
-6714
-6930
-7420
-8093
-9106
-10265
-11704
-13283
-14885
-16474
-17847
-18854
-19629
-19974
-19888
-19231
-18015
-16278
-14201
-11812
-9404
-7203
-5467
-4368
-3842
-3544
-3327
-2851
-1991
-767
826
2483
4045
5432
6537
7271
7687
7838
7805
7672
7528
7439
7365
7304
7254
7228
7193
7134
7042
6895
6675
6388
5933
5374
4659
3878
3029
2186
1377
674
90
-336
-626
-735
-747
-594
-277
213
833
1571
2357
3226
4164
5221
6355
7547
8750
9946
11050
12010
12836
13546
14151
14664
14993
15205
15326
15213
14898
14364
13624
12660
11610
10519
9416
8311
7275
6449
5842
5338
4862
4177
3274
2211
1065
-42
-1054
-2012
-2830
-3569
-4188
-4553
-4648
-4492
-4148
-3658
-3204
-2896
-2756
-2791
-3018
-3315
-3743
-4234
-4851
-5487
-6023
-6477
-6874
-7142
-7351
-7486
-7576
-7680
-7852
-8075
-8414
-8749
-9151
-9590
-9989
-10268
-10631
-11042
-11444
-11959
-12478
-12970
-13295
-13345
-13037
-12341
-11171
-9682
-7916
-6048
-4215
-2611
-1332
-392
172
441
522
409
232
92
115
415
863
1338
1757
2081
2391
2698
3002
3319
3635
3993
4378
4719
4962
5102
5111
4997
4707
4272
3687
2886
2014
1153
481
171
263
971
2207
3943
5894
7844
9710
11384
12682
13643
14133
14239
14006
13467
12744
11879
10957
10052
9235
8581
8120
7918
7917
8053
8312
8601
8849
8987
8977
8794
8430
7903
7308
6656
6007
5416
4953
4565
4172
3652
2786
1652
257
-1162
-2451
-3641
-4521
-5042
-5325
-5428
-5533
-5874
-6568
-7363
-8037
-8499
-8677
-8792
-9065
-9540
-10146
-10782
-11323
-11632
-11805
-11833
-11813
-11877
-12044
-12345
-12569
-12702
-12711
-12516
-12217
-11914
-11637
-11345
-11135
-11159
-11318
-11573
-11797
-11961
-12007
-11898
-11383
-10634
-9630
-8511
-7333
-6180
-5150
-4227
-3488
-2933
-2414
-2009
-1592
-1182
-728
-114
613
1423
2306
3183
4004
4867
5728
6635
7517
8276
8920
9363
9569
9508
9200
8767
8178
7544
6872
6206
5562
4933
4328
3789
3316
2894
2562
2338
2195
2128
2039
1925
1835
1777
1797
1897
2109
2395
2732
3099
3561
4074
4578
5117
5740
6389
7053
7782
8558
9375
10152
10892
11574
12131
12601
13008
13341
13530
13505
13395
13089
12623
12081
11477
10815
10100
9418
8763
8099
7391
6623
5847
5066
4312
3615
2847
1940
983
-44
-1016
-1937
-2836
-3684
-4499
-5307
-5989
-6560
-7098
-7603
-7968
-8191
-8346
-8471
-8615
-8775
-8896
-9034
-9234
-9588
-10139
-10761
-11236
-11711
-12245
-12821
-13458
-14082
-14840
-15563
-16233
-16706
-16873
-16723
-16319
-15769
-15225
-14719
-14235
-13732
-13177
-12483
-11726
-10927
-10231
-9596
-9005
-8458
-7758
-6907
-5927
-4707
-3359
-1701
147
2089
4075
5893
7497
8852
9989
10853
11462
11839
12034
11994
11782
11301
10628
9763
8727
7666
6566
5518
4587
3775
3162
2682
2299
2056
1919
1897
1950
2080
2319
2604
2959
3370
3857
4485
5227
6127
7108
8181
9359
10495
11579
12600
13504
14338
15050
15614
16047
16347
16466
16413
16171
15724
15186
14545
13810
13047
12289
11580
10932
10480
10110
9846
9614
9302
8927
8395
7715
6923
6005
5017
3917
2660
1236
-304
-1904
-3504
-5143
-6814
-8378
-9772
-10997
-11967
-12827
-13564
-14243
-14736
-15015
-15040
-14856
-14310
-13570
-12703
-11790
-11127
-10808
-10860
-11272
-12070
-13383
-14917
-16352
-17689
-19007
-20039
-20698
-20777
-20392
-19372
-17830
-16015
-14019
-12212
-10633
-9193
-8087
-7026
-6131
-5363
-4534
-3630
-2450
-1055
499
2072
3679
5153
6532
7781
8906
9921
10820
11593
12170
12493
12593
12415
11990
11309
10430
9340
8081
6783
5515
4327
3265
2301
1492
820
317
-68
-384
-607
-752
-822
-864
-833
-744
-566
-308
88
578
1197
1904
2714
3526
4318
5152
5956
6727
7461
8175
8923
9636
10287
10899
11426
11901
12333
12585
12729
12848
12808
12529
12142
11688
11181
10673
10199
9782
9324
8829
8318
7747
7049
6213
5209
4052
2754
1227
-494
-2276
-4034
-5754
-7318
-8747
-9942
-10842
-11419
-11702
-11635
-11336
-10886
-10290
-9469
-8616
-7917
-7587
-7484
-7636
-8068
-8724
-9591
-10635
-11707
-12769
-13712
-14432
-14945
-15247
-15365
-15455
-15534
-15607
-15575
-15442
-15188
-14739
-14103
-13325
-12466
-11635
-10764
-9967
-9259
-8559
-8076
-7808
-7717
-7613
-7276
-6575
-5606
-4274
-2819
-1275
289
1803
3243
4595
5762
6738
7531
8201
8738
9160
9486
9694
9871
9913
9774
9381
8748
7922
6937
5812
4645
3478
2396
1435
657
50
-276
-381
-232
117
670
1362
2173
3026
3839
4635
5398
6173
7019
7935
8912
9941
11036
12145
13183
14042
14713
15127
15254
15144
14766
14212
13530
12766
12002
11263
10550
9889
9316
8809
8447
8142
7851
7438
6860
6128
5208
4116
2926
1708
426
-893
-2189
-3478
-4511
-5336
-5963
-6203
-6073
-5677
-5115
-4429
-3765
-3265
-3157
-3333
-3822
-4703
-5737
-6711
-7538
-8203
-8770
-9238
-9650
-9928
-10135
-10207
-10253
-10307
-10429
-10622
-10872
-11244
-11728
-12257
-12933
-13686
-14360
-14920
-15209
-15152
-14779
-13983
-12949
-11740
-10496
-9502
-8786
-8447
-8348
-8258
-8123
-7757
-7146
-6337
-5260
-4045
-2832
-1689
-677
214
920
1595
2052
2351
2579
2821
3096
3426
3842
4343
4872
5413
5899
6357
6778
7131
7388
7544
7545
7297
6818
6106
5265
4379
3566
2785
2112
1573
1177
928
795
833
1013
1337
1852
2610
3569
4777
6135
7576
9054
10457
11766
12998
14082
15076
15918
16591
16939
17026
16849
16435
15791
15101
14493
13914
13368
12657
11895
11125
10055
8639
7128
5547
4081
2890
1962
1251
651
93
-468
-1041
-1559
-2079
-2495
-2820
-3132
-3416
-3683
-3929
-4311
-4719
-5207
-5789
-6325
-6706
-6911
-7129
-7421
-7837
-8340
-8855
-9334
-9813
-10330
-10655
-10953
-11230
-11487
-11840
-12382
-12977
-13741
-14648
-15750
-16923
-18020
-19063
-19781
-19884
-19238
-17748
-15745
-13430
-10924
-8497
-6166
-4132
-2504
-1056
59
909
1571
1973
2192
2246
2230
2219
2286
2449
2668
2970
3319
3717
4179
4724
5279
5824
6340
6751
7074
7270
7340
7269
7110
6883
6568
6255
5994
5796
5421
4701
3604
2362
1141
11
-769
-944
-435
936
2771
4657
6206
7211
7817
8189
8471
8669
8865
9152
9493
9855
10241
10552
10854
11162
11405
11496
11496
11473
11375
11292
11138
10926
10595
10125
9526
8814
8064
7290
6479
5655
4804
3919
2949
1814
594
-746
-2027
-3212
-4235
-5057
-5751
-6334
-6690
-6991
-7226
-7378
-7456
-7463
-7496
-7544
-7569
-7702
-7875
-8093
-8312
-8700
-9276
-10021
-10843
-11563
-12149
-12643
-12954
-12880
-12521
-12010
-11548
-11180
-10937
-10959
-11153
-11556
-12075
-12628
-12939
-12861
-12375
-11362
-10013
-8397
-6566
-4731
-2995
-1593
-505
245
685
1078
1391
1817
2491
3268
4295
5307
6287
7174
7770
8152
8324
8254
8111
7903
7684
7511
7259
6967
6547
6038
5479
4825
4149
3439
2695
1959
1273
715
324
100
-27
-112
-192
-296
-410
-492
-581
-649
-716
-713
-655
-468
-64
695
1769
3184
4795
6434
8006
9437
10678
11701
12441
12923
13100
13108
12949
12623
12150
11582
10943
10335
9732
9206
8893
8800
8734
8691
8501
8052
7502
6889
6339
5886
5439
4957
4376
3597
2454
984
-838
-2793
-4789
-6534
-7759
-8513
-8848
-8933
-8790
-8491
-8217
-7918
-7620
-7306
-7248
-7478
-7952
-8630
-9491
-10479
-11682
-13036
-14289
-15441
-16426
-17166
-17715
-18147
-18461
-18719
-18938
-19035
-18928
-18695
-18230
-17540
-16859
-16086
-15187
-14068
-12334
-10039
-7141
-4351
-2145
-489
324
857
1313
1745
2317
3061
4093
5352
6572
7598
8205
8411
8318
7889
7269
6522
5693
4875
4110
3402
2769
2331
2079
2055
2215
2471
2845
3303
3720
4110
4478
4810
5112
5395
5689
5965
6243
6521
6691
6785
6811
6779
6728
6718
6782
6920
7111
7401
7713
8031
8423
8927
9493
10105
10746
11426
12037
12536
12891
13109
13222
13204
13101
12885
12550
12018
11380
10604
9748
8904
8072
7238
6430
5582
4654
3569
2471
1326
71
-1264
-2673
-3943
-4894
-5678
-6259
-6585
-6726
-6752
-6627
-6216
-5639
-5023
-4590
-4420
-4336
-4438
-4824
-5718
-6966
-8354
-9682
-10840
-11904
-12976
-14074
-14954
-15459
-15599
-15316
-14929
-14621
-14504
-14529
-14633
-14714
-14629
-14473
-14174
-13721
-13106
-12244
-11155
-9833
-8386
-6982
-5646
-4619
-3837
-3204
-2741
-2155
-1468
-651
385
1507
2672
3806
4753
5587
6317
6858
7133
7142
6867
6376
5765
5111
4528
4030
3597
3289
2979
2687
2369
2032
1636
1216
888
728
688
828
1072
1432
1815
2270
2859
3555
4454
5540
6768
8046
9291
10429
11382
12177
12779
13256
13576
13705
13683
13536
13319
13090
12866
12645
12473
12340
12197
12038
11877
11682
11468
11261
11203
11232
11288
11288
11126
10672
9805
8601
7082
5343
3397
1380
-501
-2191
-3669
-4861
-5901
-6766
-7507
-8126
-8671
-9092
-9325
-9280
-8994
-8547
-8009
-7612
-7537
-7926
-8613
-9149
-9380
-9658
-10312
-11723
-13655
-15848
-18144
-20113
-21390
-21747
-21464
-20678
-19554
-18151
-16635
-14975
-13192
-11276
-9441
-7603
-6018
-4638
-3575
-2786
-2198
-1735
-1365
-1003
-813
-666
-590
-489
-359
-158
134
519
924
1410
1999
2743
3517
4299
5022
5673
6226
6727
7197
7664
8105
8524
8891
9139
9245
9228
9154
8898
8487
7875
7122
6213
5249
4278
3414
2816
2470
2425
2601
2887
3276
3595
3810
3899
3900
3930
3987
4089
4316
4702
5261
5962
6754
7588
8413
9227
10003
10641
11205
11627
11881
12004
11922
11655
11264
10754
10171
9576
9013
8486
8085
7756
7544
7402
7398
7406
7274
6889
6322
5473
4318
2875
1172
-780
-2929
-5112
-7271
-9447
-11545
-13545
-15475
-17240
-18508
-19243
-19336
-18999
-18365
-17732
-17100
-16503
-15887
-15253
-14579
-13743
-12795
-11865
-11061
-10634
-10384
-10459
-10748
-11297
-12076
-12970
-13739
-14338
-14641
-14692
-14346
-13623
-12564
-11298
-10019
-8812
-7769
-7073
-6666
-6516
-6531
-6364
-5964
-5186
-4091
-2739
-1166
632
2503
4400
6171
7841
9383
10817
12085
13079
13727
14037
13946
13502
12700
11648
10349
8911
7359
5762
4182
2708
1434
387
-410
-933
-1198
-1183
-964
-558
-29
600
1372
2233
3178
4193
5189
6163
7045
7871
8663
9411
10191
11005
11844
12671
13446
14134
14704
15072
15336
15454
15451
15333
15135
14856
14494
14051
13555
13016
12412
11695
10802
9734
8539
7230
5857
4452
2984
1485
-77
-1603
-3115
-4659
-6246
-7952
-9745
-11423
-12914
-14002
-14585
-14525
-13968
-13026
-11799
-10468
-9211
-8138
-7351
-6812
-6627
-6798
-7348
-8253
-9268
-10351
-11498
-12641
-13740
-14783
-15826
-16737
-17377
-17676
-17598
-17071
-16231
-14882
-12968
-10878
-8779
-6915
-5520
-4538
-3993
-3661
-3568
-3505
-3363
-3192
-3006
-2743
-2351
-1659
-719
499
1857
3276
4698
6021
7118
7888
8295
8314
8045
7488
6736
5891
4966
4026
3159
2379
1745
1258
960
791
673
554
372
137
-109
-275
-280
-136
232
885
1700
2591
3450
4220
4817
5247
5542
5790
5994
6216
6556
6988
7567
8249
9028
9924
10786
11540
12091
12591
13404
14340
15328
16358
17376
18228
18850
19124
18915
18341
17359
16213
14847
13313
11650
9971
8400
6972
5642
4284
2873
1507
270
-870
-1887
-2862
-3827
-4757
-5599
-6366
-7029
-7388
-7514
-7474
-7154
-6607
-5860
-5067
-4326
-3736
-3495
-3496
-3814
-4265
-4739
-5190
-5563
-5871
-6138
-6380
-6627
-6903
-7164
-7429
-7733
-8184
-8644
-9122
-9619
-10027
-10423
-10765
-10971
-11034
-10998
-10963
-10900
-10831
-10478
-9815
-8976
-8099
-7278
-6734
-6382
-6323
-6558
-6910
-7194
-7223
-6990
-6548
-6065
-5634
-5284
-4959
-4603
-4201
-3488
-2527
-1251
216
1857
3639
5322
6932
8423
9767
11063
12180
13000
13276
12947
12149
11070
9836
8428
6963
5557
4264
3108
2039
1007
-37
-1100
-2132
-3033
-3724
-4081
-4083
-3690
-2915
-1780
-361
1235
2910
4591
6197
7706
9036
10251
11199
12013
12565
12901
12973
12749
12298
11638
10871
9932
8941
8021
7135
6390
5736
5198
4786
4474
4137
3735
3343
3039
2839
2715
2624
2443
2060
1473
676
-249
-1301
-2349
-3275
-4015
-4628
-4955
-5081
-5124
-5137
-5266
-5486
-5778
-6152
-6550
-6909
-7138
-7257
-7387
-7640
-8010
-8482
-9024
-9571
-10273
-11000
-11677
-12285
-12871
-13495
-13996
-14457
-14796
-15073
-15211
-15226
-14920
-14161
-13097
-11910
-10607
-9260
-8018
-6969
-5970
-4994
-4097
-3249
-2480
-1856
-1362
-947
-559
-176
220
713
1180
1581
1992
2293
2448
2518
2379
2232
2189
2250
2463
2705
2880
3118
3318
3426
3556
3635
3760
3959
4188
4483
4733
4902
4981
4887
4692
4402
4012
3536
3028
2506
2002
1525
1129
853
617
427
281
189
169
323
649
1063
1577
2158
2746
3403
4122
4937
5893
6919
7991
9032
10044
11006
11924
12752
13511
14117
14514
14635
14529
14206
13741
13123
12368
11489
10564
9555
8448
7314
6063
4674
3175
1581
-61
-1657
-3126
-4484
-5600
-6529
-7199
-7465
-7499
-7422
-7242
-6926
-6536
-6049
-5549
-5092
-4770
-4802
-5160
-5943
-6973
-8155
-9373
-10471
-11391
-12142
-12672
-13006
-13147
-13100
-12918
-12781
-12608
-12515
-12653
-12850
-13067
-13185
-13032
-12598
-11885
-10861
-9646
-8322
-6884
-5381
-3825
-2305
-1057
-167
306
458
334
123
-82
-201
-129
109
471
950
1442
1955
2501
3000
3487
3906
4225
4494
4660
4749
4813
4870
4889
4840
4626
4332
3910
3540
3209
2951
2748
2561
2408
2255
2030
1684
1200
681
159
-321
-728
-954
-1031
-813
-444
181
988
1918
2968
4107
5293
6490
7669
8852
9985
11038
12060
13030
13918
14761
15519
16135
16571
16761
16704
16389
15802
14921
13816
12499
11130
9695
8320
7060
5997
5144
4557
4178
3924
3706
3405
2887
2071
1004
-185
-1573
-3114
-4706
-6207
-7471
-8644
-9559
-10178
-10438
-10441
-10142
-9738
-9341
-8857
-8469
-8163
-7929
-7954
-8212
-8802
-9587
-10472
-11290
-12055
-12776
-13489
-14152
-14811
-15334
-15718
-16011
-16312
-16532
-16551
-16250
-15460
-14261
-12800
-11160
-9426
-7733
-6277
-5163
-4431
-4035
-4037
-4137
-4292
-4431
-4364
-4060
-3406
-2433
-1189
397
2092
3614
4935
5910
6705
7324
7804
8224
8566
8860
9131
9289
9306
9176
8884
8420
7804
7068
6181
5239
4179
3110
2046
1005
33
-781
-1470
-1978
-2266
-2371
-2281
-1993
-1563
-999
-327
434
1370
2356
3480
4744
6327
8409
11084
14132
17471
20818
23926
26326
28006
28725
28646
27703
26088
23835
21174
18188
15031
11883
8846
6042
3638
1694
350
-509
-763
-571
34
828
1561
2077
2119
1704
754
-778
-2525
-4198
-5679
-6819
-7593
-8055
-8199
-8091
-7847
-7670
-7556
-7490
-7499
-7561
-7763
-8023
-8265
-8497
-8808
-9191
-9647
-10162
-10754
-11333
-11928
-12680
-13572
-14404
-14995
-15379
-15568
-15532
-15431
-15263
-15143
-15123
-15187
-15300
-15316
-15272
-15039
-14614
-13943
-13056
-11982
-10792
-9498
-8200
-6875
-5513
-4238
-2992
-1945
-1089
-326
404
1228
2212
3356
4702
6128
7596
9056
10331
11377
12145
12637
12937
12921
12658
12137
11402
10449
9342
8107
6791
5488
4214
2981
1810
726
-200
-926
-1425
-1691
-1732
-1543
-1158
-637
-88
540
1233
2018
2923
3976
5177
6458
7825
9288
10677
12062
13387
14622
15673
16513
17156
17544
17646
17496
17057
16421
15683
14813
13933
12995
11993
11029
10093
9249
8500
7860
7320
6743
6055
5177
3989
2528
910
-771
-2415
-3975
-5391
-6535
-7399
-7989
-8159
-7972
-7499
-6854
-6217
-5557
-4953
-4589
-4553
-5084
-6048
-7266
-8551
-9827
-11071
-12266
-13326
-14227
-14856
-15374
-15587
-15596
-15529
-15361
-15080
-14857
-14797
-14979
-15513
-16205
-17041
-17760
-18212
-18290
-17959
-17193
-16060
-14626
-13073
-11420
-9819
-8453
-7221
-5991
-4785
-3493
-2252
-1080
82
1313
2641
3908
5156
6269
7034
7416
7477
7302
7057
6838
6658
6595
6616
6696
6841
7001
7172
7268
7233
7090
6887
6437
5850
5106
4309
3628
2872
2237
1721
1441
1367
1521
1823
2234
2692
3210
3709
4197
4651
5100
5568
6092
6622
7231
7915
8675
9561
10481
11490
12444
13263
14018
14599
15064
15437
15621
15662
15550
15271
14831
14339
13769
13118
12423
11625
10750
9862
8872
7753
6590
5374
4106
2876
1663
401
-913
-2158
-3392
-4573
-5655
-6594
-7468
-8187
-8717
-9070
-9290
-9467
-9595
-9720
-9828
-9885
-10018
-10095
-10148
-10209
-10173
-9985
-9671
-9365
-9075
-8852
-8836
-9149
-9705
-10438
-11246
-12154
-13020
-13749
-14201
-14281
-13999
-13429
-12696
-11894
-11059
-10156
-9075
-7979
-6959
-6191
-5696
-5595
-5622
-5726
-5720
-5374
-4762
-3803
-2593
-1223
199
1643
2992
4293
5506
6664
7771
8876
9867
10695
11285
11725
11887
11813
11446
10806
9990
8944
7859
6796
5921
4993
4129
3319
2508
1732
948
141
-644
-1477
-2381
-3403
-4427
-5313
-5941
-6273
-6239
-5907
-5333
-4489
-3493
-2332
-1060
335
1849
3551
5447
7543
9733
11948
14096
16094
17763
19116
20072
20637
20746
20474
19715
18574
17083
15418
13659
11800
9895
8036
6290
4858
3756
3107
2776
2792
3014
3200
3246
2944
2240
1120
-413
-2168
-4035
-5998
-7985
-9891
-11586
-13024
-14004
-14584
-14719
-14567
-14250
-13794
-13307
-12940
-12704
-12723
-12933
-13460
-14215
-15093
-16076
-17008
-17945
-18886
-19597
-20043
-20047
-19529
-18645
-17507
-16254
-14965
-13582
-12282
-11114
-10106
-9308
-8657
-8132
-7661
-7109
-6390
-5544
-4587
-3661
-2794
-2054
-1541
-1222
-994
-633
-252
196
652
1135
1661
2254
2917
3674
4362
4987
5400
5674
5706
5585
5304
4954
4630
4407
4450
4790
5453
6384
7473
8657
9805
10659
11250
11557
11689
11704
11679
11636
11567
11509
11394
11148
10876
10744
10875
11161
11598
12176
12774
13284
13744
14075
14232
14242
14111
13898
13724
13616
13517
13355
13074
12572
11873
10921
9812
8579
7305
5981
4473
2767
962
-823
-2596
-4319
-5818
-7112
-8031
-8679
-9026
-9038
-8740
-8282
-7703
-7161
-6725
-6452
-6296
-6355
-6512
-6810
-7286
-7998
-9028
-10163
-11314
-12344
-13057
-13536
-13809
-13994
-14135
-14270
-14368
-14535
-14743
-15191
-15858
-16655
-17548
-18423
-19318
-20083
-20608
-20552
-19725
-17904
-15313
-12196
-9041
-6184
-3991
-2529
-1760
-1391
-1191
-796
-32
1086
2480
3983
5500
6972
8347
9562
10561
11302
11821
12055
12132
12035
11820
11474
10979
10399
9707
8929
8110
7216
6307
5373
4440
3514
2704
2009
1439
1024
824
835
1009
1304
1665
2120
2658
3384
4291
5454
6806
8273
9807
11320
12739
14056
15212
16079
16637
16917
16907
16734
16447
16150
15791
15443
15042
14544
13958
13331
12691
12048
11375
10640
9861
8950
7968
6933
5820
4667
3472
2247
888
-536
-1896
-3223
-4525
-5708
-6728
-7467
-8013
-8418
-8643
-8686
-8517
-8172
-7729
-7252
-6877
-6678
-6573
-6624
-6788
-7017
-7351
-7806
-8365
-9077
-9942
-11054
-12299
-13681
-15173
-16445
-17449
-18157
-18647
-19054
-19298
-19418
-19496
-19576
-19555
-19218
-18616
-17576
-16116
-14265
-12196
-10166
-8161
-6398
-5127
-4054
-2833
-1336
455
2372
4304
6008
7332
8231
8739
8899
8855
8667
8471
8329
8269
8261
8181
8036
7832
7540
7144
6664
6196
5673
5069
4399
3649
2880
2096
1318
607
-18
-485
-752
-905
-942
-869
-664
-325
149
743
1473
2371
3403
4526
5729
6917
8006
9011
9900
10637
11275
11694
11978
12154
12266
12317
12328
12371
12373
12374
12390
12364
12301
12143
11924
11578
11145
10622
9944
9111
8107
6968
5732
4507
3234
1922
590
-689
-1888
-2883
-3603
-4091
-4371
-4453
-4316
-4098
-3813
-3488
-3307
-3304
-3563
-4072
-4971
-6124
-7445
-8787
-10000
-10860
-11383
-11769
-12005
-12026
-11909
-11676
-11435
-11298
-11220
-11129
-11095
-11181
-11415
-11873
-12325
-12875
-13363
-13701
-13795
-13645
-13258
-12750
-12012
-11181
-10316
-9440
-8651
-8061
-7622
-7321
-7098
-6917
-6705
-6444
-6089
-5501
-4668
-3562
-2142
-458
1475
3600
5700
7695
9470
10999
12174
12974
13466
13577
13490
13304
13061
12669
12115
11269
10161
8856
7456
6046
4736
3588
2724
2093
1666
1412
1217
1058
985
1038
1249
1596
2118
2799
3537
4330
5120
5954
6758
7499
8189
8815
9328
9752
10167
10483
10759
10990
11218
11338
11386
11350
11201
10933
10570
10172
9827
9557
9310
9172
9017
8837
8619
8284
7814
7278
6676
6023
5200
4219
3095
1808
363
-1206
-3001
-4879
-6687
-8339
-9905
-11436
-12363
-12690
-12518
-12006
-11269
-10559
-9973
-9431
-9062
-9006
-9137
-9620
-10322
-11091
-11803
-12427
-12993
-13545
-13994
-14388
-14673
-14995
-15314
-15701
-15962
-16269
-16464
-16437
-16156
-15496
-14427
-13003
-11263
-9363
-7512
-5720
-4175
-2800
-1581
-586
202
765
1171
1454
1649
1804
1933
2110
2414
2775
3194
3697
4334
5126
6083
7131
8238
9242
10108
10790
11296
11606
11716
11598
11308
10810
10186
9397
8481
7458
6349
5194
4009
2869
1824
886
88
-613
-1253
-1797
-2275
-2649
-2868
-2886
-2609
-2042
-1303
-440
506
1553
2692
3867
5069
6234
7366
8456
9426
10313
11004
11530
11871
12137
12267
12339
12354
12313
12198
11918
11551
11099
10579
9999
9386
8712
7936
7117
6287
5486
4634
3723
2592
1180
-430
-1785
-2839
-3692
-4479
-5253
-5840
-6280
-6349
-6179
-5794
-5102
-4232
-3350
-2602
-2210
-2087
-2339
-3052
-4188
-5569
-7026
-8419
-9617
-10730
-11841
-12886
-13721
-14172
-14356
-14355
-14203
-14165
-14189
-14161
-14148
-14200
-14404
-14697
-14801
-14545
-13820
-12702
-11067
-9100
-7057
-5165
-3769
-2795
-2177
-1877
-1701
-1525
-1275
-921
-447
117
657
1215
1813
2475
3199
3853
4411
4834
5066
5173
5041
4777
4329
3765
3200
2637
2066
1510
1006
607
274
48
-62
-78
-42
62
203
341
477
638
783
953
1089
1276
1516
1784
2109
2454
2888
3423
4065
4837
5755
6881
8168
9676
11266
12914
14521
16022
17457
18742
19645
20158
20363
20194
19593
18727
17597
16379
15190
14083
13190
12501
12005
11603
11111
10402
9515
8389
7154
5701
4095
2350
589
-1204
-3017
-4834
-6564
-8351
-10212
-12024
-13755
-15229
-16223
-16727
-16549
-15892
-14810
-13502
-12168
-10907
-10029
-9559
-9480
-9975
-10873
-12122
-13624
-15239
-16751
-18169
-19460
-20530
-21442
-22069
-22417
-22538
-22579
-22638
-22564
-22302
-21526
-20228
-18567
-16620
-14632
-12629
-10586
-8714
-7022
-5260
-3514
-1640
324
2476
4793
7120
9313
11124
12533
13570
14217
14522
14508
14247
13801
13315
12774
12154
11413
10564
9619
8640
7652
6703
5902
5209
4716
4478
4445
4689
5062
5596
6168
6750
7255
7601
7811
7876
7848
7732
7544
7376
7242
7156
7092
7044
6948
6836
6706
6566
6482
6445
6500
6582
6713
6840
7028
7254
7448
7594
7678
7667
7571
7394
7185
6944
6722
6500
6341
6191
6018
5792
5444
5018
4501
3961
3504
3168
2907
2517
1846
785
-507
-2074
-3733
-5106
-6243
-7105
-7630
-7939
-8018
-7995
-8002
-7985
-8107
-8296
-8499
-8685
-9016
-9535
-10313
-11230
-12209
-13272
-14412
-15621
-16753
-17652
-18317
-18550
-18446
-17868
-16977
-15889
-14712
-13696
-12914
-12243
-11581
-10862
-10101
-9201
-8208
-7326
-6491
-5743
-4987
-4115
-3092
-1920
-659
579
1841
3115
4428
5704
6906
7899
8707
9376
9754
9843
9681
9256
8560
7691
6721
5780
4917
4181
3635
3257
2956
2780
2707
2766
2939
3252
3630
4035
4409
4730
4970
5214
5475
5753
6071
6441
6890
7429
8005
8673
9346
10091
10868
11671
12520
13414
14341
15167
15748
16155
16319
16226
15960
15474
14888
14092
12956
11532
10122
9097
8681
8705
8986
9238
9134
8670
7838
6608
4979
3053
932
-1333
-3682
-6007
-8216
-10231
-11882
-12999
-13672
-13781
-13455
-12756
-11905
-11040
-10355
-9938
-9768
-9911
-10485
-11287
-12504
-14020
-15785
-17565
-19092
-20375
-21377
-22102
-22526
-22653
-22589
-22248
-21732
-20975
-20017
-18859
-17580
-16286
-14971
-13633
-12172
-10659
-9108
-7523
-5930
-4384
-2977
-1647
-400
851
2114
3357
4612
5799
6872
7887
8785
9570
10266
10841
11359
11723
11905
11798
11294
10604
9760
8877
7967
7004
6032
5093
4330
3752
3489
3462
3720
4195
4761
5343
5839
6187
6383
6437
6469
6489
6586
6831
7170
7611
8077
8600
9199
9832
10549
11360
12260
13197
14081
14829
15336
15677
15827
15683
15380
14910
14319
13601
12790
11961
11110
10331
9622
9104
8722
8421
8085
7694
7195
6538
5559
4281
2694
822
-1244
-3328
-5363
-7375
-9313
-11156
-12766
-13961
-14825
-15188
-15070
-14272
-12925
-11087
-9049
-7090
-5530
-4500
-4109
-4206
-4754
-5713
-7361
-9695
-12755
-16265
-19913
-23259
-25989
-28293
-30021
-31016
-31244
-30407
-28851
-26286
-23031
-19284
-15303
-11540
-8404
-6213
-5173
-4940
-5046
-5009
-4035
-2237
259
3043
5651
7826
9232
10013
10361
10477
10527
10589
10709
10891
11080
11218
11246
11169
10999
10635
10098
9372
8441
7382
6238
5051
3891
2756
1740
847
130
-412
-714
-806
-656
-212
446
1298
2171
2999
3761
4330
4817
5283
5733
6306
6987
7859
8991
10300
11694
13015
14120
14930
15380
15578
15494
15175
14631
13975
13249
12529
11816
11124
10410
9697
9020
8415
7811
7229
6613
6068
5574
5071
4636
4128
3248
1876
66
-1863
-3758
-5597
-7042
-8264
-9155
-9705
-9930
-9882
-9736
-9394
-8987
-8569
-8297
-8284
-8372
-8683
-9127
-9773
-10607
-11402
-12096
-12713
-13276
-13757
-13982
-14177
-14400
-14645
-14977
-15376
-15758
-16014
-16065
-15855
-15459
-14830
-14086
-13328
-12566
-11814
-10981
-10088
-9257
-8576
-8177
-7969
-7976
-8082
-8163
-8094
-7701
-7069
-6149
-5008
-3725
-2293
-710
969
2655
4239
5683
6917
7869
8577
9052
9320
9380
9279
9033
8637
8149
7613
7008
6380
5713
5023
4246
3439
2581
1738
941
251
-299
-584
-635
-410
36
792
1789
2983
4297
5726
7190
8636
10023
11269
12405
13566
14826
16110
17396
18557
19737
20703
21218
21300
20887
20215
19423
18537
17598
16498
15309
13975
12488
10903
9269
7634
6026
4472
3048
1722
473
-711
-1913
-3236
-4629
-6072
-7433
-8677
-9565
-10042
-10050
-9694
-9034
-8042
-6743
-5405
-4263
-3474
-3064
-3168
-3612
-4440
-5606
-6957
-8323
-9625
-10809
-12015
-13081
-13955
-14567
-14964
-15134
-15171
-15100
-15007
-14882
-14817
-14923
-15102
-15231
-15141
-14844
-14247
-13374
-12219
-10976
-9695
-8503
-7450
-6531
-5749
-5024
-4266
-3503
-2688
-1841
-976
-179
518
1058
1438
1890
2421
3013
3726
4557
5454
6349
7072
7673
8189
8488
8564
8391
7950
7235
6402
5467
4448
3434
2507
1717
1082
678
467
452
642
1002
1448
1993
2527
3029
3513
3979
4634
5470
6643
8078
9775
11580
13327
14907
16318
17212
17788
17939
17773
17323
16664
15788
14825
13738
12605
11443
10308
9286
8513
7979
7698
7450
7204
6898
6602
6330
6051
5720
5233
4486
3423
1950
131
-1945
-4140
-6273
-8206
-9705
-10691
-11112
-11055
-10594
-9821
-9052
-8391
-7846
-7520
-7433
-7581
-8028
-8718
-9693
-10735
-11722
-12579
-13503
-14484
-15320
-16116
-16980
-18001
-18994
-20086
-21160
-22202
-23016
-23683
-24072
-23991
-23479
-22470
-21190
-19628
-17728
-15626
-13566
-11573
-9807
-8406
-7417
-6746
-6129
-5445
-4368
-2967
-1263
605
2424
4085
5535
6822
7913
8835
9629
10339
10871
11183
11322
11242
11009
10639
10162
9630
9091
8519
7959
7357
6776
6256
5851
5588
5521
5517
5500
5510
5659
6062
6802
7975
9625
11652
13700
15399
16613
17324
17690
17787
17636
17278
16785
16141
15346
14498
13553
12627
11717
10918
10316
9853
9628
9567
9658
9845
9918
9888
9661
9183
8589
7755
6668
5186
3391
1466
-383
-1966
-3130
-3867
-4297
-4497
-4439
-4175
-3767
-3335
-3059
-3000
-3096
-3307
-3635
-4027
-4459
-5039
-5841
-6991
-8246
-9376
-10307
-10970
-11428
-11663
-11872
-11971
-11928
-11685
-11172
-10466
-9866
-9398
-9352
-9782
-10225
-10841
-11537
-12314
-13366
-14442
-15358
-16063
-16718
-17323
-17748
-17809
-17545
-16783
-15541
-13941
-12023
-9973
-7997
-6135
-4576
-3214
-2042
-1078
-86
1050
2346
3737
5112
6495
7800
9012
10091
10950
11606
12009
12162
12022
11653
11069
10316
9418
8477
7546
6626
5735
4875
4066
3454
3013
2879
3015
3526
4269
5125
5998
6846
7553
8121
8486
8704
8782
8742
8681
8621
8693
8875
9244
9742
10287
10783
11269
11811
12398
13007
13490
13816
13993
13990
13845
13476
13000
12480
11894
11306
10792
10295
9751
9073
8242
7130
5671
4066
2357
687
-913
-2401
-3742
-5074
-6442
-7895
-9379
-10810
-12171
-13326
-14199
-14686
-14849
-14901
-14880
-14844
-14735
-14561
-14393
-14271
-14275
-14460
-14704
-15204
-15821
-16267
-16588
-16980
-17192
-17452
-17722
-18152
-18482
-18487
-18315
-17740
-16847
-15550
-13959
-12246
-10463
-8752
-7251
-5948
-5081
-4407
-3858
-3425
-3075
-2646
-2020
-1228
-354
565
1397
2132
2726
3203
3707
4188
4596
4992
5351
5671
5945
6191
6397
6621
6789
6851
6779
6572
6264
5845
5346
4825
4319
3896
3569
3406
3405
3610
3917
4281
4714
5148
5591
6063
6510
7086
7663
8277
8945
9665
10521
11404
12312
13162
13966
14818
15682
16472
17178
17806
18243
18471
18536
18396
18075
17500
16716
15761
14631
13361
12006
10600
9196
7896
6661
5509
4372
3220
1967
676
-743
-2175
-3658
-5206
-6651
-7919
-8934
-9722
-10467
-11088
-11559
-11761
-11798
-11765
-11723
-11717
-11692
-11706
-11748
-11842
-12020
-12397
-12911
-13625
-14322
-14932
-15580
-16274
-17052
-17691
-18171
-18630
-19021
-19340
-19515
-19415
-19072
-18377
-17375
-16153
-14887
-13687
-12545
-11504
-10591
-9776
-9055
-8360
-7662
-6921
-6024
-4938
-3627
-2100
-349
1555
3563
5588
7561
9317
10796
11931
12758
13303
13666
13874
13945
13831
13559
13113
12535
11821
10975
10039
9003
7898
6818
5840
4971
4205
3545
3058
2754
2632
2672
2988
3597
4503
5689
7076
8628
10209
11762
13147
14391
15410
16233
16965
17430
17686
17619
17439
17120
16625
15943
15136
14253
13314
12352
11379
10413
9532
8738
7884
6831
5571
4110
2502
916
-475
-1581
-2474
-3147
-3730
-4256
-4805
-5455
-6052
-6504
-6907
-7365
-7870
-8460
-9081
-9696
-10330
-10891
-11250
-11450
-11479
-11374
-11211
-11134
-11065
-11017
-10978
-11183
-11699
-12400
-13278
-14351
-15611
-16992
-18249
-19325
-20146
-20655
-20823
-20338
-19237
-17676
-15713
-13687
-11676
-9726
-7949
-6361
-5073
-4231
-3766
-3588
-3438
-3209
-2843
-2172
-1277
-38
1335
2732
4063
5133
5970
6557
6972
7224
7409
7522
7649
7830
8060
8329
8569
8716
8750
8616
8284
7807
7166
6415
5638
4881
4193
3550
3019
2641
2478
2474
2609
2933
3365
3963
4716
5598
6677
7914
9263
10634
11979
13244
14332
15277
16077
16970
17628
17973
18406
18707
19222
19405
19232
18747
17729
16672
15337
13778
12092
10273
8372
6488
4771
3287
2168
1338
784
301
-229
-929
-1990
-3223
-4528
-5776
-7021
-8174
-9241
-10252
-11021
-11439
-11434
-11011
-10476
-9985
-9631
-9596
-9909
-10512
-11435
-12422
-13299
-13960
-14483
-14910
-15150
-15319
-15478
-15711
-16096
-16523
-16868
-17261
-17646
-17935
-17990
-17659
-17006
-15969
-14722
-13332
-11855
-10423
-9057
-7779
-6681
-5743
-4968
-4336
-3856
-3515
-3221
-2885
-2464
-1920
-1237
-318
749
1958
3175
4323
5392
6283
7060
7697
8171
8468
8659
8780
8810
8784
8695
8547
8325
8011
7550
7029
6468
5920
5362
4798
4215
3691
3248
2927
2736
2685
2866
3315
4030
5061
6342
7744
9190
10628
12044
13364
14513
15518
16267
16764
16997
17077
17001
16772
16426
15928
15340
14621
13835
13012
12179
11383
10685
10121
9600
9092
8543
7917
7214
6466
5684
4874
3994
3048
1977
857
-230
-1220
-2127
-2771
-3210
-3599
-4072
-4691
-5429
-6295
-7291
-8358
-9389
-10353
-11160
-11697
-11954
-11949
-11625
-11240
-11071
-11003
-11203
-11577
-12409
-13484
-14691
-15975
-17560
-19320
-20987
-22477
-23820
-24827
-25529
-25709
-25581
-25053
-24287
-23280
-22041
-20661
-19136
-17270
-15115
-12839
-10497
-8284
-6201
-4161
-2165
-97
2024
4248
6434
8552
10576
12383
13997
15312
16313
16886
17103
16972
16513
15811
14920
13837
12554
11097
9568
7997
6429
4942
3602
2450
1476
724
174
-180
-322
-190
209
964
2022
3482
5251
7305
9469
11589
13579
15214
16467
17292
17660
17665
17304
16691
15900
15028
14140
13189
12241
11400
10702
10169
9820
9557
9327
9070
8784
8392
7886
7241
6514
5734
4879
3745
2406
854
-820
-2542
-4199
-5678
-7023
-8116
-8961
-9706
-10325
-10785
-11117
-11267
-11361
-11334
-11225
-11284
-11353
-11503
-11681
-11988
-12324
-12788
-13377
-14054
-14718
-15393
-16121
-16620
-16954
-17310
-17570
-17808
-17950
-17768
-17259
-16403
-15256
-13940
-12535
-11285
-10305
-9701
-9397
-9158
-8844
-8363
-7650
-6757
-5698
-4513
-3364
-2347
-1686
-1367
-1220
-1078
-851
-556
-174
342
1036
1819
2605
3340
3937
4397
4702
4833
4846
4765
4645
4504
4312
4180
4058
3982
3965
3957
3931
3904
3831
3717
3583
3490
3411
3369
3337
3406
3722
4345
5279
6516
7875
9194
10333
11094
11757
12422
13007
13587
14126
14666
15223
15693
15971
16015
15859
15637
15360
15108
14905
14777
14644
14424
14005
13390
12624
11667
10611
9405
8089
6657
5165
3628
2028
347
-1304
-2635
-3626
-4411
-4878
-5153
-5240
-5221
-5118
-5053
-4986
-5074
-5301
-5656
-6330
-7431
-8667
-10079
-11462
-12688
-13818
-14884
-15876
-16633
-17077
-17158
-17001
-16688
-16254
-15837
-15572
-15372
-15194
-15102
-15154
-15295
-15421
-15376
-15134
-14648
-13944
-12869
-11752
-10583
-9360
-8169
-6992
-5753
-4442
-2908
-1065
746
2506
4137
5527
6663
7304
7644
7690
7696
7686
7635
7612
7590
7571
7543
7477
7343
7170
6956
6722
6373
5993
5626
5256
4904
4569
4327
3991
3667
3288
2842
2284
1616
876
53
-813
-1649
-2385
-3017
-3423
-3625
-3568
-3169
-2424
-1159
540
2730
5211
7954
10740
13331
15608
17501
18904
19835
20236
20149
19661
18850
17721
16396
14906
13371
11847
10422
9096
7917
6913
6247
5895
5868
6006
6251
6537
6724
6736
6498
5968
5043
3769
2201
281
-1866
-4181
-6645
-9141
-11500
-13554
-15309
-16557
-17282
-17348
-16839
-15695
-13982
-12049
-10181
-8430
-7065
-6060
-5635
-5686
-6417
-7710
-9369
-11223
-13206
-15175
-17066
-18522
-19516
-20090
-20233
-19877
-19206
-18219
-17177
-16068
-14830
-13473
-11725
-9627
-7401
-5261
-3726
-3057
-3012
-3281
-3601
-3756
-3584
-2863
-1681
-90
1679
3464
5060
6301
7211
7750
8016
8032
7910
7697
7495
7347
7303
7306
7312
7254
7065
6803
6356
5807
5186
4543
3958
3427
2991
2689
2469
2345
2266
2324
2431
2630
2918
3275
3691
4150
4634
5137
5731
6453
7338
8437
9713
11122
12572
13974
15268
16398
17294
17925
18263
18225
18001
17645
17169
16626
16063
15452
14799
14163
13479
12742
11927
11020
9987
8927
7894
6904
5897
4646
3059
1098
-1246
-3690
-5997
-7987
-9643
-10870
-11698
-12112
-12177
-12023
-11713
-11334
-10924
-10440
-9845
-9163
-8608
-8269
-8168
-8309
-8752
-9485
-10398
-11330
-12275
-13135
-13880
-14541
-15148
-15603
-15732
-15525
-15181
-14770
-14437
-14282
-14315
-14567
-14982
-15374
-15564
-15253
-14283
-12797
-10873
-8827
-6909
-5218
-3870
-2808
-2061
-1488
-1022
-603
-72
608
1467
2538
3741
4989
6150
7128
7949
8547
8993
9265
9354
9336
9196
8948
8624
8214
7743
7226
6659
6032
5292
4499
3709
2923
2133
1401
740
178
-256
-394
-191
437
1401
2736
4250
5863
7364
8711
9885
10830
11661
12377
12943
13397
13747
13893
13888
13754
13562
13299
13083
12900
12714
12505
12236
11977
11666
11255
10866
10497
10124
9755
9384
8928
8383
7733
6970
6005
4743
3270
1678
109
-1518
-3175
-4739
-6194
-7617
-8970
-10185
-11285
-12222
-12977
-13650
-14134
-14397
-14380
-14025
-13365
-12474
-11631
-11057
-10722
-10769
-11166
-11947
-13106
-14470
-15869
-17277
-18821
-20386
-21702
-22718
-23248
-23322
-22982
-22338
-21338
-20013
-18383
-16576
-14769
-12926
-11131
-9505
-8098
-7169
-6494
-6155
-5989
-5870
-5770
-5448
-4902
-4084
-2929
-1513
254
2171
4203
6221
8087
9825
11335
12683
13801
14673
15277
15552
15588
15336
14818
14109
13161
12050
10873
9582
8313
7094
6016
5153
4513
4104
3955
4059
4391
4888
5532
6210
6953
7714
8492
9254
9921
10510
11086
11708
12377
13096
13825
14504
15102
15596
15934
16080
16062
15927
15682
15255
14598
13732
12635
11444
10227
9081
7992
7072
6272
5537
4857
4208
3540
2835
2085
1154
60
-1206
-2603
-4023
-5510
-6879
-8072
-9025
-9686
-10112
-10289
-10286
-10085
-9720
-9306
-8967
-8758
-8656
-8637
-8767
-8990
-9347
-9736
-10205
-10670
-11139
-11658
-12075
-12410
-12748
-13087
-13526
-14083
-14806
-15638
-16379
-16947
-17266
-17271
-16988
-16312
-15447
-14435
-13445
-12568
-11754
-11038
-10340
-9636
-8966
-8246
-7574
-6830
-5955
-4999
-3829
-2479
-959
740
2507
4299
6013
7540
8888
10006
10931
11635
12146
12421
12477
12258
11795
11150
10329
9390
8349
7311
6322
5367
4537
3774
3121
2555
2166
1887
1745
1774
1966
2353
2903
3573
4287
5064
5879
6794
7765
8828
10009
11242
12576
13907
15110
16105
16862
17435
17747
17850
17818
17638
17227
16609
15773
14775
13611
12393
11168
9994
8946
8034
7196
6379
5567
4637
3647
2542
1226
-282
-2001
-3788
-5601
-7361
-8944
-10162
-10987
-11461
-11586
-11310
-10813
-10136
-9510
-8907
-8424
-8205
-8262
-8446
-8751
-9124
-9437
-9541
-9370
-9132
-9120
-9497
-10265
-11451
-12945
-14441
-15833
-17097
-18109
-18918
-19442
-19441
-18993
-18073
-16788
-15294
-13587
-11871
-10238
-8728
-7439
-6392
-5566
-4986
-4469
-3921
-3155
-2190
-966
435
1935
3521
5099
6645
8046
9278
10194
10848
11205
11213
10976
10562
10149
9824
9648
9505
9305
8941
8413
7808
7035
6204
5381
4634
4043
3556
3129
2657
2124
1518
993
598
375
462
773
1398
2267
3510
4981
6584
8184
9720
11148
12519
13808
15002
16047
16944
17655
18191
18511
18593
18358
17855
17113
16170
15060
13835
12589
11352
10133
8959
7894
6977
6196
5534
4915
4278
3611
2808
1909
878
-300
-1666
-3183
-4741
-6335
-7957
-9636
-11242
-12492
-13319
-13701
-13784
-13544
-13095
-12627
-12178
-11785
-11429
-11214
-11252
-11556
-12119
-12759
-13597
-14505
-15493
-16523
-17351
-17838
-17982
-17440
-16349
-14750
-12982
-11277
-9982
-9256
-8989
-9153
-9677
-10391
-11151
-11726
-12000
-11977
-11651
-11176
-10508
-9695
-8695
-7450
-6082
-4605
-3065
-1413
303
1977
3577
5075
6444
7542
8423
9109
9635
10052
10294
10400
10287
9967
9421
8664
7742
6745
5721
4734
3889
3171
2542
2001
1545
1182
933
738
607
532
569
721
970
1389
1948
2604
3379
4244
5213
6249
7493
8917
10543
12380
14320
16225
17907
19313
20409
21094
21325
21049
20422
19450
18179
16675
15053
13410
11795
10257
8874
7693
6775
6018
5417
4845
4192
3371
2299
1128
-141
-1554
-3162
-4925
-6666
-8314
-9875
-11234
-12315
-13067
-13460
-13399
-12976
-12289
-11577
-10850
-10303
-9929
-9800
-9804
-10010
-10573
-11403
-12420
-13514
-14483
-15381
-16194
-16823
-17263
-17498
-17644
-17657
-17479
-17187
-16782
-16174
-15391
-14480
-13345
-12283
-11223
-10127
-9083
-8083
-7205
-6496
-5907
-5327
-4639
-3770
-2800
-1623
-286
1223
2890
4665
6446
8131
9602
10861
11813
12588
13140
13490
13580
13456
13096
12518
11775
10791
9660
8403
7086
5711
4362
3101
1938
945
88
-666
-1247
-1704
-1939
-1974
-1695
-1138
-259
883
2259
3796
5460
7225
8917
10582
12062
13311
14330
15049
15594
15929
16085
16088
15964
15796
15564
15254
14866
14420
13890
13284
12636
12002
11403
10860
10315
9778
9212
8555
7741
6760
5480
3772
1779
-363
-2484
-4445
-6164
-7579
-8675
-9414
-9988
-10430
-10619
-10675
-10554
-10318
-9925
-9416
-8911
-8432
-7931
-7404
-7054
-6935
-7096
-7495
-8128
-8973
-9792
-10411
-10885
-11215
-11374
-11583
-11771
-11971
-12329
-12663
-13103
-13482
-13683
-13662
-13417
-13126
-12724
-12217
-11635
-10942
-10272
-9701
-9230
-9137
-9192
-9453
-9776
-9928
-9902
-9567
-8887
-7807
-6389
-4749
-2921
-1053
778
2528
4120
5551
6792
7807
8566
9132
9440
9556
9443
9179
8712
8096
7358
6540
5711
4897
4112
3372
2726
2192
1750
1374
1090
854
706
636
748
1076
1650
2511
3861
5614
7755
10116
12589
14960
17107
18892
20237
21075
21517
21568
21374
20899
20263
19403
18407
17293
16063
14685
13242
11773
10359
9034
7875
6790
5707
4544
3269
1935
614
-555
-1457
-2191
-2830
-3330
-3725
-3960
-4053
-4018
-3910
-3725
-3579
-3461
-3448
-3498
-3681
-4165
-5084
-6533
-8502
-10645
-12132
-12585
-12293
-12055
-12220
-12789
-13557
-14027
-14003
-13290
-12343
-11466
-10703
-10288
-10251
-10764
-11538
-12559
-13488
-14176
-14705
-15141
-15412
-15514
-15181
-14480
-13509
-12320
-11171
-10264
-9512
-8943
-8504
-8036
-7493
-6758
-5979
-5040
-4115
-3267
-2340
-1273
-3
1512
3339
5459
7763
9972
11772
13105
13956
14417
14435
14067
13443
12640
11613
10370
9124
7883
6631
5286
3879
2539
1287
154
-889
-1846
-2713
-3450
-4028
-4336
-4304
-3874
-2801
-1307
719
3077
5724
8538
11349
14117
16700
18918
20673
21629
21992
21982
21734
21150
20362
19538
18532
17451
16222
14760
13124
11490
9999
8809
7965
7327
6681
6001
5343
4762
4298
3848
3308
2615
1790
834
-432
-2022
-3651
-5331
-7159
-9023
-10741
-12332
-13765
-14940
-15824
-16480
-16878
-16812
-16337
-15441
-14054
-12264
-10431
-8683
-7101
-5903
-5199
-5242
-5785
-6794
-8002
-9302
-10666
-12086
-13323
-14289
-14861
-15220
-15372
-15495
-15606
-15798
-15998
-16103
-15899
-15250
-14194
-12936
-11595
-10323
-9185
-8380
-7854
-7572
-7502
-7379
-6958
-6316
-5370
-4149
-2730
-1099
607
2372
4045
5572
6901
7996
8910
9674
10326
10946
11415
11816
12118
12370
12533
12494
12213
11649
11016
10054
8899
7517
6010
4463
2902
1394
-68
-1422
-2563
-3533
-4197
-4639
-4754
-4489
-3692
-2321
-207
2569
5902
9493
13062
16393
19358
21690
23539
24729
25242
25118
24509
23377
21866
20065
18017
15842
13551
11280
9154
7239
5695
4502
3677
3042
2601
2292
2057
1905
1746
1525
1119
534
-124
-877
-1617
-2240
-2781
-3229
-3654
-4188
-4929
-5657
-6263
-6793
-7525
-8397
-9444
-10564
-11639
-12433
-12846
-12867
-12726
-12412
-12029
-11679
-11403
-11295
-11501
-12049
-12798
-13732
-14689
-15732
-16737
-17647
-18461
-19024
-19239
-19021
-18250
-17113
-15679
-14194
-12658
-11155
-9719
-8340
-7048
-5953
-5009
-4284
-3638
-3040
-2429
-1775
-1085
-276
697
1944
3350
4799
6204
7489
8560
9421
10057
10482
10655
10611
10374
9918
9297
8634
7948
7289
6688
6197
5592
4849
3978
2972
1956
1007
293
-130
-166
236
989
1943
2978
3995
4884
5715
6486
7299
8086
8835
9577
10364
11159
11960
12702
13397
13960
14369
14668
14852
15001
14990
14819
14550
14149
13576
12842
12021
11076
10044
8898
7736
6550
5394
4330
3398
2590
1776
979
93
-894
-1874
-2850
-3738
-4498
-5136
-5626
-5989
-6274
-6529
-6707
-6835
-6984
-7173
-7380
-7581
-7711
-7806
-7887
-8034
-8306
-8552
-8879
-9288
-9658
-10078
-10506
-11006
-11655
-12364
